Data/DataNotYetUploadedToEDI/Raw_CTD/RawDownloads/070824_fcr40_S7809010.cnv
* Sea-Bird SBE19plus  Data File:
* FileName = C:\R\Reservoirs\Data\DataNotYetUploadedToEDI\Raw_CTD\RawDownloads\070824_fcr50_S7809_0010.hex
* Software version 2.8.0.119
* Temperature SN = 7809
* Conductivity SN = 7809
* System UpLoad Time = Jul 10 2024 15:59:36
* <ApplicationData>
* <Seaterm232>
# nquan = 15
# nvalues = 1486                        
# units = specified
# name 0 = depFM: Depth [fresh water, m]
# name 1 = dz/dtM: Descent Rate [m/s]
# name 2 = sbeox0Mg/L: Oxygen, SBE 43 [mg/l]
# name 3 = sbeox0PS: Oxygen, SBE 43 [% saturation]
# name 4 = specc: Specific Conductance [uS/cm]
# name 5 = c0uS/cm: Conductivity [uS/cm]
# name 6 = flECO-AFL: Fluorescence, WET Labs ECO-AFL/FL [mg/m^3]
# name 7 = ph: pH
# name 8 = orp: Oxidation Reduction Potential [mV]
# name 9 = par/sat/log: PAR/Logarithmic, Satlantic
# name 10 = turbWETntu0: Turbidity, WET Labs ECO [NTU]
# name 11 = prdM: Pressure, Strain Gauge [db]
# name 12 = prdE: Pressure, Strain Gauge [psi]
# name 13 = tv290C: Temperature [ITS-90, deg C]
# name 14 = flag:  0.000e+00
# span 0 =     -0.625,      5.995       
# span 1 =     -0.344,      0.161       
# span 2 =     0.0820,     9.4972       
# span 3 =      0.939,    120.064       
# span 4 =   -835.207,     60.025       
# span 5 =-804.978837,  51.750036       
# span 6 =    -0.1185,     3.8342       
# span 7 =      8.032,      9.334       
# span 8 =   -63.0663,   144.3417       
# span 9 = 1.2354e-01, 2.5237e+03       
# span 10 =    -0.3116,   408.8300      
# span 11 =     -0.614,      5.879      
# span 12 =     -0.889,      8.527      
# span 13 =    11.7992,    29.0430      
# span 14 = 0.0000e+00, 0.0000e+00      
# interval = seconds: 0.25
# start_time = Jul 08 2024 13:18:12 [Instrument's time stamp, header]
# bad_flag = -9.990e-29
*END*
[from data line 1350]
      1.073     -0.080     0.3046      4.111     45.583  43.571571     0.7117      8.033    26.7062 1.1088e+02     6.1570      1.047      1.518    22.3064 0.0000e+00
      1.068     -0.054     0.3023      4.364     45.418  43.588766     0.7129      8.033    26.7031 1.1205e+02     6.0831      1.046      1.517    22.6315 0.0000e+00
      1.070     -0.040     0.3078      4.609     45.406  43.586059     0.6994      8.035    26.4174 1.1254e+02     6.1063      1.049      1.522    22.6284 0.0000e+00
      1.070     -0.040     0.3304      4.846     45.532  43.538864     0.6898      8.038    26.0906 1.1385e+02     6.2333      1.052      1.525    22.5630 0.0000e+00
      1.065     -0.049     0.3564      5.026     45.718  43.525665     0.6966      8.041    26.1078 1.1738e+02     6.3210      1.048      1.520    22.7542 0.0000e+00
      1.048     -0.056     0.3732      5.090     45.872  43.553129     0.7154      8.041    26.5397 1.2444e+02     6.3128      1.033      1.499    23.0765 0.0000e+00
      1.019     -0.053     0.3947      4.999     45.895  43.553391     0.7251      8.038    27.3552 1.3308e+02     6.2021      1.001      1.452    23.0781 0.0000e+00
      0.989     -0.040     0.4187      4.794     45.795  43.528806     0.7143      8.034    27.8802 1.3822e+02     6.0757      0.964      1.399    22.8004 0.0000e+00
      0.974     -0.018     0.4381      4.569     45.655  43.509869     0.6936      8.032    27.7237 1.3729e+02     6.0482      0.948      1.374    22.5629 0.0000e+00
      0.979      0.008     0.4468      4.375     45.510  43.515012     0.6825      8.032    27.3557 1.3269e+02     6.1090      0.956      1.386    22.4351 0.0000e+00
      0.996      0.029     0.4379      4.229     45.325  43.527715     0.6960      8.034    26.8727 1.2742e+02     6.2644      0.976      1.416    22.3966 0.0000e+00
      1.017      0.037     0.4149      4.156     45.166  43.536793     0.7240      8.036    26.2727 1.2221e+02     6.4581      0.998      1.447    22.5104 0.0000e+00
      1.036      0.026     0.3933      4.195     45.131  43.561536     0.7383      8.037    25.8656 1.1773e+02     6.5371      1.018      1.476    22.6447 0.0000e+00
      1.047     -0.002     0.3757      4.339     45.165  43.573066     0.7268      8.041    25.6495 1.1470e+02     6.5375      1.030      1.494    22.7663 0.0000e+00
      1.048     -0.039     0.3606      4.534     45.185  43.549227     0.7179      8.046    25.5534 1.1419e+02     6.5315      1.033      1.498    23.0254 0.0000e+00
      1.033     -0.080     0.3511      4.735     45.183  43.527131     0.7144      8.051    25.8214 1.1796e+02     6.4981      1.020      1.479    23.2465 0.0000e+00
      1.002     -0.118     0.3542      4.895     45.118  43.496287     0.7012      8.055    26.4814 1.2594e+02     6.4416      0.985      1.430    23.2860 0.0000e+00
      0.960     -0.150     0.3694      4.999     44.952  43.430234     0.6910      8.055    26.6497 1.3732e+02     6.3605      0.943      1.367    23.2393 0.0000e+00
      0.911     -0.174     0.3870      5.107     44.717  43.363363     0.7169      8.053    25.7053 1.5198e+02     6.3720      0.895      1.298    23.1771 0.0000e+00
      0.860     -0.187     0.4064      5.352     44.465  43.322727     0.7813      8.052    24.8721 1.7047e+02     6.5115      0.843      1.222    23.1371 0.0000e+00
      0.810     -0.187     0.4207      5.907     44.290  43.320056     0.8204      8.051    25.2647 1.9413e+02     6.6126      0.795      1.151    23.1737 0.0000e+00
      0.760     -0.172     0.4269      6.908     44.239  43.331315     0.8225      8.048    25.9781 2.2528e+02     6.6040      0.747      1.084    23.2774 0.0000e+00
      0.707     -0.146     0.4304      8.281     44.261  43.331995     0.8153      8.044    26.0123 2.5958e+02     6.5780      0.692      1.003    23.4531 0.0000e+00
      0.662     -0.113     0.4438      9.719     44.302  43.328231     0.8334      8.043    25.6793 2.8480e+02     6.8115      0.640      0.928    23.7254 0.0000e+00
      0.637     -0.078     0.4829     10.909     44.286  43.285737     0.8917      8.043    25.4791 2.9514e+02     7.2747      0.618      0.897    23.9554 0.0000e+00
      0.632     -0.046     0.5681     11.699     44.183  43.199002     0.9287      8.044    25.2257 2.9518e+02     7.5664      0.617      0.896    24.0022 0.0000e+00
      0.635     -0.019     0.6963     12.122     43.958  43.041224     0.9313      8.046    24.1650 2.8911e+02     7.6057      0.622      0.903    23.9486 0.0000e+00
      0.640     -0.001     0.8280     12.324     43.641  42.837989     0.9318      8.049    22.2903 2.7698e+02     7.5442      0.627      0.910    23.8894 0.0000e+00
      0.643      0.006     0.9345     12.561     43.421  42.772954     0.9435      8.052    20.7990 2.6227e+02     7.5414      0.632      0.916    23.8455 0.0000e+00
      0.645      0.005     0.9980     13.214     43.321  42.826373     0.9646      8.056    20.1583 2.4805e+02     7.6056      0.633      0.918    23.8618 0.0000e+00
      0.645      0.000     1.0290     14.774     43.242  42.849391     0.9789      8.060    20.0499 2.3663e+02     7.6374      0.632      0.917    23.9366 0.0000e+00
      0.645     -0.005     1.0355     17.400     43.205  42.860997     1.0073      8.063    20.1764 2.3086e+02     7.7884      0.633      0.918    24.0512 0.0000e+00
      0.644     -0.008     1.0420     20.483     43.239  42.903294     1.0507      8.065    20.2263 2.2861e+02     8.0659      0.632      0.917    24.2442 0.0000e+00
      0.641     -0.008     1.0761     23.291     43.277  42.916518     1.0712      8.066    20.2228 2.2876e+02     8.2593      0.631      0.914    24.4560 0.0000e+00
      0.634     -0.003     1.1900     25.457     43.201  42.830422     1.0972      8.067    20.3057 2.3312e+02     8.4198      0.623      0.903    24.5590 0.0000e+00
      0.629      0.003     1.4357     26.778     43.051  42.750890     1.2562      8.067    20.5397 2.4051e+02     9.1513      0.614      0.890    24.6089 0.0000e+00
      0.629      0.008     1.7166     27.228     42.954  42.780140     1.5039      8.068    20.8153 2.4781e+02    10.3752      0.615      0.891    24.6244 0.0000e+00
      0.638      0.012     1.9574     27.118     42.960  42.866921     1.6118      8.071    20.7997 2.5352e+02    10.9883      0.624      0.905    24.5775 0.0000e+00
      0.648      0.015     2.1477     26.979     43.077  42.975151     1.6043      8.076    20.3507 2.5769e+02    11.0311      0.638      0.925    24.5216 0.0000e+00
      0.654      0.016     2.2560     27.052     43.256  43.073184     1.5546      8.080    19.4302 2.5989e+02    10.9601      0.645      0.935    24.6065 0.0000e+00
      0.654      0.014     2.2759     27.107     43.464  43.163496     1.4603      8.083    16.9832 2.5796e+02    10.7801      0.641      0.930    24.8249 0.0000e+00
      0.654      0.010     2.2414     26.815     43.664  43.241791     1.4041      8.087    13.1351 2.5193e+02    10.6649      0.639      0.927    24.9264 0.0000e+00
      0.656      0.006     2.2220     25.985     43.783  43.257999     1.3827      8.092    10.5879 2.4362e+02    10.5584      0.642      0.933    24.9046 0.0000e+00
      0.660      0.004     2.2443     24.568     43.825  43.232379     1.3511      8.096    10.1903 2.3530e+02    10.1413      0.648      0.941    24.7982 0.0000e+00
      0.662      0.003     2.2655     22.625     43.800  43.185812     1.3131      8.099    10.3055 2.3006e+02     9.4477      0.651      0.944    24.6475 0.0000e+00
      0.662      0.002     2.2519     20.328     43.663  43.075760     1.2891      8.100    10.0022 2.2765e+02     9.0382      0.650      0.943    24.5055 0.0000e+00
      0.661     -0.003     2.1899     18.069     43.440  42.917337     1.2700      8.099     8.2448 2.2680e+02     8.9462      0.648      0.940    24.3777 0.0000e+00
      0.659     -0.014     2.0713     16.352     43.174  42.730278     1.2488      8.098     5.0599 2.2769e+02     8.8826      0.646      0.937    24.3030 0.0000e+00
      0.658     -0.034     1.9072     15.559     42.890  42.527872     1.2654      8.098     2.9845 2.3002e+02     9.1917      0.644      0.935    24.2722 0.0000e+00
      0.658     -0.059     1.7012     15.874     42.723  42.437773     1.3126      8.095     0.6169 2.3481e+02     9.8479      0.646      0.938    24.3039 0.0000e+00
      0.651     -0.080     1.4926     17.368     42.703  42.466134     1.3363      8.089    -4.2074 2.4636e+02    10.1900      0.646      0.938    24.3895 0.0000e+00
      0.621     -0.089     1.3362     20.056     42.768  42.553504     1.3276      8.082    -6.9924 2.7170e+02    10.1855      0.620      0.899    24.4807 0.0000e+00
      0.571     -0.083     1.2625     23.612     42.948  42.732548     1.3240      8.075    -5.1785 3.0095e+02    10.2036      0.558      0.809    24.5681 0.0000e+00
      0.525     -0.063     1.2870     27.376     43.177  42.917228     1.3505      8.070    -2.3231 3.1693e+02    10.3409      0.503      0.730    24.6766 0.0000e+00
      0.507     -0.033     1.4042     30.651     43.340  43.009201     1.3827      8.066    -0.9474 3.2203e+02    10.4105      0.488      0.707    24.7294 0.0000e+00
      0.517      0.002     1.6366     32.755     43.408  43.019350     1.3963      8.066    -2.5692 3.1899e+02    10.3611      0.502      0.727    24.7422 0.0000e+00
      0.542      0.028     1.9545     33.142     43.328  42.912901     1.3651      8.068    -7.9935 3.1007e+02    10.1538      0.531      0.770    24.7705 0.0000e+00
      0.567      0.030     2.2876     31.807     43.131  42.737645     1.2969      8.071   -14.0490 3.0012e+02     9.8163      0.560      0.812    24.7062 0.0000e+00
      0.584      0.003     2.5851     29.360     42.880  42.550626     1.2628      8.075   -17.7950 2.8805e+02     9.6969      0.576      0.835    24.5997 0.0000e+00
      0.591     -0.046     2.7831     26.660     42.547  42.301986     1.2774      8.079   -19.8171 2.7536e+02     9.7357      0.585      0.848    24.5383 0.0000e+00
      0.580     -0.100     2.8197     24.656     42.207  42.079866     1.3729      8.085   -22.4949 2.6357e+02    10.1818      0.580      0.841    24.4928 0.0000e+00
      0.541     -0.144     2.6836     24.141     41.930  41.959654     1.5279      8.091   -28.3179 2.5273e+02    11.0944      0.540      0.783    24.5143 0.0000e+00
      0.477     -0.168     2.4519     25.641     41.757  41.927725     1.6023      8.098   -35.5867 2.5107e+02    11.6491      0.471      0.682    24.6119 0.0000e+00
      0.404     -0.169     2.1945     29.520     41.691  41.947907     1.6154      8.105   -39.6581 2.7270e+02    11.8335      0.391      0.567    24.6909 0.0000e+00
      0.345     -0.150     1.9969     35.435     41.648  41.949924     1.6865      8.113   -40.7199 3.2541e+02    12.2995      0.328      0.475    24.8156 0.0000e+00
      0.313     -0.115     1.9386     42.298     41.620  41.952174     1.7963      8.118   -41.4554 4.2816e+02    13.0136      0.300      0.435    25.0420 0.0000e+00
      0.302     -0.075     2.0346     48.838     41.613  41.975152     1.8448      8.121   -41.1519 5.4563e+02    13.3616      0.294      0.427    25.2272 0.0000e+00
      0.299     -0.041     2.3602     54.103     41.577  41.973919     1.8315      8.125   -40.3202 5.9705e+02    13.3653      0.294      0.426    25.3196 0.0000e+00
      0.299     -0.019     2.8825     57.915     41.499  41.937323     1.8346      8.131   -41.6375 5.8990e+02    13.4682      0.293      0.425    25.3611 0.0000e+00
      0.298     -0.009     3.4779     60.503     41.438  41.913545     1.9736      8.138   -43.7431 5.4544e+02    14.3667      0.293      0.424    25.3914 0.0000e+00
      0.296     -0.004     4.0493     62.226     41.442  41.940354     2.2227      8.143   -44.8701 4.5270e+02    15.9966      0.291      0.422    25.4299 0.0000e+00
      0.293      0.001     4.4736     63.381     41.492  42.007624     2.3576      8.146   -45.6285 3.5004e+02    16.9154      0.286      0.415    25.4631 0.0000e+00
      0.291      0.006     4.7745     63.946     41.544  42.092249     2.3722      8.151   -45.9435 2.9144e+02    17.0040      0.284      0.412    25.5230 0.0000e+00
      0.293      0.011     4.9724     64.098     41.531  42.138491     2.4416      8.156   -47.2162 2.7893e+02    17.3756      0.287      0.415    25.5779 0.0000e+00
      0.299      0.015     5.0946     64.348     41.449  42.122542     2.5642      8.163   -49.9184 2.8806e+02    18.0942      0.293      0.425    25.5951 0.0000e+00
      0.307      0.015     5.1991     65.180     41.372  42.089930     2.6142      8.171   -51.5128 3.0683e+02    18.4510      0.301      0.437    25.6108 0.0000e+00
      0.314      0.004     5.2364     66.763     41.327  42.061595     2.5969      8.179   -51.4368 3.2848e+02    18.4785      0.308      0.447    25.6369 0.0000e+00
      0.319     -0.019     5.2223     68.735     41.304  42.033852     2.5547      8.184   -51.2372 3.4259e+02    18.6312      0.313      0.453    25.7202 0.0000e+00
      0.321     -0.045     5.2197     70.551     41.297  42.008351     2.4956      8.182   -51.3354 3.3675e+02    18.8967      0.317      0.459    25.8204 0.0000e+00
      0.312     -0.065     5.2735     71.921     41.320  42.007104     2.4642      8.176   -50.5590 3.1838e+02    18.9907      0.316      0.459    25.8714 0.0000e+00
      0.279     -0.073     5.4137     72.645     41.347  42.018741     2.4413      8.168   -49.0777 3.3833e+02    18.9480      0.281      0.409    25.8934 0.0000e+00
      0.232     -0.069     5.5965     72.555     41.354  42.022093     2.3102      8.159   -47.3636 4.5004e+02    19.0626      0.219      0.317    25.8827 0.0000e+00
      0.201     -0.054     5.7500     71.722     41.385  42.047636     2.0859      8.149   -37.3195 6.0707e+02    19.2838      0.187      0.272    25.8580 0.0000e+00
      0.196     -0.030     5.8713     70.467     41.413  42.073688     1.9692      8.143   -27.9573 7.2177e+02    19.4361      0.189      0.274    25.8223 0.0000e+00
      0.205     -0.005     5.9401     69.090     41.399  42.083204     1.9806      8.143   -36.6384 7.8112e+02    19.5722      0.199      0.289    25.7942 0.0000e+00
      0.219      0.006     5.9296     67.790     41.441  42.162724     2.0731      8.148   -47.7254 7.7636e+02    20.1099      0.215      0.312    25.8092 0.0000e+00
      0.232     -0.002     5.8516     66.982     41.571  42.337066     2.2227      8.153   -50.5876 6.6097e+02    20.9842      0.228      0.332    25.7960 0.0000e+00
      0.240     -0.028     5.7409     67.038     41.645  42.477552     2.2998      8.154   -52.7465 5.0139e+02    21.4663      0.241      0.348    25.7708 0.0000e+00
      0.232     -0.068     5.6250     67.916     41.675  42.592043     2.3058      8.156   -55.5885 5.1130e+02    21.5673      0.237      0.344    25.8165 0.0000e+00
      0.204     -0.122     5.4989     69.551     41.829  42.832921     2.2958      8.163   -58.1906 6.9501e+02    21.5902      0.202      0.293    25.8697 0.0000e+00
      0.168     -0.180     5.4140     72.084     42.004  43.105171     2.1456      8.175   -60.1179 8.7739e+02    21.6399      0.163      0.236    25.8971 0.0000e+00
      0.125     -0.232     5.4176     75.447     42.072  43.281626     1.8706      8.187   -60.9960 1.1484e+03    21.8270      0.133      0.194    25.9839 0.0000e+00
      0.056     -0.275     5.4814     79.283     42.186  43.506728     1.7268      8.199   -61.3221 1.6543e+03    21.9740      0.069      0.101    26.1013 0.0000e+00
     -0.041     -0.310     5.5953     83.320     42.400  43.859376     1.7221      8.212   -61.4792 2.1412e+03    21.9819     -0.042     -0.061    26.1874 0.0000e+00
     -0.137     -0.334     5.7904     87.354     42.648  44.308512     1.6055      8.228   -60.8301 2.2792e+03    21.4793     -0.143     -0.208    26.2930 0.0000e+00
