Data/DataNotYetUploadedToEDI/Raw_CTD/RawDownloads/070824_fcr40_S7809010.cnv
* Sea-Bird SBE19plus  Data File:
* FileName = C:\R\Reservoirs\Data\DataNotYetUploadedToEDI\Raw_CTD\RawDownloads\070824_fcr50_S7809_0010.hex
* Software version 2.8.0.119
* Temperature SN = 7809
* Conductivity SN = 7809
* System UpLoad Time = Jul 10 2024 15:59:36
* <ApplicationData>
* <Seaterm232>
# nquan = 15
# nvalues = 1486                        
# units = specified
# name 0 = depFM: Depth [fresh water, m]
# name 1 = dz/dtM: Descent Rate [m/s]
# name 2 = sbeox0Mg/L: Oxygen, SBE 43 [mg/l]
# name 3 = sbeox0PS: Oxygen, SBE 43 [% saturation]
# name 4 = specc: Specific Conductance [uS/cm]
# name 5 = c0uS/cm: Conductivity [uS/cm]
# name 6 = flECO-AFL: Fluorescence, WET Labs ECO-AFL/FL [mg/m^3]
# name 7 = ph: pH
# name 8 = orp: Oxidation Reduction Potential [mV]
# name 9 = par/sat/log: PAR/Logarithmic, Satlantic
# name 10 = turbWETntu0: Turbidity, WET Labs ECO [NTU]
# name 11 = prdM: Pressure, Strain Gauge [db]
# name 12 = prdE: Pressure, Strain Gauge [psi]
# name 13 = tv290C: Temperature [ITS-90, deg C]
# name 14 = flag:  0.000e+00
# span 0 =     -0.625,      5.995       
# span 1 =     -0.344,      0.161       
# span 2 =     0.0820,     9.4972       
# span 3 =      0.939,    120.064       
# span 4 =   -835.207,     60.025       
# span 5 =-804.978837,  51.750036       
# span 6 =    -0.1185,     3.8342       
# span 7 =      8.032,      9.334       
# span 8 =   -63.0663,   144.3417       
# span 9 = 1.2354e-01, 2.5237e+03       
# span 10 =    -0.3116,   408.8300      
# span 11 =     -0.614,      5.879      
# span 12 =     -0.889,      8.527      
# span 13 =    11.7992,    29.0430      
# span 14 = 0.0000e+00, 0.0000e+00      
# interval = seconds: 0.25
# start_time = Jul 08 2024 13:18:12 [Instrument's time stamp, header]
# bad_flag = -9.990e-29
*END*
[from data line 1157]
      3.550     -0.044     5.6373     54.651     54.156  40.892559     0.5326      8.305   142.5685 1.0972e+01    23.1774      3.478      5.044    12.3014 0.0000e+00
      3.558     -0.010     5.5829     55.629     53.853  40.816178     0.5305      8.305   142.5266 1.0855e+01    23.0842      3.489      5.061    12.3035 0.0000e+00
      3.568      0.012     5.6067     55.815     53.806  40.826612     0.5360      8.306   142.3668 1.0729e+01    22.6290      3.500      5.076    12.3437 0.0000e+00
      3.576      0.020     5.6822     54.759     53.874  40.891817     0.5655      8.307   142.0998 1.0645e+01    21.8752      3.508      5.088    12.5103 0.0000e+00
      3.581      0.019     5.7901     52.378     53.939  40.969900     0.5878      8.307   141.8796 1.0608e+01    21.4506      3.513      5.094    12.7922 0.0000e+00
      3.584      0.015     5.8995     49.075     53.934  41.009127     0.5813      8.308   141.7696 1.0600e+01    21.3560      3.515      5.098    12.9373 0.0000e+00
      3.586      0.011     5.9363     45.485     53.856  40.985357     0.5871      8.309   141.7151 1.0565e+01    20.7312      3.516      5.099    12.9391 0.0000e+00
      3.587      0.007     5.8298     42.016     53.775  40.936414     0.6165      8.309   141.6510 1.0488e+01    19.6009      3.517      5.101    12.9416 0.0000e+00
      3.588     -0.003     5.5594     38.898     53.764  40.925111     0.6374      8.309   141.5967 1.0395e+01    19.0644      3.518      5.102    12.9681 0.0000e+00
      3.591     -0.019     5.1737     36.349     54.004  41.102564     0.6483      8.310   141.4893 1.0307e+01    19.0608      3.522      5.108    13.0182 0.0000e+00
      3.593     -0.040     4.7800     34.566     54.319  41.368320     0.6400      8.309   141.3848 1.0285e+01    18.7380      3.526      5.114    13.0583 0.0000e+00
      3.587     -0.057     4.4085     33.666     54.197  41.345756     0.6031      8.306   141.3658 1.0499e+01    18.0644      3.524      5.110    13.0638 0.0000e+00
      3.563     -0.066     4.0705     33.489     53.954  41.210646     0.5683      8.302   141.3453 1.1036e+01    17.6459      3.502      5.079    13.0601 0.0000e+00
      3.525     -0.068     3.7989     33.652     54.110  41.321503     0.5691      8.300   141.3090 1.1573e+01    17.6410      3.454      5.011    13.0422 0.0000e+00
      3.492     -0.068     3.6015     33.881     54.483  41.607128     0.5958      8.298   141.1849 1.1778e+01    17.7658      3.416      4.954    13.0496 0.0000e+00
      3.481     -0.073     3.5064     34.144     54.725  41.871459     0.6080      8.297   140.8774 1.1706e+01    18.6078      3.409      4.944    13.1493 0.0000e+00
      3.485     -0.087     3.4998     34.489     54.532  41.851864     0.5921      8.297   140.4303 1.1612e+01    20.1367      3.419      4.957    13.2217 0.0000e+00
      3.484     -0.111     3.5320     34.834     54.122  41.624252     0.5691      8.297   139.9953 1.1818e+01    20.9475      3.427      4.969    13.1755 0.0000e+00
      3.459     -0.145     3.5573     34.949     54.011  41.531396     0.5722      8.297   139.5755 1.2405e+01    20.9302      3.403      4.935    13.1450 0.0000e+00
      3.405     -0.183     3.5740     34.614     54.112  41.554241     0.6042      8.297   139.2268 1.3175e+01    19.7909      3.344      4.850    13.2313 0.0000e+00
      3.336     -0.210     3.6008     33.859     54.122  41.519590     0.6398      8.296   139.0480 1.3977e+01    17.6257      3.273      4.747    13.3877 0.0000e+00
      3.264     -0.210     3.6377     32.998     53.960  41.366264     0.6534      8.293   138.7042 1.4718e+01    16.4079      3.199      4.639    13.4946 0.0000e+00
      3.195     -0.185     3.6633     32.357     53.759  41.160153     0.6440      8.289   137.9951 1.5359e+01    16.2024      3.131      4.541    13.4591 0.0000e+00
      3.140     -0.142     3.6343     32.041     53.738  41.058456     0.6429      8.285   137.0132 1.5799e+01    16.0967      3.070      4.451    13.3810 0.0000e+00
      3.110     -0.094     3.5436     32.031     54.052  41.215505     0.6487      8.282   135.7812 1.5877e+01    16.0526      3.036      4.405    13.3485 0.0000e+00
      3.109     -0.050     3.4393     32.353     54.495  41.535666     0.6471      8.279   134.4553 1.5722e+01    16.0446      3.047      4.420    13.3354 0.0000e+00
      3.118     -0.017     3.3738     33.074     54.614  41.692552     0.6477      8.277   133.2000 1.5610e+01    16.0002      3.061      4.439    13.2954 0.0000e+00
      3.124      0.003     3.3503     34.156     54.519  41.716162     0.6565      8.276   131.9605 1.5568e+01    15.5839      3.065      4.445    13.1997 0.0000e+00
      3.127      0.009     3.3558     35.351     54.561  41.821259     0.6786      8.274   130.5676 1.5500e+01    14.8719      3.068      4.449    13.0995 0.0000e+00
      3.128      0.007     3.3875     36.303     54.653  41.947826     0.7063      8.272   129.0063 1.5431e+01    14.4277      3.068      4.450    13.0701 0.0000e+00
      3.127      0.004     3.4567     36.755     54.689  42.040600     0.7177      8.271   127.4520 1.5390e+01    14.3467      3.066      4.448    13.1570 0.0000e+00
      3.126      0.003     3.5716     36.661     54.770  42.181405     0.6994      8.268   125.9705 1.5304e+01    14.2342      3.065      4.446    13.2720 0.0000e+00
      3.127      0.004     3.7070     36.108     55.007  42.444415     0.6846      8.265   124.5165 1.5156e+01    13.9552      3.065      4.446    13.3270 0.0000e+00
      3.129      0.006     3.8138     35.172     55.448  42.872258     0.6975      8.265   123.1217 1.5013e+01    13.8087      3.068      4.450    13.3673 0.0000e+00
      3.132      0.010     3.8566     33.949     55.824  43.292230     0.7057      8.263   121.9266 1.4894e+01    13.7955      3.072      4.455    13.4279 0.0000e+00
      3.133      0.015     3.8345     32.564     55.889  43.523546     0.7004      8.261   120.9074 1.4764e+01    13.6933      3.073      4.457    13.5050 0.0000e+00
      3.135      0.019     3.7696     31.054     55.789  43.638099     0.6990      8.259   119.8324 1.4602e+01    13.1872      3.073      4.457    13.5799 0.0000e+00
      3.140      0.019     3.6640     29.318     55.595  43.661899     0.7061      8.259   118.6511 1.4372e+01    12.3897      3.077      4.463    13.6415 0.0000e+00
      3.150      0.014     3.5219     27.216     55.198  43.494132     0.7194      8.258   117.3788 1.4094e+01    12.0103      3.088      4.480    13.7487 0.0000e+00
      3.160     -0.001     3.3641     24.754     54.830  43.260162     0.7347      8.257   116.1514 1.3891e+01    12.0160      3.101      4.498    13.9335 0.0000e+00
      3.165     -0.023     3.1985     22.077     54.803  43.181632     0.7422      8.254   115.3395 1.3824e+01    11.6393      3.106      4.504    14.1173 0.0000e+00
      3.161     -0.043     3.0189     19.455     54.764  43.052374     0.7347      8.251   114.9611 1.3927e+01    10.8375      3.105      4.503    14.2650 0.0000e+00
      3.143     -0.054     2.7918     17.241     54.621  42.839724     0.7193      8.248   114.5873 1.4307e+01    10.3828      3.091      4.484    14.4257 0.0000e+00
      3.108     -0.053     2.5315     15.716     54.827  42.895435     0.7220      8.243   114.0040 1.4833e+01    10.3434      3.048      4.421    14.4975 0.0000e+00
      3.074     -0.042     2.2550     15.091     55.323  43.218059     0.7338      8.239   113.3289 1.5093e+01    10.1904      3.002      4.355    14.3989 0.0000e+00
      3.063     -0.022     1.9752     15.465     55.644  43.503270     0.7377      8.237   112.6201 1.4984e+01     9.8650      2.997      4.347    14.2983 0.0000e+00
      3.073      0.003     1.7435     16.691     55.638  43.614534     0.7440      8.235   111.8868 1.4743e+01     9.6548      3.014      4.370    14.2220 0.0000e+00
      3.089      0.024     1.5831     18.363     55.486  43.611357     0.7350      8.234   111.0875 1.4502e+01     9.6300      3.029      4.393    14.1052 0.0000e+00
      3.105      0.037     1.5163     19.954     55.281  43.528470     0.7285      8.232   110.2693 1.4347e+01     9.9061      3.047      4.419    14.0177 0.0000e+00
      3.117      0.038     1.5589     21.030     55.019  43.374146     0.7405      8.231   109.5651 1.4321e+01    10.3962      3.060      4.438    14.0539 0.0000e+00
      3.123      0.034     1.6953     21.390     54.772  43.205427     0.7472      8.231   108.8542 1.4358e+01    10.6032      3.064      4.444    14.1985 0.0000e+00
      3.128      0.025     1.8832     21.085     54.707  43.138878     0.7425      8.232   108.0410 1.4363e+01    10.5648      3.066      4.448    14.3136 0.0000e+00
      3.133      0.008     2.0598     20.329     54.858  43.204236     0.7339      8.232   107.2181 1.4286e+01    10.5469      3.072      4.455    14.3719 0.0000e+00
      3.141     -0.018     2.1746     19.408     55.133  43.360866     0.7341      8.231   106.4751 1.4176e+01    10.5229      3.080      4.467    14.4201 0.0000e+00
      3.147     -0.053     2.2075     18.653     55.434  43.572675     0.7374      8.230   105.7687 1.4179e+01    10.4457      3.090      4.482    14.4534 0.0000e+00
      3.138     -0.094     2.1678     18.308     55.612  43.733962     0.7399      8.228   105.0436 1.4424e+01    10.3643      3.087      4.477    14.4391 0.0000e+00
      3.107     -0.132     2.0845     18.403     55.868  43.978015     0.7403      8.225   104.3329 1.4912e+01    10.3250      3.053      4.429    14.3780 0.0000e+00
      3.054     -0.155     1.9798     18.830     56.443  44.492284     0.7508      8.221   103.6296 1.5607e+01     9.9020      3.000      4.350    14.3079 0.0000e+00
      2.989     -0.158     1.8929     19.416     56.838  44.937236     0.7834      8.217   102.8214 1.6397e+01     9.0756      2.931      4.252    14.2776 0.0000e+00
      2.928     -0.140     1.8576     20.003     56.719  45.041501     0.8096      8.212   101.7024 1.7002e+01     8.6334      2.863      4.153    14.3117 0.0000e+00
      2.888     -0.106     1.8690     20.464     56.525  45.054931     0.8171      8.209   100.2522 1.7242e+01     8.6211      2.820      4.091    14.3594 0.0000e+00
      2.876     -0.065     1.9186     20.598     56.450  45.099809     0.8091      8.207    98.5363 1.7239e+01     8.7213      2.814      4.083    14.3806 0.0000e+00
      2.879     -0.027     1.9804     20.255     56.331  45.076399     0.7951      8.205    96.6153 1.7163e+01     8.9228      2.823      4.094    14.4929 0.0000e+00
      2.888     -0.001     2.0316     19.522     56.217  45.025879     0.7977      8.205    94.7499 1.7115e+01     9.0767      2.832      4.108    14.7244 0.0000e+00
      2.896      0.011     2.0801     18.552     56.168  44.996871     0.8073      8.205    93.1037 1.7139e+01     9.0788      2.842      4.122    14.8767 0.0000e+00
      2.900      0.013     2.0996     17.487     56.152  44.979606     0.8197      8.205    91.5959 1.7211e+01     8.9823      2.845      4.127    14.9459 0.0000e+00
      2.901      0.009     2.0546     16.499     56.118  44.944079     0.8389      8.206    90.2856 1.7300e+01     8.9000      2.845      4.126    15.0195 0.0000e+00
      2.900      0.005     1.9736     15.680     56.063  44.884696     0.8481      8.206    89.2204 1.7370e+01     8.9045      2.844      4.124    15.0540 0.0000e+00
      2.900      0.004     1.8732     15.063     56.107  44.896394     0.8568      8.206    88.3524 1.7426e+01     8.9343      2.843      4.124    15.0550 0.0000e+00
      2.901      0.004     1.7567     14.693     56.212  44.958530     0.8690      8.206    87.5349 1.7480e+01     8.7818      2.845      4.126    15.0489 0.0000e+00
      2.902      0.000     1.6556     14.558     56.277  45.001152     0.8620      8.206    86.5634 1.7536e+01     8.4273      2.846      4.128    15.0408 0.0000e+00
      2.903     -0.013     1.5737     14.598     56.392  45.094322     0.8467      8.205    85.4679 1.7558e+01     8.2007      2.847      4.129    15.0331 0.0000e+00
      2.906     -0.038     1.5089     14.723     56.492  45.196312     0.8507      8.203    84.3549 1.7526e+01     8.1943      2.851      4.134    15.0048 0.0000e+00
      2.906     -0.075     1.4736     14.863     56.469  45.218655     0.8683      8.202    83.4317 1.7620e+01     8.0082      2.857      4.144    14.9813 0.0000e+00
      2.891     -0.118     1.4621     14.993     56.446  45.237564     0.8765      8.200    82.7375 1.8028e+01     7.5896      2.845      4.126    14.9781 0.0000e+00
      2.853     -0.155     1.4698     15.092     56.569  45.361507     0.8670      8.195    82.0702 1.8735e+01     7.3690      2.804      4.067    14.9699 0.0000e+00
      2.795     -0.174     1.4853     15.130     56.795  45.574603     0.8530      8.185    81.3862 1.9661e+01     7.3563      2.745      3.982    14.9911 0.0000e+00
      2.724     -0.172     1.4972     15.108     57.055  45.846209     0.8408      8.175    80.5764 2.0695e+01     7.7435      2.672      3.875    15.0379 0.0000e+00
      2.656     -0.150     1.5102     15.041     57.326  46.169728     0.8275      8.166    79.5919 2.1483e+01     8.5665      2.593      3.761    15.0740 0.0000e+00
      2.615     -0.112     1.5211     14.939     57.394  46.375697     0.8178      8.159    78.6894 2.1706e+01     9.0410      2.550      3.698    15.0902 0.0000e+00
      2.607     -0.068     1.5242     14.790     57.260  46.432238     0.8068      8.154    77.8378 2.1573e+01     9.0392      2.554      3.704    15.1066 0.0000e+00
      2.614     -0.028     1.5192     14.569     57.154  46.472654     0.7938      8.152    76.8663 2.1444e+01     8.9893      2.564      3.719    15.1620 0.0000e+00
      2.620      0.002     1.5096     14.265     57.158  46.547102     0.7942      8.151    75.8917 2.1371e+01     9.2918      2.569      3.726    15.2482 0.0000e+00
      2.624      0.017     1.4948     13.888     57.324  46.761097     0.8104      8.150    74.9154 2.1285e+01     9.8951      2.573      3.732    15.3915 0.0000e+00
      2.628      0.021     1.4764     13.465     57.412  47.028598     0.8239      8.149    73.8383 2.1188e+01    10.2037      2.576      3.737    15.5568 0.0000e+00
      2.634      0.021     1.4507     13.038     57.084  47.051789     0.8164      8.148    72.7638 2.1068e+01    10.1876      2.583      3.747    15.6718 0.0000e+00
      2.640      0.017     1.4187     12.617     56.538  46.787938     0.8116      8.147    71.8181 2.0903e+01    10.0771      2.589      3.755    15.7223 0.0000e+00
      2.646      0.003     1.3803     12.153     56.257  46.505030     0.8406      8.147    71.0072 2.0703e+01     9.9603      2.595      3.763    15.7358 0.0000e+00
      2.652     -0.024     1.3312     11.567     56.400  46.424442     0.8674      8.149    70.2731 2.0495e+01     9.9367      2.602      3.774    15.9011 0.0000e+00
      2.655     -0.064     1.2797     10.918     56.658  46.448154     0.8693      8.150    69.4802 2.0408e+01     9.9276      2.608      3.782    16.2520 0.0000e+00
      2.645     -0.109     1.2330     10.387     56.825  46.474069     0.8637      8.151    68.5617 2.0670e+01     9.5773      2.603      3.776    16.4705 0.0000e+00
      2.610     -0.148     1.1956     10.062     56.970  46.547200     0.8489      8.151    67.6863 2.1410e+01     8.9127      2.569      3.726    16.3769 0.0000e+00
      2.550     -0.172     1.1426      9.967     57.068  46.633989     0.8485      8.150    66.8979 2.2461e+01     8.5527      2.504      3.632    16.1396 0.0000e+00
      2.477     -0.175     1.0718     10.072     57.143  46.761615     0.8670      8.148    65.9977 2.3578e+01     8.5381      2.428      3.520    15.9557 0.0000e+00
      2.412     -0.157     1.0213     10.272     57.217  46.947666     0.8735      8.145    65.0621 2.4415e+01     8.4962      2.356      3.416    15.8706 0.0000e+00
      2.371     -0.122     0.9882     10.483     57.120  47.042587     0.8682      8.142    64.2750 2.4718e+01     8.3537      2.313      3.355    15.8342 0.0000e+00
