Data/DataNotYetUploadedToEDI/Raw_CTD/RawDownloads/070824_fcr30_S7809009.cnv
* Sea-Bird SBE19plus  Data File:
* FileName = C:\R\Reservoirs\Data\DataNotYetUploadedToEDI\Raw_CTD\RawDownloads\070824_fcr50_S7809_0009.hex
* Software version 2.8.0.119
* Temperature SN = 7809
* Conductivity SN = 7809
* System UpLoad Time = Jul 10 2024 15:58:56
* <ApplicationData>
* <Seaterm232>
# nquan = 15
# nvalues = 1847                        
# units = specified
# name 0 = depFM: Depth [fresh water, m]
# name 1 = dz/dtM: Descent Rate [m/s]
# name 2 = sbeox0Mg/L: Oxygen, SBE 43 [mg/l]
# name 3 = sbeox0PS: Oxygen, SBE 43 [% saturation]
# name 4 = specc: Specific Conductance [uS/cm]
# name 5 = c0uS/cm: Conductivity [uS/cm]
# name 6 = flECO-AFL: Fluorescence, WET Labs ECO-AFL/FL [mg/m^3]
# name 7 = ph: pH
# name 8 = orp: Oxidation Reduction Potential [mV]
# name 9 = par/sat/log: PAR/Logarithmic, Satlantic
# name 10 = turbWETntu0: Turbidity, WET Labs ECO [NTU]
# name 11 = prdM: Pressure, Strain Gauge [db]
# name 12 = prdE: Pressure, Strain Gauge [psi]
# name 13 = tv290C: Temperature [ITS-90, deg C]
# name 14 = flag:  0.000e+00
# span 0 =     -0.635,      5.371       
# span 1 =     -0.352,      0.209       
# span 2 =     0.0763,     9.4730       
# span 3 =      0.877,    119.935       
# span 4 =   -103.522,     66.202       
# span 5 =-105.871534,  52.560617       
# span 6 =    -1.3275,     6.6571       
# span 7 =      8.019,      9.939       
# span 8 =  -101.4844,   120.4191       
# span 9 = 1.4576e-01, 1.1941e+03       
# span 10 =    -3.0469,   375.8014      
# span 11 =     -0.624,      5.267      
# span 12 =     -0.905,      7.639      
# span 13 =    11.8319,    29.0984      
# span 14 = 0.0000e+00, 0.0000e+00      
# interval = seconds: 0.25
# start_time = Jul 08 2024 13:07:16 [Instrument's time stamp, header]
# bad_flag = -9.990e-29
*END*
[from data line 1350]
      5.363      0.002     7.9821     72.646     53.486  39.443561     5.2910      8.424    57.4932 1.5177e-01   360.9231      5.259      7.628    11.8547 0.0000e+00
      5.363      0.002     7.9625     72.200     53.504  39.468613     4.8892      8.423    57.9220 1.4944e-01   364.6342      5.259      7.628    11.8508 0.0000e+00
      5.364      0.002     7.9369     71.732     53.550  39.513924     4.1517      8.422    58.3775 1.5000e-01   371.4811      5.260      7.629    11.8512 0.0000e+00
      5.364      0.002     7.9014     71.255     53.670  39.610643     3.7483      8.422    58.7839 1.6082e-01   375.2185      5.261      7.630    11.8581 0.0000e+00
      5.364      0.002     7.8516     70.776     53.855  39.749557     3.6988      8.422    59.1359 1.8092e-01   375.5611      5.261      7.630    11.8690 0.0000e+00
      5.365      0.002     7.8019     70.301     54.007  39.860782     3.4961      8.421    59.4500 1.8535e-01   375.6913      5.261      7.631    11.8816 0.0000e+00
      5.366      0.002     7.7487     69.862     54.120  39.940017     3.0950      8.420    59.8288 1.6386e-01   375.8014      5.262      7.632    11.8933 0.0000e+00
      5.366      0.001     7.6948     69.468     54.221  40.009474     2.8612      8.419    60.3601 1.4968e-01   375.7664      5.262      7.632    11.9009 0.0000e+00
      5.366      0.001     7.6446     69.106     54.302  40.065925     2.8415      8.418    60.7979 1.5822e-01   375.6433      5.263      7.633    11.9031 0.0000e+00
      5.367      0.001     7.5896     68.737     54.371  40.114831     2.7729      8.416    61.0791 1.6659e-01   374.3128      5.263      7.633    11.9016 0.0000e+00
      5.367      0.001     7.5442     68.347     54.430  40.156536     2.6227      8.416    61.4361 1.6421e-01   371.7376      5.263      7.634    11.8970 0.0000e+00
      5.367      0.001     7.5024     67.984     54.564  40.252855     2.5324      8.416    61.8452 1.6459e-01   370.2636      5.263      7.633    11.8918 0.0000e+00
      5.367      0.001     7.4649     67.634     54.755  40.390886     2.5054      8.416    62.2398 1.6936e-01   369.9493      5.263      7.633    11.8892 0.0000e+00
      5.367      0.000     7.4288     67.270     54.898  40.492676     2.4706      8.415    62.6797 1.7203e-01   368.7563      5.264      7.634    11.8869 0.0000e+00
      5.367 1.8936e-08     7.3806     66.923     55.130  40.658527     2.4362      8.414    63.1194 1.7788e-01   366.6686      5.263      7.634    11.8854 0.0000e+00
      5.368 2.0829e-07     7.3448     66.643     55.517  40.936427     2.4224      8.413    63.5126 1.7655e-01   365.5098      5.264      7.635    11.8838 0.0000e+00
      5.368 2.4216e-07     7.3091     66.464     55.782  41.123631     2.4114      8.412    63.9068 1.6970e-01   365.2666      5.264      7.635    11.8804 0.0000e+00
      5.367 4.2843e-07     7.2681     66.376     55.821  41.144885     2.3784      8.411    64.2713 1.7399e-01   364.0698      5.264      7.634    11.8777 0.0000e+00
      5.367      0.000     7.2297     66.339     55.810  41.129932     2.3483      8.411    64.6505 1.7026e-01   362.0392      5.264      7.634    11.8731 0.0000e+00
      5.368      0.000     7.1984     66.299     55.820  41.133236     2.3471      8.411    65.1361 1.6676e-01   361.0395      5.264      7.635    11.8658 0.0000e+00
      5.368      0.001     7.1815     66.209     55.800  41.121357     2.3551      8.410    65.5834 1.7600e-01   360.9664      5.264      7.635    11.8582 0.0000e+00
      5.368      0.001     7.1743     66.010     55.694  41.049775     2.3452      8.410    65.9289 1.6888e-01   360.7114      5.264      7.635    11.8505 0.0000e+00
      5.368      0.001     7.1744     65.670     55.569  40.965908     2.3108      8.410    66.3018 1.5161e-01   359.0828      5.265      7.636    11.8438 0.0000e+00
      5.368      0.001     7.1713     65.215     55.514  40.932425     2.2798      8.409    66.6503 1.4887e-01   356.3392      5.265      7.636    11.8399 0.0000e+00
      5.369      0.001     7.1641     64.679     55.460  40.898810     2.2712      8.409    67.0456 1.6072e-01   354.9011      5.265      7.636    11.8419 0.0000e+00
      5.369      0.000     7.1438     64.126     55.340  40.813348     2.2732      8.407    67.5535 1.7672e-01   354.6752      5.265      7.637    11.8495 0.0000e+00
      5.369 1.8656e-08     7.1028     63.631     55.217  40.724198     2.2618      8.405    67.9727 1.8873e-01   353.0608      5.265      7.636    11.8572 0.0000e+00
      5.369 2.0521e-07     7.0526     63.226     55.194  40.709443     2.2178      8.405    68.3285 1.8697e-01   350.0363      5.265      7.636    11.8643 0.0000e+00
      5.369 2.0829e-07     6.9912     62.972     55.260  40.761886     2.1893      8.405    68.7581 1.6851e-01   348.3718      5.265      7.637    11.8705 0.0000e+00
      5.369 5.5855e-08     6.9259     62.912     55.373  40.850547     2.2006      8.404    69.2954 1.5229e-01   348.0680      5.265      7.636    11.8732 0.0000e+00
      5.369 4.1119e-07     6.8741     63.002     55.509  40.956368     2.2217      8.403    69.7479 1.5553e-01   346.1578      5.265      7.636    11.8737 0.0000e+00
      5.369      0.000     6.8268     63.202     55.598  41.025880     2.2365      8.402    69.9270 1.6610e-01   342.5947      5.265      7.637    11.8746 0.0000e+00
      5.369      0.000     6.7951     63.494     55.636  41.056336     2.2293      8.402    69.8273 1.6689e-01   340.5467      5.265      7.637    11.8787 0.0000e+00
      5.369      0.001     6.7916     63.809     55.656  41.070737     2.2091      8.401    69.7473 1.6740e-01   340.1153      5.265      7.637    11.8846 0.0000e+00
      5.370      0.001     6.8025     64.068     55.662  41.073068     2.1921      8.401    70.1639 1.8268e-01   337.4127      5.266      7.638    11.8893 0.0000e+00
      5.370      0.001     6.8223     64.236     55.682  41.084518     2.1828      8.400    70.8204 1.9992e-01   332.4304      5.266      7.638    11.8928 0.0000e+00
      5.370      0.000     6.8571     64.273     55.682  41.082231     2.1798      8.400    71.3176 1.9218e-01   329.7139      5.266      7.637    11.8945 0.0000e+00
      5.370      0.000     6.8955     64.172     55.635  41.045418     2.1641      8.399    71.7017 1.7375e-01   329.1963      5.266      7.638    11.8951 0.0000e+00
      5.370      0.000     6.9228     63.965     55.605  41.020221     2.1262      8.396    72.0228 1.7996e-01   326.5139      5.266      7.638    11.8931 0.0000e+00
      5.370      0.001     6.9447     63.705     55.627  41.031437     2.0962      8.395    72.3607 1.9129e-01   321.7733      5.266      7.638    11.8894 0.0000e+00
      5.370      0.001     6.9490     63.444     55.668  41.054101     2.1009      8.395    72.6907 1.8434e-01   319.2572      5.266      7.638    11.8866 0.0000e+00
      5.370      0.000     6.9373     63.255     55.661  41.040369     2.1163      8.395    73.0004 1.7069e-01   319.0477      5.267      7.639    11.8849 0.0000e+00
      5.370 1.8473e-08     6.9126     63.184     55.605  40.992329     2.1069      8.394    73.4384 1.5899e-01   318.7962      5.266      7.638    11.8830 0.0000e+00
      5.371 2.0321e-07     6.8836     63.180     55.597  40.980987     2.0702      8.393    74.1153 1.6860e-01   316.6595      5.267      7.639    11.8791 0.0000e+00
      5.371 2.0318e-07     6.8545     63.213     55.669  41.030166     2.0474      8.393    74.8175 1.8624e-01   312.8894      5.267      7.639    11.8716 0.0000e+00
      5.370 1.8149e-08     6.8298     63.275     55.740  41.079195     2.0562      8.393    75.2175 1.8637e-01   310.8903      5.267      7.639    11.8631 0.0000e+00
      5.370 -1.900e-09     6.8301     63.398     55.726  41.066043     2.0604      8.392    75.5093 1.8367e-01   310.7289      5.266      7.638    11.8568 0.0000e+00
      5.371 -3.922e-08     6.8286     63.594     55.636  40.998080     2.0397      8.392    75.8508 1.8122e-01   310.9724      5.267      7.639    11.8526 0.0000e+00
      5.371 -4.331e-07     6.8343     63.776     55.490  40.892148     2.0142      8.392    76.1636 1.8002e-01   311.4434      5.267      7.639    11.8494 0.0000e+00
      5.371      0.000     6.8406     63.915     55.355  40.800717     2.0180      8.391    76.5376 1.8523e-01   311.7101      5.267      7.639    11.8461 0.0000e+00
      5.371      0.000     6.8500     64.027     55.310  40.781152     2.0440      8.390    76.9320 1.7915e-01   312.1813      5.267      7.639    11.8428 0.0000e+00
      5.371     -0.001     6.8804     64.104     55.288  40.782535     2.0720      8.390    77.2321 1.7055e-01   316.6287      5.267      7.638    11.8407 0.0000e+00
      5.371     -0.001     6.8984     64.144     55.136  40.690523     2.0892      8.389    77.5854 1.8115e-01   324.5933      5.267      7.639    11.8419 0.0000e+00
      5.371     -0.005     6.9112     64.143     54.671  40.366800     2.0848      8.388    78.2780 1.9129e-01   328.5480      5.267      7.639    11.8492 0.0000e+00
      5.370     -0.017     6.9227     64.109     53.868  39.787886     2.0946      8.388    79.4115 1.8502e-01   325.1275      5.266      7.638    11.8613 0.0000e+00
      5.369     -0.045     6.9274     64.076     53.163  39.275844     2.1991      8.388    80.7079 1.8360e-01   283.1331      5.266      7.637    11.8786 0.0000e+00
      5.367     -0.085     6.9299     64.076     52.923  39.125932     2.3658      8.387    81.9934 2.0289e-01   205.9792      5.265      7.636    11.8963 0.0000e+00
      5.356     -0.124     6.9265     64.166     52.917  39.181143     2.4372      8.382    83.4239 2.3243e-01   163.6546      5.261      7.630    11.9162 0.0000e+00
      5.319     -0.146     6.9182     64.456     53.172  39.435774     2.3889      8.372    84.9261 2.8925e-01   157.3914      5.232      7.589    11.9330 0.0000e+00
      5.247     -0.141     6.9143     65.034     53.616  39.793102     1.9647      8.359    86.2179 3.8201e-01   130.9340      5.151      7.471    11.9305 0.0000e+00
      5.166     -0.112     6.9110     65.955     53.594  39.757250     1.1955      8.348    87.0844 4.6005e-01    83.1505      5.050      7.325    11.9456 0.0000e+00
      5.121     -0.065     6.9029     67.107     53.410  39.573462     0.7701      8.339    87.5734 4.7718e-01    57.1253      5.001      7.254    12.0147 0.0000e+00
      5.127     -0.008     6.9203     68.246     53.692  39.728660     0.7157      8.334    87.9141 4.3894e-01    54.8345      5.016      7.276    12.0958 0.0000e+00
      5.165      0.044     6.9737     69.267     54.101  39.983609     0.6971      8.331    88.1917 3.7456e-01    55.7943      5.066      7.348    12.1238 0.0000e+00
      5.207      0.073     7.0794     70.103     54.236  40.053948     0.7121      8.331    88.4350 3.0920e-01    58.6535      5.110      7.410    12.0960 0.0000e+00
      5.240      0.070     7.2286     70.711     54.176  40.007910     0.7467      8.331    88.7911 2.6593e-01    61.2235      5.142      7.457    12.0452 0.0000e+00
      5.261      0.042     7.3582     71.152     54.052  39.934680     0.7652      8.332    89.1411 2.5642e-01    62.0682      5.167      7.493    11.9922 0.0000e+00
      5.264      0.007     7.4796     71.418     53.932  39.866663     0.7537      8.333    89.3122 2.7814e-01    61.9326      5.168      7.495    11.9440 0.0000e+00
      5.252     -0.022     7.5807     71.488     53.936  39.883667     0.7313      8.334    89.4833 3.1756e-01    59.8226      5.154      7.476    11.9113 0.0000e+00
      5.231     -0.037     7.6380     71.433     54.015  39.949892     0.7358      8.334    89.6613 3.4790e-01    55.9933      5.132      7.443    11.9136 0.0000e+00
      5.209     -0.041     7.6846     71.328     54.036  39.969284     0.7590      8.334    89.7428 3.5993e-01    53.9595      5.104      7.403    11.9379 0.0000e+00
      5.194     -0.036     7.7111     71.184     53.896  39.864277     0.7787      8.335    89.9521 3.6793e-01    53.9855      5.089      7.381    11.9603 0.0000e+00
      5.191     -0.031     7.7123     71.000     53.590  39.632228     0.8155      8.337    90.3847 3.6940e-01    55.7950      5.089      7.381    11.9725 0.0000e+00
      5.194     -0.031     7.7022     70.776     53.354  39.448290     0.8626      8.337    90.8446 3.6591e-01    59.1004      5.092      7.387    11.9784 0.0000e+00
      5.196     -0.041     7.6904     70.506     53.238  39.353815     0.8908      8.338    91.2969 3.7542e-01    60.8847      5.098      7.395    11.9820 0.0000e+00
      5.191     -0.054     7.6751     70.232     53.190  39.314941     0.9058      8.338    91.8950 4.0666e-01    60.5622      5.097      7.392    11.9815 0.0000e+00
      5.172     -0.060     7.6557     70.031     53.332  39.422508     0.8536      8.335    92.5702 4.4625e-01    54.6883      5.077      7.364    11.9767 0.0000e+00
      5.140     -0.053     7.6349     69.948     53.532  39.575535     0.7261      8.331    93.0077 4.8636e-01    43.7673      5.042      7.313    11.9643 0.0000e+00
      5.105     -0.036     7.6056     69.976     53.537  39.578601     0.6454      8.327    93.2274 5.1956e-01    37.7603      5.001      7.252    11.9544 0.0000e+00
      5.088     -0.012     7.5732     70.094     53.388  39.459581     0.6432      8.324    93.4199 5.1171e-01    37.3614      4.975      7.216    11.9529 0.0000e+00
      5.101      0.011     7.5483     70.250     53.247  39.342262     0.6828      8.324    93.6134 4.6450e-01    38.5343      4.996      7.246    11.9555 0.0000e+00
      5.131      0.029     7.5398     70.420     53.211  39.302430     0.7422      8.326    93.8467 4.1794e-01    40.6688      5.036      7.304    11.9646 0.0000e+00
      5.155      0.035     7.5418     70.620     53.215  39.295265     0.7706      8.328    94.1764 3.9371e-01    41.8208      5.060      7.339    11.9647 0.0000e+00
      5.165      0.028     7.5599     70.804     53.166  39.255629     0.7509      8.329    94.5023 3.9050e-01    41.6683      5.070      7.352    11.9525 0.0000e+00
      5.163      0.008     7.5812     70.934     53.092  39.203969     0.6868      8.328    94.7748 4.0286e-01    39.0294      5.065      7.346    11.9400 0.0000e+00
      5.155     -0.019     7.5974     71.025     53.051  39.178349     0.5955      8.327    95.0626 4.2907e-01    34.1680      5.054      7.330    11.9269 0.0000e+00
      5.149     -0.047     7.6258     71.113     53.072  39.199708     0.5380      8.328    95.2286 4.5791e-01    31.4301      5.049      7.323    11.9159 0.0000e+00
      5.143     -0.072     7.6469     71.233     53.067  39.208383     0.5234      8.328    95.4055 4.8518e-01    31.1012      5.048      7.321    11.9125 0.0000e+00
      5.127     -0.091     7.6592     71.372     52.968  39.156323     0.5187      8.328    95.8241 5.1803e-01    31.0447      5.035      7.303    11.9180 0.0000e+00
      5.094     -0.098     7.6673     71.517     52.841  39.077983     0.5236      8.327    96.2470 5.6998e-01    31.0210      5.000      7.252    11.9227 0.0000e+00
      5.049     -0.095     7.6737     71.650     52.766  39.022740     0.5404      8.326    96.4747 6.4091e-01    30.9508      4.951      7.179    11.9245 0.0000e+00
      5.009     -0.080     7.6864     71.726     52.744  38.996078     0.5474      8.326    96.5980 6.9049e-01    30.8790      4.903      7.111    11.9362 0.0000e+00
      4.988     -0.055     7.6975     71.735     52.778  39.009448     0.5415      8.326    96.7052 7.0617e-01    30.9391      4.883      7.083    11.9607 0.0000e+00
      4.987     -0.022     7.7092     71.710     52.862  39.057464     0.5608      8.327    96.8242 7.1223e-01    32.0186      4.890      7.093    11.9812 0.0000e+00
      4.994      0.010     7.7271     71.675     52.898  39.068928     0.6139      8.327    97.0051 7.0111e-01    34.0590      4.897      7.102    11.9786 0.0000e+00
