Data/DataNotYetUploadedToEDI/Raw_CTD/RawDownloads/070824_fcr30_S7809009.cnv
* Sea-Bird SBE19plus  Data File:
* FileName = C:\R\Reservoirs\Data\DataNotYetUploadedToEDI\Raw_CTD\RawDownloads\070824_fcr50_S7809_0009.hex
* Software version 2.8.0.119
* Temperature SN = 7809
* Conductivity SN = 7809
* System UpLoad Time = Jul 10 2024 15:58:56
* <ApplicationData>
* <Seaterm232>
# nquan = 15
# nvalues = 1847                        
# units = specified
# name 0 = depFM: Depth [fresh water, m]
# name 1 = dz/dtM: Descent Rate [m/s]
# name 2 = sbeox0Mg/L: Oxygen, SBE 43 [mg/l]
# name 3 = sbeox0PS: Oxygen, SBE 43 [% saturation]
# name 4 = specc: Specific Conductance [uS/cm]
# name 5 = c0uS/cm: Conductivity [uS/cm]
# name 6 = flECO-AFL: Fluorescence, WET Labs ECO-AFL/FL [mg/m^3]
# name 7 = ph: pH
# name 8 = orp: Oxidation Reduction Potential [mV]
# name 9 = par/sat/log: PAR/Logarithmic, Satlantic
# name 10 = turbWETntu0: Turbidity, WET Labs ECO [NTU]
# name 11 = prdM: Pressure, Strain Gauge [db]
# name 12 = prdE: Pressure, Strain Gauge [psi]
# name 13 = tv290C: Temperature [ITS-90, deg C]
# name 14 = flag:  0.000e+00
# span 0 =     -0.635,      5.371       
# span 1 =     -0.352,      0.209       
# span 2 =     0.0763,     9.4730       
# span 3 =      0.877,    119.935       
# span 4 =   -103.522,     66.202       
# span 5 =-105.871534,  52.560617       
# span 6 =    -1.3275,     6.6571       
# span 7 =      8.019,      9.939       
# span 8 =  -101.4844,   120.4191       
# span 9 = 1.4576e-01, 1.1941e+03       
# span 10 =    -3.0469,   375.8014      
# span 11 =     -0.624,      5.267      
# span 12 =     -0.905,      7.639      
# span 13 =    11.8319,    29.0984      
# span 14 = 0.0000e+00, 0.0000e+00      
# interval = seconds: 0.25
# start_time = Jul 08 2024 13:07:16 [Instrument's time stamp, header]
# bad_flag = -9.990e-29
*END*
[from data line 675]
      1.806      0.022     0.2338      2.788     44.613  42.426995     1.4696      9.035    41.9534 8.3254e+00     5.5092      1.771      2.569    22.5894 0.0000e+00
      1.810      0.019     0.2386      2.760     44.605  42.428241     1.4693      9.034    41.7855 8.3188e+00     5.5235      1.775      2.575    22.5605 0.0000e+00
      1.814      0.015     0.2433      2.735     44.625  42.458600     1.4059      9.034    41.5592 8.3213e+00     5.4673      1.779      2.580    22.5385 0.0000e+00
      1.817      0.013     0.2448      2.694     44.630  42.476735     1.3189      9.033    41.4544 8.3147e+00     5.4102      1.782      2.585    22.5352 0.0000e+00
      1.819      0.012     0.2410      2.650     44.600  42.457111     1.2905      9.032    41.4644 8.3048e+00     5.4132      1.784      2.588    22.5449 0.0000e+00
      1.820      0.013     0.2381      2.624     44.560  42.411746     1.2961      9.032    41.5084 8.2794e+00     5.4703      1.785      2.590    22.5540 0.0000e+00
      1.823      0.014     0.2376      2.619     44.540  42.372514     1.2702      9.031    41.4708 8.2394e+00     5.4861      1.788      2.593    22.5661 0.0000e+00
      1.828      0.014     0.2329      2.638     44.550  42.363550     1.2277      9.030    41.4391 8.2043e+00     5.4336      1.793      2.600    22.5838 0.0000e+00
      1.833      0.014     0.2281      2.666     44.558  42.366809     1.2144      9.028    41.4701 8.1678e+00     5.3817      1.799      2.609    22.5979 0.0000e+00
      1.838      0.014     0.2264      2.668     44.538  42.348442     1.2262      9.028    41.4153 8.1447e+00     5.4051      1.804      2.616    22.5911 0.0000e+00
      1.841      0.014     0.2254      2.639     44.523  42.331896     1.2618      9.027    41.3784 8.1427e+00     5.4776      1.806      2.619    22.5592 0.0000e+00
      1.843      0.014     0.2279      2.614     44.557  42.357160     1.3115      9.026    41.4536 8.1434e+00     5.4723      1.807      2.620    22.5326 0.0000e+00
      1.845      0.014     0.2314      2.585     44.606  42.400006     1.3369      9.025    41.5508 8.1328e+00     5.4088      1.809      2.624    22.5335 0.0000e+00
      1.850      0.014     0.2328      2.531     44.606  42.405646     1.3442      9.025    41.5206 8.1033e+00     5.3594      1.813      2.630    22.5398 0.0000e+00
      1.855      0.015     0.2271      2.468     44.552  42.361892     1.3987      9.025    41.5194 8.0708e+00     5.3530      1.820      2.639    22.5366 0.0000e+00
      1.860      0.017     0.2261      2.412     44.502  42.315284     1.5137      9.025    41.6222 8.0538e+00     5.3998      1.825      2.648    22.5237 0.0000e+00
      1.863      0.019     0.2254      2.382     44.482  42.286408     1.5773      9.024    41.5597 8.0569e+00     5.4124      1.827      2.650    22.5165 0.0000e+00
      1.865      0.021     0.2186      2.390     44.484  42.266616     1.5772      9.024    41.3653 8.0450e+00     5.3690      1.827      2.650    22.5279 0.0000e+00
      1.871      0.024     0.2137      2.409     44.509  42.266356     1.6872      9.024    41.2507 7.9891e+00     5.3870      1.833      2.658    22.5387 0.0000e+00
      1.880      0.028     0.2076      2.413     44.476  42.219763     1.9165      9.023    41.2927 7.9295e+00     5.5285      1.844      2.674    22.5425 0.0000e+00
      1.888      0.033     0.2045      2.403     44.341  42.084053     2.0533      9.022    41.5283 7.9019e+00     5.6795      1.853      2.688    22.5327 0.0000e+00
      1.895      0.038     0.2067      2.365     44.246  41.958357     2.0590      9.021    41.9492 7.8792e+00     5.7091      1.857      2.694    22.5042 0.0000e+00
      1.903      0.041     0.2097      2.283     44.284  41.905854     2.0521      9.020    42.4227 7.8292e+00     5.6472      1.865      2.705    22.4719 0.0000e+00
      1.915      0.043     0.2091      2.181     44.389  41.893394     2.2204      9.020    42.6939 7.7567e+00     5.5129      1.879      2.725    22.4500 0.0000e+00
      1.929      0.043     0.2090      2.058     44.462  41.871013     2.5531      9.018    42.7328 7.6708e+00     5.3489      1.893      2.744    22.4590 0.0000e+00
      1.943      0.041     0.2071      1.879     44.477  41.825519     2.7460      9.015    42.8072 7.5849e+00     5.3032      1.907      2.766    22.4394 0.0000e+00
      1.955      0.037     0.1986      1.660     44.476  41.787536     2.7714      9.014    42.9050 7.5314e+00     5.3026      1.920      2.783    22.3205 0.0000e+00
      1.963      0.032     0.1902      1.445     44.511  41.792522     2.8599      9.014    42.9694 7.5058e+00     5.2388      1.926      2.793    22.1703 0.0000e+00
      1.968      0.027     0.1820      1.255     44.566  41.822295     3.0418      9.012    43.0696 7.4824e+00     5.1809      1.930      2.800    22.0656 0.0000e+00
      1.973      0.023     0.1659      1.100     44.594  41.830140     3.1486      9.010    43.1697 7.4594e+00     5.1835      1.935      2.807    22.0060 0.0000e+00
      1.978      0.020     0.1443      0.982     44.603  41.823887     3.1522      9.009    43.2337 7.4332e+00     5.2023      1.940      2.814    21.9688 0.0000e+00
      1.983      0.019     0.1262      0.902     44.604  41.810145     2.9685      9.008    43.2411 7.4196e+00     5.1690      1.944      2.821    21.9399 0.0000e+00
      1.988      0.020     0.1086      0.877     44.601  41.790898     2.6250      9.008    43.3449 7.4276e+00     5.1222      1.950      2.828    21.9150 0.0000e+00
      1.992      0.022     0.0950      0.879     44.614  41.781562     2.4455      9.008    43.6280 7.4262e+00     5.1144      1.954      2.834    21.8944 0.0000e+00
      1.997      0.024     0.0857      0.893     44.623  41.760695     2.4295      9.006    43.9115 7.3966e+00     5.1773      1.958      2.840    21.8795 0.0000e+00
      2.003      0.025     0.0763      0.917     44.622  41.728956     2.3739      9.005    44.1051 7.3580e+00     5.2328      1.964      2.848    21.8642 0.0000e+00
      2.011      0.025     0.0766      0.946     44.634  41.715103     2.2643      9.003    44.1624 7.3154e+00     5.2048      1.971      2.859    21.8466 0.0000e+00
      2.021      0.024     0.0770      0.989     44.655  41.720108     2.2018      9.002    44.1739 7.2711e+00     5.1812      1.982      2.875    21.8233 0.0000e+00
      2.028      0.022     0.0777      1.028     44.673  41.725980     2.1928      9.000    44.3299 7.2572e+00     5.1869      1.991      2.888    21.7883 0.0000e+00
      2.032      0.021     0.0811      1.045     44.682  41.722621     2.1982      8.998    44.5858 7.2642e+00     5.2054      1.993      2.891    21.7497 0.0000e+00
      2.034      0.020     0.0821      1.044     44.719  41.742943     2.2160      8.997    44.7731 7.2655e+00     5.1995      1.993      2.891    21.7204 0.0000e+00
      2.037      0.020     0.0874      1.032     44.773  41.781268     2.2169      8.996    44.8740 7.2485e+00     5.1492      1.995      2.895    21.7071 0.0000e+00
      2.043      0.021     0.0913      1.027     44.808  41.805179     2.2002      8.995    45.0307 7.2177e+00     5.1092      2.002      2.904    21.6977 0.0000e+00
      2.051      0.022     0.0924      1.037     44.857  41.841638     2.0890      8.993    45.2057 7.1899e+00     5.1271      2.011      2.917    21.6834 0.0000e+00
      2.058      0.022     0.0925      1.053     44.937  41.904738     1.8882      8.992    45.2685 7.1541e+00     5.1945      2.019      2.928    21.6678 0.0000e+00
      2.064      0.021     0.0903      1.061     45.045  41.996871     1.7707      8.990    45.2739 7.1235e+00     5.2066      2.024      2.936    21.6511 0.0000e+00
      2.068      0.020     0.0898      1.055     45.187  42.130497     1.7417      8.989    45.2706 7.1059e+00     5.1712      2.028      2.942    21.6435 0.0000e+00
      2.072      0.018     0.0910      1.047     45.381  42.314485     1.7205      8.988    45.2290 7.0981e+00     5.1767      2.031      2.947    21.6366 0.0000e+00
      2.075      0.018     0.0931      1.061     45.600  42.507766     1.6219      8.987    45.2020 7.0962e+00     5.2731      2.035      2.952    21.6202 0.0000e+00
      2.080      0.018     0.0938      1.083     45.756  42.626791     1.4488      8.987    45.2878 7.0754e+00     5.4483      2.040      2.959    21.6062 0.0000e+00
      2.086      0.019     0.0932      1.083     45.841  42.674566     1.3507      8.986    45.4919 7.0533e+00     5.4840      2.045      2.967    21.6102 0.0000e+00
      2.091      0.019     0.0911      1.065     45.906  42.704537     1.3258      8.985    45.6049 7.0445e+00     5.3632      2.051      2.974    21.6238 0.0000e+00
      2.096      0.018     0.0927      1.054     45.973  42.735241     1.2653      8.984    45.6210 7.0423e+00     5.3547      2.056      2.982    21.6121 0.0000e+00
      2.101      0.017     0.0971      1.067     46.068  42.791876     1.1685      8.985    45.7734 7.0447e+00     5.4492      2.060      2.988    21.5750 0.0000e+00
      2.105      0.017     0.0956      1.077     46.262  42.944960     1.1208      8.986    45.9844 7.0552e+00     5.5151      2.064      2.993    21.5393 0.0000e+00
      2.109      0.018     0.0943      1.072     46.544  43.189736     1.1126      8.986    46.1936 7.0757e+00     5.5017      2.068      3.000    21.5095 0.0000e+00
      2.112      0.019     0.0915      1.067     46.783  43.402931     1.0701      8.986    46.4105 7.0905e+00     5.4250      2.071      3.004    21.4745 0.0000e+00
      2.117      0.021     0.0945      1.043     47.023  43.618483     1.0144      8.986    46.5417 7.0981e+00     5.4080      2.076      3.010    21.4369 0.0000e+00
      2.124      0.022     0.0967      1.022     47.400  43.955193     0.9961      8.986    46.5756 7.0877e+00     5.4323      2.083      3.021    21.4065 0.0000e+00
      2.131      0.024     0.0935      1.035     47.855  44.363773     0.9982      8.985    46.5624 7.0697e+00     5.4453      2.090      3.031    21.3879 0.0000e+00
      2.137      0.025     0.0962      1.057     48.270  44.750013     0.9649      8.983    46.6395 7.0716e+00     5.3601      2.095      3.039    21.3807 0.0000e+00
      2.143      0.026     0.0922      1.071     48.603  45.070470     0.9017      8.982    46.8192 7.0761e+00     5.1880      2.100      3.046    21.3780 0.0000e+00
      2.149      0.026     0.0886      1.084     48.937  45.381887     0.8670      8.979    46.9290 7.0652e+00     5.1406      2.107      3.056    21.3641 0.0000e+00
      2.156      0.025     0.0918      1.081     49.318  45.722231     0.8698      8.977    46.9341 7.0480e+00     5.1972      2.114      3.068    21.3402 0.0000e+00
      2.163      0.025     0.0941      1.057     49.581  45.948011     0.9099      8.977    46.9672 7.0521e+00     5.2573      2.122      3.078    21.3428 0.0000e+00
      2.170      0.024     0.0947      1.049     49.666  46.016888     0.9619      8.976    47.0715 7.0729e+00     5.2527      2.128      3.087    21.3674 0.0000e+00
      2.176      0.022     0.0963      1.067     49.772  46.110626     0.9743      8.976    47.2483 7.0805e+00     5.1752      2.134      3.094    21.3690 0.0000e+00
      2.181      0.021     0.0970      1.070     49.937  46.256113     0.9680      8.975    47.3835 7.0911e+00     5.1397      2.139      3.101    21.3509 0.0000e+00
      2.185      0.020     0.0928      1.042     50.017  46.315854     0.9684      8.975    47.3294 7.1067e+00     5.1313      2.144      3.110    21.3286 0.0000e+00
      2.189      0.019     0.0914      1.025     50.122  46.388560     0.9538      8.974    47.2834 7.1157e+00     5.1417      2.147      3.114    21.3166 0.0000e+00
      2.194      0.019     0.0952      1.032     50.431  46.627294     0.9086      8.974    47.4293 7.1295e+00     5.1642      2.152      3.121    21.3203 0.0000e+00
      2.199      0.018     0.0969      1.041     50.754  46.853408     0.8632      8.974    47.5443 7.1472e+00     5.1295      2.158      3.130    21.3109 0.0000e+00
      2.204      0.017     0.0911      1.045     50.890  46.900446     0.8457      8.974    47.4703 7.1684e+00     5.0985      2.162      3.135    21.2967 0.0000e+00
      2.209      0.017     0.0900      1.051     50.936  46.878500     0.8553      8.974    47.3943 7.1843e+00     5.1988      2.165      3.141    21.2810 0.0000e+00
      2.214      0.018     0.0919      1.068     50.950  46.841907     0.8797      8.973    47.4002 7.2021e+00     5.3848      2.171      3.149    21.2353 0.0000e+00
      2.217      0.019     0.0924      1.079     50.928  46.775356     0.8823      8.973    47.5413 7.2227e+00     5.4347      2.175      3.155    21.1557 0.0000e+00
      2.220      0.023     0.0934      1.074     50.902  46.708624     0.8622      8.972    47.9824 7.2247e+00     5.3579      2.176      3.156    21.0672 0.0000e+00
      2.226      0.029     0.0928      1.069     50.756  46.542871     0.8690      8.968    48.6887 7.2193e+00     5.3107      2.181      3.164    21.0052 0.0000e+00
      2.234      0.037     0.0955      1.062     50.522  46.294815     0.9064      8.962    49.2842 7.2183e+00     5.3430      2.192      3.180    20.9654 0.0000e+00
      2.243      0.043     0.0974      1.037     50.461  46.185197     0.9309      8.955    49.5910 7.2013e+00     5.4064      2.198      3.188    20.9185 0.0000e+00
      2.254      0.045     0.0958      1.007     50.577  46.233145     0.9246      8.950    49.8162 7.1422e+00     5.3939      2.205      3.199    20.8691 0.0000e+00
      2.272      0.044     0.0951      0.991     50.698  46.303126     0.9215      8.945    50.0278 7.0700e+00     5.3280      2.228      3.232    20.8444 0.0000e+00
      2.289      0.040     0.0962      0.985     50.759  46.332969     0.9439      8.941    50.2570 7.0430e+00     5.2931      2.251      3.264    20.8234 0.0000e+00
      2.299      0.035     0.0932      1.002     50.776  46.340002     0.9704      8.937    50.5225 7.0505e+00     5.3486      2.256      3.272    20.7600 0.0000e+00
      2.303      0.027     0.0892      1.037     50.736  46.324668     0.9926      8.934    50.6567 7.0640e+00     5.4511      2.257      3.274    20.6906 0.0000e+00
      2.306      0.018     0.0890      1.040     50.631  46.274559     1.0122      8.930    50.7613 7.0780e+00     5.4053      2.262      3.281    20.6582 0.0000e+00
      2.310      0.011     0.0879      1.030     50.534  46.242068     1.0249      8.928    51.0130 7.0939e+00     5.2050      2.266      3.286    20.6313 0.0000e+00
      2.313      0.007     0.0879      1.040     50.477  46.249313     1.0295      8.927    51.2048 7.1265e+00     5.0797      2.269      3.290    20.6129 0.0000e+00
      2.314      0.005     0.0957      1.050     50.404  46.235273     1.0431      8.925    51.1872 7.1640e+00     5.1196      2.270      3.293    20.6391 0.0000e+00
      2.313      0.005     0.0938      1.053     50.326  46.199359     1.0472      8.923    50.9730 7.1983e+00     5.1746      2.268      3.290    20.6921 0.0000e+00
      2.312      0.006     0.0907      1.059     50.307  46.196019     0.9957      8.922    50.5931 7.2299e+00     5.1301      2.265      3.286    20.7462 0.0000e+00
      2.313      0.008     0.0939      1.067     50.316  46.194902     0.9281      8.921    50.2073 7.2328e+00     5.0933      2.267      3.289    20.8096 0.0000e+00
      2.317      0.011     0.0938      1.070     50.337  46.185842     0.9046      8.920    49.9215 7.2160e+00     5.1403      2.272      3.295    20.8666 0.0000e+00
      2.321      0.015     0.0943      1.081     50.405  46.213399     0.9112      8.920    49.6333 7.2081e+00     5.2206      2.277      3.303    20.9015 0.0000e+00
      2.325      0.019     0.0937      1.076     50.499  46.274119     0.9330      8.920    49.4760 7.2009e+00     5.2434      2.280      3.307    20.9172 0.0000e+00
      2.329      0.021     0.0966      1.063     50.591  46.348615     0.9681      8.919    49.4817 7.1786e+00     5.2114      2.282      3.310    20.9067 0.0000e+00
