Data/DataNotYetUploadedToEDI/Raw_CTD/RawDownloads/070824_bvr50_S8188001.cnv
* Sea-Bird SBE19plus  Data File:
* FileName = C:\R\Reservoirs\Data\DataNotYetUploadedToEDI\Raw_CTD\RawDownloads\070824_bvr50_S8188_0001.hex
* Software version 2.8.0.119
* Temperature SN = 8188
* Conductivity SN = 8188
* System UpLoad Time = Jul 11 2024 15:27:59
* <ApplicationData>
* <Seaterm232>
# nquan = 16
# nvalues = 2510                        
# units = specified
# name 0 = depFM: Depth [fresh water, m]
# name 1 = dz/dtM: Descent Rate [m/s]
# name 2 = sbeox0Mg/L: Oxygen, SBE 43 [mg/l]
# name 3 = sbeox0PS: Oxygen, SBE 43 [% saturation]
# name 4 = specc: Specific Conductance [uS/cm]
# name 5 = c0uS/cm: Conductivity [uS/cm]
# name 6 = wetCDOM: Fluorescence, WET Labs CDOM [mg/m^3]
# name 7 = flECO-AFL: Fluorescence, WET Labs ECO-AFL/FL [mg/m^3]
# name 8 = flECO-AFL1: Fluorescence, WET Labs ECO-AFL/FL, 2 [mg/m^3]
# name 9 = flECO-AFL2: Fluorescence, WET Labs ECO-AFL/FL, 3 [mg/m^3]
# name 10 = par/sat/log: PAR/Logarithmic, Satlantic
# name 11 = turbWETntu0: Turbidity, WET Labs ECO [NTU]
# name 12 = prdM: Pressure, Strain Gauge [db]
# name 13 = prdE: Pressure, Strain Gauge [psi]
# name 14 = tv290C: Temperature [ITS-90, deg C]
# name 15 = flag:  0.000e+00
# span 0 =     -0.709,      9.571       
# span 1 =     -0.218,      0.123       
# span 2 =     0.0132,    10.1385       
# span 3 =      0.157,    128.994       
# span 4 =   -616.075,    213.970       
# span 5 =-440.157215, 154.842249       
# span 6 =    -4.5000,    48.9600       
# span 7 =    -0.2960,    16.5538       
# span 8 =    -2.1300,     0.5538       
# span 9 =    -2.0304,     3.9762       
# span 10 = 1.1577e-01, 9.4251e+02      
# span 11 =    -1.6087,    49.8438      
# span 12 =     -0.695,      9.386      
# span 13 =     -1.008,     13.614      
# span 14 =    10.1139,    28.1835      
# span 15 = 0.0000e+00, 0.0000e+00      
# interval = seconds: 0.25
# start_time = Jul 08 2024 09:47:53 [Instrument's time stamp, header]
# bad_flag = -9.990e-29
*END*
[from data line 995]
      0.321      0.001     8.3877    106.976     31.533  33.261435    30.8700     5.9068     0.0852     1.1421 2.1062e+02     3.8750      0.315      0.457    27.7330 0.0000e+00
      0.322      0.001     8.3953    106.994     31.528  33.256154    30.8700     5.9030     0.0852     1.1421 2.1002e+02     3.8598      0.315      0.457    27.7330 0.0000e+00
      0.322      0.001     8.4024    106.979     31.513  33.239505    30.8700     5.8801     0.0852     1.0575 2.1154e+02     3.8901      0.315      0.457    27.7330 0.0000e+00
      0.322      0.000     8.4083    106.948     31.484  33.209041    30.8700     5.8801     0.0852     1.0575 2.1213e+02     3.9354      0.315      0.458    27.7330 0.0000e+00
      0.322      0.000     8.4124    106.911     31.464  33.188506    30.8700     6.1471     0.0852     1.0575 2.1408e+02     3.8296      0.315      0.458    27.7330 0.0000e+00
      0.322     -0.001     8.4138    106.867     31.459  33.182385    30.8700     6.1624     0.0852     1.0575 2.1385e+02     3.7390      0.315      0.458    27.7330 0.0000e+00
      0.322     -0.001     8.4127    106.813     31.465  33.189043    30.8700     6.1318     0.0852     1.0575 2.1366e+02     3.6937      0.315      0.457    27.7330 0.0000e+00
      0.321     -0.002     8.4102    106.750     31.491  33.216233    30.8700     6.1662     0.0852     1.0575 2.1310e+02     3.7994      0.315      0.457    27.7329 0.0000e+00
      0.321     -0.002     8.4073    106.686     31.517  33.243320    30.8700     6.0746     0.0852     1.0575 2.1236e+02     3.6937      0.314      0.456    27.7328 0.0000e+00
      0.320     -0.002     8.4039    106.639     31.530  33.257608    30.8700     6.0746     0.0852     1.0575 2.1103e+02     3.6484      0.314      0.455    27.7326 0.0000e+00
      0.319     -0.003     8.3997    106.622     31.548  33.276851    30.9600     6.0594     0.1704     1.1421 2.1044e+02     3.7239      0.313      0.454    27.7325 0.0000e+00
      0.319     -0.002     8.3947    106.633     31.571  33.300204    30.9600     6.1013     0.1704     1.1421 2.1121e+02     3.6484      0.312      0.453    27.7324 0.0000e+00
      0.318     -0.002     8.3896    106.655     31.589  33.319952    30.9600     6.1433     0.1704     1.1421 2.1394e+02     3.9807      0.311      0.452    27.7324 0.0000e+00
      0.317     -0.002     8.3859    106.666     31.606  33.337379    30.9600     6.1471     0.1704     1.1421 2.1482e+02     3.8901      0.311      0.451    27.7325 0.0000e+00
      0.317     -0.001     8.3846    106.650     31.610  33.341196    30.9600     6.1624     0.1704     1.1421 2.1301e+02     3.9203      0.311      0.451    27.7325 0.0000e+00
      0.317     -0.001     8.3855    106.610     31.598  33.328437    30.8700     6.1586     0.1704     1.1421 2.1440e+02     3.9203      0.311      0.451    27.7325 0.0000e+00
      0.317     -0.000     8.3872    106.562     31.595  33.325579    30.8700     6.0823     0.1704     1.1421 2.1637e+02     3.8750      0.311      0.451    27.7324 0.0000e+00
      0.317      0.000     8.3881    106.522     31.603  33.333849    30.8700     6.1051     0.1704     1.1421 2.1727e+02     3.9052      0.311      0.450    27.7324 0.0000e+00
      0.317      0.001     8.3868    106.499     31.604  33.335535    30.8700     6.0899     0.1704     1.1421 2.1712e+02     3.9505      0.311      0.450    27.7325 0.0000e+00
      0.317      0.001     8.3837    106.495     31.608  33.339055    30.8700     6.0784     0.1278     1.0998 2.1614e+02     3.9203      0.311      0.451    27.7325 0.0000e+00
      0.317      0.001     8.3799    106.512     31.604  33.335388    30.8700     5.8801     0.1278     1.0998 2.1427e+02     3.8598      0.311      0.451    27.7325 0.0000e+00
      0.317      0.001     8.3767    106.549     31.587  33.317581    30.8700     5.8877     0.1278     1.0998 2.1352e+02     3.9807      0.311      0.451    27.7324 0.0000e+00
      0.318      0.001     8.3749    106.591     31.575  33.304787    30.8700     5.8877     0.1278     1.0998 2.1158e+02     3.9656      0.312      0.452    27.7324 0.0000e+00
      0.318      0.001     8.3746    106.633     31.572  33.301560    30.9600     5.8763     0.1278     1.0575 2.1223e+02     3.8296      0.312      0.453    27.7323 0.0000e+00
      0.319      0.001     8.3760    106.678     31.566  33.295091    30.9600     5.7923     0.1278     1.0575 2.1135e+02     3.6937      0.313      0.453    27.7322 0.0000e+00
      0.319      0.001     8.3789    106.713     31.555  33.283653    30.9600     5.7733     0.1278     1.0575 2.1241e+02     3.6635      0.313      0.454    27.7321 0.0000e+00
      0.319      0.001     8.3822    106.724     31.553  33.282124    30.9600     5.7618     0.1278     1.0575 2.1440e+02     3.6937      0.313      0.454    27.7321 0.0000e+00
      0.319      0.001     8.3856    106.712     31.566  33.296070    30.9600     5.7656     0.1278     1.0575 2.1727e+02     3.6181      0.313      0.454    27.7321 0.0000e+00
      0.319      0.001     8.3891    106.693     31.584  33.315269    30.8700     5.9144     0.1278     1.0575 2.1731e+02     3.9505      0.313      0.454    27.7323 0.0000e+00
      0.319      0.000     8.3918    106.678     31.599  33.330897    30.8700     5.9106     0.1278     1.0575 2.1731e+02     3.9203      0.313      0.454    27.7326 0.0000e+00
      0.319      0.000     8.3926    106.673     31.604  33.335170    30.8700     5.8724     0.1278     1.0575 2.1618e+02     3.8598      0.313      0.454    27.7329 0.0000e+00
      0.319      0.000     8.3917    106.682     31.591  33.321262    30.8700     5.9144     0.1278     1.0575 2.1609e+02     3.9203      0.313      0.454    27.7331 0.0000e+00
      0.319      0.000     8.3901    106.700     31.577  33.307372    30.9600     5.7580     0.1278     0.9729 2.1595e+02     3.6937      0.313      0.454    27.7332 0.0000e+00
      0.319     -0.001     8.3889    106.713     31.585  33.315691    30.9600     5.8000     0.1278     0.9729 2.1529e+02     3.6937      0.313      0.454    27.7331 0.0000e+00
      0.319     -0.001     8.3886    106.706     31.603  33.334494    30.9600     5.7542     0.1278     0.9729 2.1450e+02     3.6635      0.313      0.454    27.7330 0.0000e+00
      0.318     -0.001     8.3893    106.668     31.615  33.346886    30.9600     5.7885     0.1278     0.9729 2.1459e+02     3.6937      0.312      0.453    27.7328 0.0000e+00
      0.318     -0.002     8.3907    106.598     31.616  33.348204    30.9600     5.7771     0.1278     1.1421 2.1599e+02     3.9354      0.312      0.452    27.7327 0.0000e+00
      0.317     -0.002     8.3918    106.512     31.611  33.342783    30.9600     5.7771     0.1278     1.1421 2.1731e+02     3.9656      0.311      0.451    27.7326 0.0000e+00
      0.317     -0.002     8.3912    106.437     31.613  33.345111    30.9600     5.7771     0.1278     1.1421 2.1845e+02     3.9203      0.311      0.450    27.7326 0.0000e+00
      0.316     -0.001     8.3882    106.392     31.616  33.347843    30.9600     5.7809     0.1278     1.1421 2.1873e+02     3.9656      0.310      0.449    27.7325 0.0000e+00
      0.316     -0.001     8.3827    106.390     31.608  33.339755    30.9600     5.7351     0.1278     1.0152 2.1873e+02     3.7541      0.309      0.449    27.7324 0.0000e+00
      0.315     -0.001     8.3760    106.434     31.607  33.338609    30.9600     5.7809     0.1278     1.0152 2.1835e+02     3.6635      0.309      0.448    27.7324 0.0000e+00
      0.315     -0.001     8.3701    106.525     31.612  33.344100    30.9600     5.7694     0.1278     1.0152 2.1840e+02     3.6332      0.309      0.448    27.7324 0.0000e+00
      0.315     -0.001     8.3665    106.643     31.598  33.329807    30.9600     5.7656     0.1278     1.0152 2.1816e+02     3.7088      0.309      0.448    27.7324 0.0000e+00
      0.315     -0.000     8.3663    106.765     31.572  33.301877    30.9600     5.8953     0.1278     1.0152 2.1779e+02     3.9807      0.308      0.447    27.7326 0.0000e+00
      0.315     -0.000     8.3698    106.875     31.557  33.286723    30.9600     5.8915     0.1278     1.1421 2.1722e+02     3.9958      0.308      0.447    27.7327 0.0000e+00
      0.315     -0.000     8.3769    106.959     31.553  33.282296    30.9600     5.8801     0.1278     1.1421 2.1628e+02     3.9505      0.308      0.447    27.7329 0.0000e+00
      0.315     -0.000     8.3862    107.013     31.558  33.287415    30.9600     5.9030     0.1278     1.1421 2.1576e+02     3.9203      0.308      0.447    27.7330 0.0000e+00
      0.315     -0.000     8.3958    107.044     31.583  33.313405    30.9600     5.9373     0.1278     1.1421 2.1604e+02     3.8447      0.308      0.447    27.7331 0.0000e+00
      0.315     -0.000     8.4045    107.060     31.602  33.333334    30.9600     5.9297     0.1278     1.0998 2.1618e+02     3.9052      0.308      0.447    27.7332 0.0000e+00
      0.314     -0.000     8.4111    107.065     31.591  33.322641    30.9600     5.9831     0.1278     1.0998 2.1670e+02     3.9807      0.308      0.447    27.7333 0.0000e+00
      0.314     -0.000     8.4153    107.060     31.576  33.306359    30.9600     5.9716     0.1278     1.0998 2.1689e+02     3.9656      0.308      0.446    27.7333 0.0000e+00
      0.314      0.000     8.4177    107.040     31.574  33.304048    30.9600     6.0289     0.1278     1.0998 2.1708e+02     3.9656      0.307      0.446    27.7333 0.0000e+00
      0.313      0.000     8.4189    106.994     31.584  33.315093    30.8700     5.9983     0.1278     1.0152 2.1760e+02     3.9203      0.307      0.446    27.7334 0.0000e+00
      0.313      0.000     8.4193    106.914     31.607  33.338454    30.8700     6.0479     0.1278     1.0152 2.1750e+02     3.8901      0.307      0.446    27.7335 0.0000e+00
      0.313      0.000     8.4189    106.799     31.631  33.364426    30.8700     5.9945     0.1278     1.0152 2.1779e+02     3.9958      0.307      0.446    27.7336 0.0000e+00
      0.314      0.000     8.4173    106.676     31.646  33.380019    30.8700     5.7504     0.1278     1.0152 2.1708e+02     3.9354      0.308      0.446    27.7335 0.0000e+00
      0.314      0.000     8.4138    106.588     31.647  33.381421    30.9600     5.7656     0.1278     1.0575 2.1821e+02     3.9203      0.308      0.447    27.7335 0.0000e+00
      0.314      0.000     8.4074    106.565     31.632  33.365024    30.9600     5.7580     0.1278     1.0575 2.1859e+02     3.9958      0.308      0.447    27.7335 0.0000e+00
      0.314      0.000     8.3984    106.600     31.609  33.340398    30.9600     5.7771     0.1278     1.0575 2.1878e+02     4.0260      0.308      0.446    27.7335 0.0000e+00
      0.314      0.000     8.3887    106.668     31.600  33.330853    30.9600     5.8305     0.1278     1.0575 2.1798e+02     3.5879      0.307      0.446    27.7334 0.0000e+00
      0.314      0.000     8.3819    106.741     31.593  33.323885    30.9600     5.8381     0.1278     1.0575 2.1769e+02     3.7692      0.307      0.446    27.7332 0.0000e+00
      0.313      0.000     8.3801    106.802     31.576  33.305684    30.8700     5.8305     0.0852     1.0998 2.1727e+02     3.6635      0.307      0.446    27.7329 0.0000e+00
      0.313      0.000     8.3829    106.842     31.564  33.293307    30.8700     5.8305     0.0852     1.0998 2.1779e+02     3.7692      0.307      0.446    27.7326 0.0000e+00
      0.313      0.000     8.3882    106.867     31.564  33.293413    30.8700     5.8305     0.0852     1.0998 2.1793e+02     3.6484      0.307      0.445    27.7324 0.0000e+00
      0.313      0.000     8.3941    106.875     31.571  33.300054    30.8700     5.8457     0.0852     1.0998 2.1854e+02     3.6484      0.307      0.445    27.7322 0.0000e+00
      0.313      0.000     8.3989    106.863     31.570  33.299067    30.8700     5.8343     0.1278     1.1421 2.1897e+02     3.6635      0.307      0.445    27.7320 0.0000e+00
      0.313     -0.001     8.4020    106.842     31.559  33.288196    30.8700     5.8534     0.1278     1.1421 2.1959e+02     3.6786      0.307      0.445    27.7320 0.0000e+00
      0.313     -0.001     8.4039    106.839     31.560  33.288445    30.8700     5.8305     0.1278     1.1421 2.1954e+02     3.6937      0.306      0.444    27.7320 0.0000e+00
      0.312     -0.001     8.4046    106.871     31.570  33.299881    30.8700     5.8419     0.1278     1.1421 2.2050e+02     3.7390      0.306      0.444    27.7322 0.0000e+00
      0.312     -0.001     8.4036    106.925     31.576  33.305633    30.8700     5.8381     0.1278     1.0998 2.1950e+02     3.6484      0.306      0.444    27.7324 0.0000e+00
      0.312     -0.001     8.4019    106.967     31.579  33.309229    30.8700     5.8534     0.1278     1.0998 2.2017e+02     3.6635      0.306      0.444    27.7325 0.0000e+00
      0.312     -0.001     8.4017    106.966     31.589  33.319594    30.8700     6.0289     0.1278     1.0998 2.1997e+02     4.0109      0.305      0.443    27.7326 0.0000e+00
      0.311     -0.001     8.4042    106.907     31.600  33.331525    30.8700     6.0250     0.1278     1.0998 2.1940e+02     3.8296      0.305      0.443    27.7326 0.0000e+00
      0.311     -0.001     8.4084    106.790     31.600  33.332269    30.8700     6.0365     0.1278     0.9729 2.1945e+02     3.9505      0.305      0.442    27.7326 0.0000e+00
      0.311     -0.001     8.4117    106.637     31.587  33.318041    30.8700     6.0174     0.1278     0.9729 2.1973e+02     3.9052      0.304      0.442    27.7326 0.0000e+00
      0.311     -0.000     8.4116    106.488     31.572  33.302974    30.8700     5.9335     0.1278     0.9729 2.1935e+02     3.6484      0.304      0.441    27.7328 0.0000e+00
      0.311      0.000     8.4069    106.384     31.574  33.304959    30.8700     5.9449     0.1278     0.9729 2.1935e+02     3.6484      0.304      0.441    27.7330 0.0000e+00
      0.311      0.001     8.3977    106.348     31.583  33.314567    30.8700     5.9297     0.1278     0.9729 2.2045e+02     3.6332      0.304      0.441    27.7332 0.0000e+00
      0.311      0.003     8.3856    106.387     31.577  33.308466    30.9600     5.9449     0.1278     1.1421 2.2060e+02     3.7239      0.305      0.442    27.7335 0.0000e+00
      0.312      0.004     8.3739    106.484     31.559  33.289013    30.9600     5.9526     0.1278     1.1421 2.2098e+02     3.8598      0.306      0.443    27.7338 0.0000e+00
      0.313      0.005     8.3656    106.611     31.542  33.270937    30.9600     5.9449     0.1278     1.1421 2.1859e+02     3.9052      0.307      0.445    27.7341 0.0000e+00
      0.315      0.005     8.3628    106.747     31.538  33.267347    30.9600     5.9678     0.1278     1.1421 2.1783e+02     3.8901      0.308      0.447    27.7343 0.0000e+00
      0.316      0.006     8.3659    106.876     31.546  33.275291    30.9600     5.9716     0.0852     1.0152 2.1750e+02     3.9958      0.310      0.449    27.7345 0.0000e+00
      0.318      0.006     8.3735    106.983     31.551  33.280955    30.9600     5.8190     0.0852     1.0152 2.1712e+02     4.0713      0.312      0.452    27.7346 0.0000e+00
      0.320      0.007     8.3835    107.055     31.556  33.285849    30.9600     5.8457     0.0852     1.0152 2.1717e+02     3.7994      0.313      0.454    27.7346 0.0000e+00
      0.321      0.007     8.3942    107.074     31.552  33.281318    30.9600     5.8419     0.0852     1.0152 2.1614e+02     3.9203      0.315      0.457    27.7344 0.0000e+00
      0.323      0.007     8.4043    107.029     31.534  33.262171    30.9600     5.8152     0.1278     1.0998 2.1459e+02     3.9505      0.317      0.460    27.7341 0.0000e+00
      0.325      0.006     8.4128    106.938     31.518  33.245212    30.9600     5.9106     0.1278     1.0998 2.1436e+02     3.7390      0.319      0.462    27.7338 0.0000e+00
