Data/DataNotYetUploadedToEDI/Raw_CTD/RawDownloads/070824_fcr10_S7809007.cnv
* Sea-Bird SBE19plus  Data File:
* FileName = C:\R\Reservoirs\Data\DataNotYetUploadedToEDI\Raw_CTD\RawDownloads\070824_fcr50_S7809_0007.hex
* Software version 2.8.0.119
* Temperature SN = 7809
* Conductivity SN = 7809
* System UpLoad Time = Jul 10 2024 15:57:43
* <ApplicationData>
* <Seaterm232>
# nquan = 15
# nvalues = 1075                        
# units = specified
# name 0 = depFM: Depth [fresh water, m]
# name 1 = dz/dtM: Descent Rate [m/s]
# name 2 = sbeox0Mg/L: Oxygen, SBE 43 [mg/l]
# name 3 = sbeox0PS: Oxygen, SBE 43 [% saturation]
# name 4 = specc: Specific Conductance [uS/cm]
# name 5 = c0uS/cm: Conductivity [uS/cm]
# name 6 = flECO-AFL: Fluorescence, WET Labs ECO-AFL/FL [mg/m^3]
# name 7 = ph: pH
# name 8 = orp: Oxidation Reduction Potential [mV]
# name 9 = par/sat/log: PAR/Logarithmic, Satlantic
# name 10 = turbWETntu0: Turbidity, WET Labs ECO [NTU]
# name 11 = prdM: Pressure, Strain Gauge [db]
# name 12 = prdE: Pressure, Strain Gauge [psi]
# name 13 = tv290C: Temperature [ITS-90, deg C]
# name 14 = flag:  0.000e+00
# span 0 =     -0.638,      2.197       
# span 1 =     -0.313,      0.146       
# span 2 =     0.0720,    10.3978       
# span 3 =      0.850,    131.654       
# span 4 =      0.560,    104.947       
# span 5 =   0.592528,  97.564898       
# span 6 =    -1.1554,    29.6310       
# span 7 =      6.238,      9.852       
# span 8 =  -273.8461,   963.8968       
# span 9 = 1.2358e-01, 3.0975e+03       
# span 10 =    -4.9902,   155.1463      
# span 11 =     -0.627,      2.158      
# span 12 =     -0.909,      3.130      
# span 13 =    21.3906,    33.6956      
# span 14 = 0.0000e+00, 0.0000e+00      
# interval = seconds: 0.25
# start_time = Jul 08 2024 12:36:19 [Instrument's time stamp, header]
# bad_flag = -9.990e-29
*END*
[from data line 579]
      1.917      0.017     0.4066      3.320     77.545  74.275947     5.6683      9.492    72.9098 1.6762e+00     6.8204      1.880      2.725    23.1750 0.0000e+00
      1.920      0.017     0.3862      2.937     77.330  73.937215     5.6663      9.482    72.4028 1.6546e+00     6.8407      1.883      2.731    23.0936 0.0000e+00
      1.925      0.016     0.3578      2.613     77.301  73.789648     5.7525      9.472    71.9258 1.6376e+00     6.9124      1.888      2.738    23.0338 0.0000e+00
      1.930      0.016     0.3208      2.335     77.303  73.699380     5.9020      9.463    71.4440 1.6309e+00     6.9351      1.893      2.745    22.9720 0.0000e+00
      1.934      0.015     0.2844      2.141     77.262  73.608475     5.9852      9.453    71.1382 1.6206e+00     6.9444      1.898      2.751    22.8889 0.0000e+00
      1.938      0.014     0.2503      2.083     77.360  73.707546     6.0097      9.444    70.8955 1.5998e+00     6.9568      1.901      2.757    22.7966 0.0000e+00
      1.942      0.013     0.2247      2.123     77.682  74.070856     6.2226      9.435    70.6614 1.5841e+00     6.9146      1.904      2.762    22.7176 0.0000e+00
      1.944      0.013     0.1996      2.208     78.002  74.441407     6.6278      9.427    70.6300 1.5735e+00     6.9466      1.907      2.765    22.6559 0.0000e+00
      1.946      0.013     0.1793      2.315     78.156  74.628017     6.8479      9.418    70.7737 1.5561e+00     7.0702      1.908      2.767    22.6160 0.0000e+00
      1.949      0.014     0.1777      2.422     78.320  74.801502     6.8372      9.409    70.9354 1.5457e+00     7.1790      1.911      2.771    22.6196 0.0000e+00
      1.953      0.015     0.1820      2.477     78.666  75.140427     6.4723      9.400    71.0361 1.5352e+00     7.1692      1.915      2.777    22.6684 0.0000e+00
      1.958      0.016     0.1901      2.465     79.160  75.610881     5.7826      9.390    71.0456 1.5177e+00     7.0193      1.920      2.785    22.7213 0.0000e+00
      1.962      0.018     0.1987      2.413     79.625  76.039529     5.3888      9.380    70.3616 1.5033e+00     6.8700      1.924      2.790    22.7431 0.0000e+00
      1.966      0.020     0.2107      2.317     79.743  76.127193     5.3314      9.370    68.1006 1.4880e+00     6.7992      1.927      2.796    22.7480 0.0000e+00
      1.971      0.021     0.2164      2.185     79.403  75.780717     5.2812      9.361    64.7017 1.4771e+00     6.7773      1.933      2.803    22.7567 0.0000e+00
      1.977      0.021     0.2124      2.035     79.085  75.474079     5.2138      9.351    61.3584 1.4657e+00     6.8100      1.939      2.812    22.7568 0.0000e+00
      1.984      0.021     0.2100      1.887     79.330  75.725563     5.1906      9.339    57.7059 1.4376e+00     6.8880      1.945      2.822    22.7450 0.0000e+00
      1.989      0.021     0.2007      1.778     80.100  76.469115     5.2081      9.327    53.1472 1.4047e+00     6.9342      1.951      2.829    22.7285 0.0000e+00
      1.995      0.021     0.1886      1.716     81.071  77.343770     5.3257      9.316    48.8290 1.3918e+00     6.9249      1.956      2.837    22.7090 0.0000e+00
      2.000      0.020     0.1763      1.697     81.995  78.099222     5.5477      9.305    45.5895 1.3866e+00     6.9116      1.962      2.845    22.7036 0.0000e+00
      2.004      0.019     0.1608      1.708     82.632  78.545537     5.6786      9.294    43.2322 1.3786e+00     6.9106      1.965      2.851    22.7238 0.0000e+00
      2.009      0.017     0.1519      1.705     82.987  78.734197     5.7346      9.283    41.4926 1.3699e+00     6.8786      1.970      2.857    22.7436 0.0000e+00
      2.014      0.016     0.1471      1.683     83.307  78.917647     6.2918      9.273    39.8712 1.3519e+00     6.8998      1.975      2.865    22.7145 0.0000e+00
      2.018      0.014     0.1448      1.662     83.678  79.173830     7.3384      9.264    37.8241 1.3304e+00     7.0312      1.979      2.870    22.6269 0.0000e+00
      2.021      0.013     0.1490      1.629     84.138  79.542462     7.9179      9.256    34.9821 1.3219e+00     7.1348      1.982      2.875    22.5166 0.0000e+00
      2.023      0.012     0.1488      1.578     84.803  80.131736     7.9551      9.249    31.3205 1.3321e+00     7.1287      1.984      2.878    22.4249 0.0000e+00
      2.026      0.011     0.1453      1.526     85.538  80.766447     7.8128      9.241    26.8489 1.3451e+00     7.0596      1.987      2.882    22.3571 0.0000e+00
      2.029      0.010     0.1452      1.472     86.108  81.175596     7.5627      9.234    21.6124 1.3481e+00     7.0162      1.989      2.885    22.2979 0.0000e+00
      2.032      0.009     0.1426      1.432     86.854  81.708219     7.4450      9.228    16.0167 1.3362e+00     7.0478      1.991      2.889    22.2544 0.0000e+00
      2.035      0.009     0.1369      1.412     88.201  82.818105     7.4467      9.221     9.2673 1.3177e+00     7.1004      1.995      2.894    22.2425 0.0000e+00
      2.037      0.010     0.1333      1.387     89.595  83.974276     7.4254      9.214     1.2659 1.3092e+00     7.2419      1.998      2.897    22.2270 0.0000e+00
      2.038      0.010     0.1281      1.357     90.322  84.493836     7.2205      9.207    -5.6156 1.2956e+00     8.9631      1.999      2.899    22.1400 0.0000e+00
      2.040      0.010     0.1235      1.328     90.487  84.520599     6.8418      9.199   -11.0406 1.2740e+00    12.1976      2.000      2.901    22.0238 0.0000e+00
      2.043      0.010     0.1244      1.295     90.295  84.297681     6.6173      9.190   -16.8347 1.2772e+00    14.0024      2.004      2.905    21.9439 0.0000e+00
      2.048      0.009     0.1217      1.252     89.970  84.024567     6.5373      9.182   -23.3593 1.2927e+00    14.2513      2.009      2.913    21.8653 0.0000e+00
      2.051      0.008     0.1188      1.185     89.834  83.953324     6.0242      9.175   -29.8734 1.2926e+00    15.5480      2.012      2.918    21.7619 0.0000e+00
      2.052      0.007     0.1174      1.113     89.772  83.945196     5.0910      9.169   -35.9717 1.2836e+00    18.0329      2.013      2.919    21.6780 0.0000e+00
      2.052      0.006     0.1136      1.083     89.513  83.735559     4.5845      9.162   -41.8555 1.2791e+00    19.4618      2.013      2.919    21.6581 0.0000e+00
      2.053      0.004     0.1113      1.083     89.056  83.326673     4.5358      9.155   -47.6692 1.2839e+00    19.7421      2.013      2.920    21.6869 0.0000e+00
      2.055      0.003     0.1050      1.071     88.691  83.008173     4.3023      9.150   -53.0930 1.2867e+00    20.9773      2.015      2.923    21.7239 0.0000e+00
      2.056      0.003     0.0957      1.064     88.710  83.064588     3.8498      9.146   -57.8750 1.2810e+00    23.1584      2.016      2.924    21.7530 0.0000e+00
      2.056      0.004     0.0938      1.074     89.056  83.436450     3.5927      9.141   -62.0394 1.2761e+00    24.3201      2.016      2.924    21.7712 0.0000e+00
      2.057      0.004     0.0966      1.092     89.410  83.815643     3.5491      9.135   -65.5868 1.2902e+00    24.5702      2.017      2.926    21.7777 0.0000e+00
      2.058      0.004     0.0935      1.131     89.575  84.024260     3.4055      9.130   -68.6734 1.3287e+00    26.2163      2.018      2.926    21.7867 0.0000e+00
      2.059      0.004     0.0922      1.182     89.517  84.050865     3.1466      9.124   -71.6549 1.3667e+00    29.1937      2.019      2.928    21.8107 0.0000e+00
      2.060      0.004     0.0946      1.228     89.145  83.819431     3.0079      9.117   -74.5324 1.3967e+00    30.8166      2.020      2.930    21.8404 0.0000e+00
      2.062      0.004     0.0944      1.258     88.534  83.388596     3.0107      9.110   -77.1370 1.4262e+00    30.9112      2.022      2.932    21.8659 0.0000e+00
      2.063      0.004     0.0987      1.273     87.864  82.912274     2.9971      9.105   -79.6582 1.4521e+00    30.3023      2.022      2.933    21.8908 0.0000e+00
      2.064      0.004     0.1038      1.276     87.148  82.385170     2.9514      9.099   -82.4747 1.4770e+00    29.1593      2.023      2.934    21.9333 0.0000e+00
      2.064      0.004     0.1078      1.265     86.517  81.912588     2.9234      9.093   -85.8096 1.5055e+00    28.5011      2.024      2.936    22.0035 0.0000e+00
      2.065      0.005     0.1105      1.239     86.212  81.713775     2.9335      9.086   -89.7797 1.5396e+00    28.4243      2.025      2.937    22.0871 0.0000e+00
      2.066      0.005     0.1112      1.207     86.267  81.825715     3.1153      9.080   -94.1691 1.5875e+00    28.3672      2.026      2.938    22.1773 0.0000e+00
      2.068      0.005     0.1115      1.185     86.681  82.248618     3.4486      9.071   -98.4429 1.6552e+00    28.2204      2.028      2.941    22.2680 0.0000e+00
      2.069      0.005     0.1102      1.158     87.441  82.947781     3.6339      9.062  -102.5638 1.7238e+00    28.1183      2.029      2.943    22.3424 0.0000e+00
      2.071      0.005     0.1080      1.118     88.152  83.537921     3.6584      9.052  -106.6540 1.7744e+00    28.1242      2.031      2.946    22.3911 0.0000e+00
      2.073      0.005     0.1038      1.093     88.267  83.532800     3.7032      9.039  -111.1578 1.8085e+00    28.1551      2.033      2.949    22.4245 0.0000e+00
      2.073      0.005     0.1028      1.084     87.954  83.140092     4.2914      9.024  -116.4084 1.8123e+00    28.4908      2.033      2.949    22.4497 0.0000e+00
      2.073      0.006     0.1016      1.076     88.043  83.177912     5.4023      9.009  -121.0962 1.8053e+00    29.2117      2.034      2.950    22.4400 0.0000e+00
      2.074      0.008     0.0960      1.076     88.111  83.226788     6.0151      8.995  -124.4741 1.8758e+00    29.6640      2.033      2.949    22.3842 0.0000e+00
      2.076      0.010     0.0942      1.078     87.308  82.458944     6.0248      8.983  -127.3941 2.0313e+00    29.7234      2.036      2.953    22.3091 0.0000e+00
      2.079      0.012     0.0947      1.047     86.454  81.652819     5.4701      8.973  -129.9884 2.1671e+00    29.8276      2.039      2.958    22.2444 0.0000e+00
      2.084      0.013     0.0933      1.011     85.954  81.175213     4.4436      8.965  -131.7494 2.2439e+00    30.0353      2.044      2.965    22.2245 0.0000e+00
      2.089      0.013     0.0927      0.999     85.393  80.626997     3.8835      8.957  -132.8558 2.3093e+00    30.1510      2.049      2.972    22.2267 0.0000e+00
      2.093      0.012     0.0959      0.997     84.843  80.111655     3.8174      8.949  -133.9870 2.3898e+00    29.8269      2.053      2.978    22.2128 0.0000e+00
      2.096      0.009     0.0915      1.005     84.443  79.777088     3.6526      8.942  -135.2744 2.4647e+00    25.7400      2.056      2.982    22.2185 0.0000e+00
      2.098      0.006     0.0861      1.008     84.228  79.634094     3.3723      8.937  -136.5476 2.5038e+00    18.3130      2.057      2.983    22.2223 0.0000e+00
      2.098      0.004     0.0880      1.013     84.054  79.527400     3.2332      8.931  -138.1964 2.5064e+00    14.3241      2.058      2.985    22.1960 0.0000e+00
      2.098      0.002     0.0852      1.023     83.841  79.377363     3.2357      8.923  -140.5825 2.4857e+00    13.8219      2.057      2.984    22.1961 0.0000e+00
      2.098      0.002     0.0885      1.027     83.621  79.218990     3.2451      8.914  -143.4581 2.4450e+00    11.6942      2.057      2.983    22.2306 0.0000e+00
      2.098      0.003     0.0875      1.051     83.544  79.202245     3.2470      8.906  -146.2936 2.3589e+00     7.7960      2.057      2.984    22.2682 0.0000e+00
      2.099      0.004     0.0870      1.076     83.792  79.492890     3.2334      8.898  -148.7956 2.2079e+00     5.6300      2.058      2.985    22.3034 0.0000e+00
      2.100      0.006     0.0906      1.110     84.093  79.808257     3.2297      8.890  -151.0817 2.0268e+00     5.4214      2.059      2.987    22.3335 0.0000e+00
      2.102      0.008     0.0870      1.217     84.136  79.836021     3.4354      8.883  -153.1127 1.8539e+00     5.3761      2.061      2.990    22.3595 0.0000e+00
      2.104      0.009     0.0917      1.372     84.102  79.764968     3.8403      8.876  -154.8543 1.7142e+00     5.2875      2.064      2.993    22.3947 0.0000e+00
      2.107      0.009     0.0942      1.524     84.225  79.839324     4.0794      8.868  -156.5659 1.5997e+00     5.2375      2.066      2.997    22.4353 0.0000e+00
      2.110      0.009     0.0923      1.671     84.473  80.035534     4.0794      8.860  -158.1480 1.4821e+00     5.2494      2.068      3.000    22.4573 0.0000e+00
      2.113      0.009     0.1038      1.805     84.913  80.420380     3.6491      8.852  -159.4430 1.3926e+00     5.1919      2.072      3.005    22.4460 0.0000e+00
      2.115      0.008     0.1202      1.930     85.480  80.931407     2.8551      8.844  -160.6953 1.3396e+00     5.0214      2.074      3.008    22.4134 0.0000e+00
      2.116      0.007     0.1315      2.058     85.937  81.317806     2.4273      8.838  -162.0179 1.2861e+00     4.9309      2.075      3.010    22.3918 0.0000e+00
      2.118      0.006     0.1457      2.152     86.101  81.403912     2.3964      8.833  -163.2163 1.2486e+00     5.1216      2.077      3.013    22.3667 0.0000e+00
      2.120      0.005     0.1574      2.196     85.972  81.209288     2.4819      8.828  -164.2580 1.2400e+00     6.9518      2.079      3.015    22.3452 0.0000e+00
      2.120      0.005     0.1664      2.194     86.080  81.253849     2.6534      8.821  -165.1490 1.2236e+00    10.2191      2.079      3.016    22.3410 0.0000e+00
      2.121      0.004     0.1805      2.141     86.785  81.879018     2.7559      8.815  -165.9013 1.2021e+00    11.9699      2.080      3.017    22.3129 0.0000e+00
      2.123      0.003     0.1889      2.056     87.652  82.663072     2.7644      8.810  -166.7295 1.1969e+00    12.0659      2.082      3.019    22.2680 0.0000e+00
      2.124      0.003     0.1920      1.944     88.219  83.165884     2.7640      8.804  -167.6766 1.1823e+00    12.0627      2.083      3.021    22.2203 0.0000e+00
      2.124      0.003     0.1933      1.808     88.617  83.506627     2.9085      8.798  -168.4913 1.1540e+00    12.8186      2.083      3.021    22.1869 0.0000e+00
      2.125      0.003     0.1872      1.684     88.961  83.793754     3.1966      8.793  -169.0950 1.1264e+00    14.3051      2.084      3.022    22.1688 0.0000e+00
      2.125      0.003     0.1799      1.592     88.982  83.775459     3.3683      8.788  -169.5550 1.0961e+00    15.1416      2.084      3.022    22.1481 0.0000e+00
      2.126      0.004     0.1707      1.527     88.755  83.539770     3.3869      8.782  -169.7501 1.0759e+00    15.1455      2.084      3.023    22.1315 0.0000e+00
      2.126      0.005     0.1571      1.492     88.487  83.297230     3.2636      8.777  -169.7333 1.0634e+00    14.3182      2.085      3.024    22.1119 0.0000e+00
      2.127      0.006     0.1457      1.465     88.084  82.941732     3.0252      8.772  -169.7820 1.0257e+00    12.7906      2.086      3.026    22.0916 0.0000e+00
      2.129      0.007     0.1385      1.433     87.787  82.675809     2.8933      8.766  -169.9951 9.5279e-01    11.9440      2.089      3.029    22.0665 0.0000e+00
      2.132      0.008     0.1321      1.424     88.065  82.943885     2.8680      8.760  -170.2455 8.7976e-01    11.8020      2.091      3.032    22.0475 0.0000e+00
      2.134      0.008     0.1300      1.438     88.526  83.384673     2.8190      8.755  -170.4860 8.3472e-01    11.4504      2.094      3.036    22.0595 0.0000e+00
      2.137      0.008     0.1290      1.448     88.432  83.299072     2.7502      8.750  -170.7520 7.9524e-01    10.9375      2.096      3.039    22.0806 0.0000e+00
