Data/DataNotYetUploadedToEDI/Raw_CTD/RawDownloads/070824_fcr50_S7809006.cnv
* Sea-Bird SBE19plus  Data File:
* FileName = C:\R\Reservoirs\Data\DataNotYetUploadedToEDI\Raw_CTD\RawDownloads\070824_fcr50_S7809_0006.hex
* Software version 2.8.0.119
* Temperature SN = 7809
* Conductivity SN = 7809
* System UpLoad Time = Jul 10 2024 15:57:14
* <ApplicationData>
* <Seaterm232>
# nquan = 15
# nvalues = 1672                        
# units = specified
# name 0 = depFM: Depth [fresh water, m]
# name 1 = dz/dtM: Descent Rate [m/s]
# name 2 = sbeox0Mg/L: Oxygen, SBE 43 [mg/l]
# name 3 = sbeox0PS: Oxygen, SBE 43 [% saturation]
# name 4 = specc: Specific Conductance [uS/cm]
# name 5 = c0uS/cm: Conductivity [uS/cm]
# name 6 = flECO-AFL: Fluorescence, WET Labs ECO-AFL/FL [mg/m^3]
# name 7 = ph: pH
# name 8 = orp: Oxidation Reduction Potential [mV]
# name 9 = par/sat/log: PAR/Logarithmic, Satlantic
# name 10 = turbWETntu0: Turbidity, WET Labs ECO [NTU]
# name 11 = prdM: Pressure, Strain Gauge [db]
# name 12 = prdE: Pressure, Strain Gauge [psi]
# name 13 = tv290C: Temperature [ITS-90, deg C]
# name 14 = flag:  0.000e+00
# span 0 =     -0.639,      9.441       
# span 1 =     -0.261,      0.283       
# span 2 =     0.1235,     9.1504       
# span 3 =      1.246,    115.190       
# span 4 =      0.903,    473.737       
# span 5 =   1.026581, 348.831015       
# span 6 =    -0.7528,     8.7699       
# span 7 =      6.156,      9.303       
# span 8 =   -45.1529,  1001.0599       
# span 9 = 1.2344e-01, 1.9589e+03       
# span 10 =    -0.4141,   202.0923      
# span 11 =     -0.627,      9.260      
# span 12 =     -0.909,     13.431      
# span 13 =    11.7957,    31.8024      
# span 14 = 0.0000e+00, 0.0000e+00      
# interval = seconds: 0.25
# start_time = Jul 08 2024 11:52:22 [Instrument's time stamp, header]
# bad_flag = -9.990e-29
*END*
[from data line 868]
      5.456      0.033     8.3224     77.166     52.850  38.967689     0.5435      7.607   151.5989 5.1676e-01    28.7528      5.352      7.762    11.9188 0.0000e+00
      5.464      0.029     8.3253     77.191     52.852  38.966536     0.5492      7.606   151.9503 5.2062e-01    28.7782      5.359      7.772    11.8913 0.0000e+00
      5.470      0.025     8.3297     77.226     52.887  38.990567     0.5504      7.605   152.3309 5.1984e-01    28.7956      5.365      7.781    11.8764 0.0000e+00
      5.475      0.023     8.3361     77.281     52.906  39.004404     0.5415      7.603   152.6739 5.1573e-01    28.8266      5.370      7.787    11.8678 0.0000e+00
      5.479      0.021     8.3421     77.354     52.909  39.006909     0.5320      7.602   152.9132 5.0793e-01    28.8795      5.373      7.793    11.8628 0.0000e+00
      5.484      0.021     8.3435     77.445     52.927  39.020859     0.5273      7.601   153.1597 4.9263e-01    28.9574      5.378      7.800    11.8604 0.0000e+00
      5.489      0.021     8.3468     77.528     52.957  39.046149     0.5347      7.600   153.5897 4.7642e-01    28.9477      5.383      7.807    11.8594 0.0000e+00
      5.495      0.022     8.3543     77.606     52.970  39.058842     0.5472      7.599   154.0684 4.7158e-01    28.8312      5.389      7.816    11.8596 0.0000e+00
      5.501      0.023     8.3599     77.688     52.955  39.047409     0.5369      7.597   154.3870 4.7717e-01    28.7105      5.396      7.826    11.8595 0.0000e+00
      5.506      0.024     8.3730     77.745     52.942  39.034831     0.5262      7.596   154.5166 4.6243e-01    28.6840      5.400      7.833    11.8592 0.0000e+00
      5.512      0.025     8.3805     77.767     52.945  39.033689     0.5348      7.595   154.6029 4.2408e-01    28.7836      5.405      7.840    11.8623 0.0000e+00
      5.519      0.026     8.3866     77.760     52.949  39.033594     0.5491      7.593   155.0859 4.0494e-01    28.9231      5.412      7.850    11.8670 0.0000e+00
      5.526      0.028     8.3986     77.751     52.950  39.033680     0.5489      7.592   155.9690 4.0302e-01    28.9701      5.419      7.859    11.8665 0.0000e+00
      5.533      0.030     8.4044     77.761     52.950  39.034729     0.5321      7.591   156.4180 3.9293e-01    28.9082      5.426      7.871    11.8630 0.0000e+00
      5.541      0.030     8.4084     77.788     52.963  39.046276     0.5291      7.590   156.4710 3.8533e-01    28.8589      5.433      7.881    11.8593 0.0000e+00
      5.550      0.030     8.4062     77.805     52.958  39.046371     0.5461      7.589   156.6958 3.7930e-01    28.8523      5.442      7.893    11.8563 0.0000e+00
      5.559      0.031     8.4048     77.800     52.938  39.035881     0.5555      7.589   157.0717 3.6376e-01    28.8281      5.453      7.909    11.8554 0.0000e+00
      5.566      0.034     8.4053     77.788     52.950  39.046371     0.5502      7.588   157.5746 3.4934e-01    28.7710      5.459      7.918    11.8565 0.0000e+00
      5.572      0.036     8.4097     77.768     52.954  39.046286     0.5403      7.587   158.1296 3.4073e-01    28.6742      5.463      7.924    11.8582 0.0000e+00
      5.580      0.036     8.4116     77.743     52.944  39.034842     0.5358      7.586   158.4480 3.2872e-01    28.6487      5.470      7.934    11.8618 0.0000e+00
      5.592      0.036     8.4083     77.718     52.946  39.034927     0.5465      7.585   158.4988 3.1628e-01    28.7360      5.484      7.953    11.8680 0.0000e+00
      5.605      0.035     8.4074     77.709     52.962  39.047314     0.5535      7.582   158.4862 3.0836e-01    28.7728      5.498      7.974    11.8699 0.0000e+00
      5.616      0.032     8.4058     77.725     52.972  39.057690     0.5441      7.580   158.5533 3.0083e-01    28.6848      5.508      7.990    11.8652 0.0000e+00
      5.623      0.028     8.4040     77.754     52.937  39.033458     0.5336      7.578   158.8799 3.0132e-01    28.5941      5.516      8.000    11.8608 0.0000e+00
      5.627      0.024     8.4008     77.801     52.902  39.008178     0.5346      7.577   159.2512 2.9991e-01    28.6316      5.519      8.004    11.8589 0.0000e+00
      5.630      0.022     8.3985     77.865     52.901  39.005882     0.5395      7.576   159.6010 2.8602e-01    28.7290      5.522      8.008    11.8605 0.0000e+00
      5.634      0.023     8.4012     77.897     52.906  39.005684     0.5343      7.575   159.6679 2.7937e-01    28.7804      5.526      8.014    11.8634 0.0000e+00
      5.639      0.025     8.4042     77.900     52.911  39.005779     0.5294      7.574   159.2854 2.7505e-01    28.7413      5.529      8.020    11.8645 0.0000e+00
      5.647      0.029     8.4066     77.895     52.917  39.007037     0.5223      7.572   159.1925 2.5970e-01    28.6313      5.538      8.031    11.8659 0.0000e+00
      5.657      0.033     8.4189     77.855     52.938  39.020883     0.5235      7.570   159.4056 2.4731e-01    28.6122      5.548      8.047    11.8652 0.0000e+00
      5.666      0.036     8.4216     77.780     52.973  39.046267     0.5445      7.569   159.8821 2.4100e-01    28.7153      5.556      8.059    11.8607 0.0000e+00
      5.676      0.040     8.4209     77.705     52.993  39.060102     0.5588      7.567   160.6524 2.2953e-01    28.7843      5.565      8.071    11.8562 0.0000e+00
      5.686      0.044     8.4236     77.660     52.995  39.061247     0.5635      7.565   160.9758 2.2164e-01    28.7979      5.576      8.088    11.8535 0.0000e+00
      5.696      0.046     8.4191     77.641     52.994  39.060103     0.5680      7.563   160.6951 2.2383e-01    28.8458      5.585      8.100    11.8523 0.0000e+00
      5.708      0.046     8.4097     77.646     52.976  39.046267     0.5803      7.561   160.4415 2.0692e-01    28.9192      5.596      8.116    11.8515 0.0000e+00
      5.723      0.044     8.3996     77.683     52.941  39.020884     0.5879      7.558   160.5774 1.8247e-01    29.0366      5.612      8.140    11.8509 0.0000e+00
      5.738      0.039     8.3961     77.739     52.921  39.007047     0.5595      7.556   160.9610 1.7796e-01    29.1720      5.629      8.164    11.8506 0.0000e+00
      5.749      0.034     8.3939     77.795     52.919  39.005883     0.5197      7.554   161.6383 1.7281e-01    29.1904      5.640      8.180    11.8503 0.0000e+00
      5.754      0.028     8.3938     77.847     52.920  39.006819     0.5060      7.552   162.3136 1.7033e-01    29.1225      5.642      8.184    11.8500 0.0000e+00
      5.757      0.023     8.3984     77.890     52.934  39.018355     0.5027      7.552   162.4151 1.7602e-01    29.0685      5.645      8.186    11.8507 0.0000e+00
      5.761      0.019     8.4053     77.922     52.927  39.018449     0.5051      7.551   162.4354 1.7560e-01    29.0494      5.649      8.193    11.8516 0.0000e+00
      5.766      0.017     8.4109     77.941     52.903  39.007959     0.5177      7.550   162.6459 1.7215e-01    28.9949      5.655      8.202    11.8517 0.0000e+00
      5.771      0.017     8.4175     77.974     52.912  39.018458     0.5217      7.548   163.3244 1.7137e-01    28.9205      5.660      8.209    11.8513 0.0000e+00
      5.775      0.018     8.4214     78.033     52.912  39.018467     0.5205      7.547   164.7886 1.7451e-01    28.9355      5.663      8.214    11.8513 0.0000e+00
      5.779      0.023     8.4250     78.079     52.901  39.008064     0.5281      7.542   166.2389 1.7284e-01    29.0062      5.668      8.220    11.8571 0.0000e+00
      5.783      0.033     8.4237     78.114     52.923  39.019603     0.5476      7.531   167.3517 1.5792e-01    29.0577      5.671      8.225    11.8663 0.0000e+00
      5.787      0.046     8.4247     78.149     52.944  39.031046     0.5565      7.516   167.7470 1.4634e-01    29.0122      5.675      8.231    11.8695 0.0000e+00
      5.795      0.055     8.4356     78.165     52.930  39.019501     0.5356      7.505   167.5765 1.4055e-01    28.8997      5.678      8.236    11.8686 0.0000e+00
      5.816      0.060     8.4390     78.154     52.911  39.006931     0.5115      7.498   168.3875 1.3196e-01    28.8597      5.697      8.262    11.8670 0.0000e+00
      5.848      0.061     8.4428     78.122     52.908  39.005987     0.5225      7.492   169.8955 1.2595e-01    28.9040      5.740      8.324    11.8625 0.0000e+00
      5.871      0.058     8.4495     78.060     52.909  39.008088     0.5526      7.489   170.5799 1.2383e-01    28.9570      5.766      8.363    11.8572 0.0000e+00
      5.877      0.050     8.4517     77.977     52.941  39.032328     0.5510      7.488   170.4679 1.2361e-01    28.9193      5.764      8.361    11.8562 0.0000e+00
      5.881      0.038     8.4491     77.914     52.958  39.045228     0.5360      7.487   170.1772 1.2359e-01    28.8583      5.764      8.362    11.8581 0.0000e+00
      5.889      0.027     8.4462     77.879     52.944  39.037141     0.5296      7.487   169.9894 1.2355e-01    28.9023      5.775      8.377    11.8597 0.0000e+00
      5.898      0.022     8.4395     77.854     52.969  39.061466     0.5241      7.487   170.0900 1.2350e-01    28.9734      5.785      8.390    11.8612 0.0000e+00
      5.903      0.022     8.4272     77.845     52.987  39.085505     0.5348      7.486   170.4474 1.2349e-01    29.0342      5.789      8.397    11.8614 0.0000e+00
      5.907      0.023     8.4210     77.857     52.955  39.073969     0.5428      7.485   170.9549 1.2354e-01    29.0223      5.792      8.401    11.8611 0.0000e+00
      5.910      0.024     8.4183     77.885     52.912  39.048917     0.5290      7.485   171.4080 1.2362e-01    28.9325      5.797      8.406    11.8617 0.0000e+00
      5.915      0.026     8.4138     77.920     52.900  39.036452     0.5175      7.485   170.8490 1.2367e-01    28.9045      5.800      8.412    11.8667 0.0000e+00
      5.923      0.028     8.4106     77.972     52.932  39.050176     0.5291      7.484   169.7035 1.2365e-01    28.9227      5.807      8.423    11.8785 0.0000e+00
      5.933      0.029     8.4090     78.019     52.994  39.087922     0.5444      7.483   169.5168 1.2358e-01    28.9134      5.818      8.439    11.8929 0.0000e+00
      5.943      0.028     8.4119     78.014     53.024  39.112047     0.5355      7.484   170.0544 1.2350e-01    28.8614      5.828      8.453    11.9010 0.0000e+00
      5.952      0.028     8.4149     77.994     52.977  39.088032     0.5220      7.484   170.6976 1.2350e-01    28.8400      5.837      8.466    11.8959 0.0000e+00
      5.957      0.030     8.4234     78.002     52.918  39.051421     0.5314      7.484   171.0984 1.2359e-01    28.9282      5.844      8.476    11.8829 0.0000e+00
      5.960      0.032     8.4352     78.032     52.925  39.050163     0.5493      7.482   170.5130 1.2367e-01    29.0402      5.845      8.477    11.8731 0.0000e+00
      5.964      0.035     8.4302     78.057     52.973  39.072815     0.5551      7.480   169.5562 1.2367e-01    29.0659      5.845      8.477    11.8746 0.0000e+00
      5.977      0.040     8.4238     78.054     52.983  39.071445     0.5511      7.475   169.9397 1.2359e-01    29.0008      5.859      8.496    11.8894 0.0000e+00
      5.994      0.052     8.4230     78.024     52.938  39.033576     0.5343      7.465   171.5358 1.2354e-01    28.9016      5.881      8.530    11.9019 0.0000e+00
      6.004      0.066     8.4291     77.989     52.893  38.995718     0.5263      7.453   172.9384 1.2358e-01    28.8921      5.891      8.545    11.8914 0.0000e+00
      6.013      0.075     8.4368     77.971     52.896  38.994471     0.5470      7.445   173.0462 1.2363e-01    29.0218      5.890      8.543    11.8740 0.0000e+00
      6.034      0.078     8.4367     77.947     52.929  39.018494     0.5599      7.440   172.2367 1.2359e-01    29.1720      5.910      8.571    11.8677 0.0000e+00
      6.070      0.077     8.4341     77.896     52.945  39.032329     0.5409      7.438   171.7547 1.2352e-01    29.2040      5.955      8.638    11.8642 0.0000e+00
      6.100      0.074     8.4286     77.840     52.945  39.034825     0.5162      7.435   171.6059 1.2352e-01    29.1356      5.990      8.688    11.8606 0.0000e+00
      6.115      0.065     8.4296     77.794     52.960  39.048679     0.5196      7.433   171.4709 1.2356e-01    29.0635      5.998      8.699    11.8566 0.0000e+00
      6.123      0.052     8.4290     77.778     52.988  39.072919     0.5401      7.434   172.0156 1.2355e-01    29.0152      6.003      8.707    11.8551 0.0000e+00
      6.133      0.039     8.4199     77.803     52.981  39.074064     0.5480      7.435   173.0287 1.2350e-01    28.9956      6.015      8.723    11.8588 0.0000e+00
      6.140      0.034     8.4143     77.852     52.960  39.062526     0.5403      7.434   173.2233 1.2351e-01    28.9624      6.023      8.736    11.8616 0.0000e+00
      6.145      0.034     8.4075     77.907     52.957  39.060342     0.5300      7.434   173.0778 1.2359e-01    28.9211      6.025      8.738    11.8627 0.0000e+00
      6.152      0.036     8.4048     77.978     52.944  39.047661     0.5317      7.435   172.9903 1.2360e-01    28.9411      6.029      8.745    11.8656 0.0000e+00
      6.164      0.038     8.4070     78.078     52.934  39.036114     0.5442      7.436   172.5948 1.2354e-01    28.9309      6.044      8.766    11.8731 0.0000e+00
      6.177      0.039     8.4118     78.151     52.955  39.047650     0.5556      7.436   173.4585 1.2352e-01    28.9000      6.059      8.788    11.8794 0.0000e+00
      6.187      0.040     8.4185     78.161     52.973  39.060219     0.5527      7.436   175.7756 1.2355e-01    28.9431      6.066      8.797    11.8770 0.0000e+00
      6.198      0.041     8.4241     78.146     52.968  39.061153     0.5345      7.434   177.2083 1.2357e-01    29.0423      6.077      8.815    11.8732 0.0000e+00
      6.208      0.043     8.4394     78.128     52.964  39.058950     0.5279      7.430   177.1015 1.2358e-01    29.1768      6.091      8.835    11.8709 0.0000e+00
      6.213      0.044     8.4511     78.091     52.939  39.033576     0.5394      7.427   176.3774 1.2355e-01    29.2037      6.092      8.836    11.8636 0.0000e+00
      6.222      0.047     8.4490     78.031     52.915  39.008203     0.5486      7.426   176.4545 1.2348e-01    29.1622      6.097      8.842    11.8625 0.0000e+00
      6.239      0.052     8.4442     77.959     52.919  39.006001     0.5562      7.425   177.6891 1.2350e-01    29.1187      6.120      8.876    11.8724 0.0000e+00
      6.256      0.059     8.4444     77.896     52.924  39.006945     0.5642      7.423   178.7436 1.2355e-01    29.0201      6.139      8.904    11.8739 0.0000e+00
      6.268      0.065     8.4411     77.857     52.943  39.019619     0.5785      7.420   179.0521 1.2359e-01    28.9943      6.144      8.913    11.8638 0.0000e+00
      6.283      0.067     8.4369     77.847     52.962  39.032309     0.6041      7.418   179.0960 1.2364e-01    29.0113      6.157      8.930    11.8549 0.0000e+00
      6.305      0.067     8.4283     77.860     52.964  39.033463     0.5988      7.416   178.5853 1.2362e-01    29.0891      6.183      8.968    11.8508 0.0000e+00
      6.326      0.068     8.4213     77.866     52.964  39.033568     0.5567      7.413   177.7823 1.2360e-01    29.2863      6.207      9.003    11.8489 0.0000e+00
      6.342      0.068     8.4182     77.883     52.963  39.033568     0.5275      7.412   177.9904 1.2362e-01    29.3805      6.220      9.022    11.8476 0.0000e+00
      6.356      0.066     8.4155     77.901     52.963  39.033465     0.5291      7.412   178.6071 1.2361e-01    29.3743      6.232      9.038    11.8468 0.0000e+00
      6.372      0.064     8.4211     77.891     52.962  39.032320     0.5424      7.411   179.1300 1.2356e-01    29.2788      6.248      9.061    11.8459 0.0000e+00
