Data/DataNotYetUploadedToEDI/Raw_CTD/RawDownloads/070824_fcr20_S7809008.cnv
* Sea-Bird SBE19plus  Data File:
* FileName = C:\R\Reservoirs\Data\DataNotYetUploadedToEDI\Raw_CTD\RawDownloads\070824_fcr50_S7809_0008.hex
* Software version 2.8.0.119
* Temperature SN = 7809
* Conductivity SN = 7809
* System UpLoad Time = Jul 10 2024 15:58:09
* <ApplicationData>
* <Seaterm232>
# nquan = 15
# nvalues = 908                         
# units = specified
# name 0 = depFM: Depth [fresh water, m]
# name 1 = dz/dtM: Descent Rate [m/s]
# name 2 = sbeox0Mg/L: Oxygen, SBE 43 [mg/l]
# name 3 = sbeox0PS: Oxygen, SBE 43 [% saturation]
# name 4 = specc: Specific Conductance [uS/cm]
# name 5 = c0uS/cm: Conductivity [uS/cm]
# name 6 = flECO-AFL: Fluorescence, WET Labs ECO-AFL/FL [mg/m^3]
# name 7 = ph: pH
# name 8 = orp: Oxidation Reduction Potential [mV]
# name 9 = par/sat/log: PAR/Logarithmic, Satlantic
# name 10 = turbWETntu0: Turbidity, WET Labs ECO [NTU]
# name 11 = prdM: Pressure, Strain Gauge [db]
# name 12 = prdE: Pressure, Strain Gauge [psi]
# name 13 = tv290C: Temperature [ITS-90, deg C]
# name 14 = flag:  0.000e+00
# span 0 =     -0.635,      2.689       
# span 1 =     -0.309,      0.154       
# span 2 =     0.0797,     9.6645       
# span 3 =      0.932,    122.695       
# span 4 =      1.596,     96.814       
# span 5 =   1.620589,  85.980031       
# span 6 =    -0.1255,   232.7847       
# span 7 =      7.490,      9.351       
# span 8 =  -286.4908,   135.3488       
# span 9 = 3.7550e+00, 2.0479e+03       
# span 10 =    -2.7340,   953.4809      
# span 11 =     -0.624,      2.638      
# span 12 =     -0.905,      3.825      
# span 13 =    18.2258,    29.0583      
# span 14 = 0.0000e+00, 0.0000e+00      
# interval = seconds: 0.25
# start_time = Jul 08 2024 12:45:37 [Instrument's time stamp, header]
# bad_flag = -9.990e-29
*END*
[from data line 675]
      2.600     -0.151     0.1125      1.222     95.762  84.332268     1.8018      8.400  -176.9848 6.2483e+00    28.9749      2.549      3.697    18.2747 0.0000e+00
      2.562     -0.173     0.1151      1.221     95.408  84.363403     1.9786      8.388  -176.3089 6.6533e+00    15.6747      2.521      3.656    18.4508 0.0000e+00
      2.507     -0.169     0.1176      1.211     95.206  84.426875     2.0851      8.373  -175.5078 7.2634e+00     8.6091      2.467      3.576    18.6589 0.0000e+00
      2.435     -0.141     0.1153      1.184     95.202  84.527598     2.0997      8.357  -175.2143 7.9208e+00     9.4387      2.385      3.460    18.8277 0.0000e+00
      2.372     -0.099     0.1120      1.154     95.363  84.627320     2.0883      8.346  -175.1692 8.3326e+00    24.7487      2.310      3.351    19.0300 0.0000e+00
      2.349     -0.051     0.1136      1.132     95.653  84.742091     2.0724      8.339  -175.1348 8.2435e+00    52.8476      2.283      3.311    19.2307 0.0000e+00
      2.370     -0.007     0.1122      1.119     95.940  84.833818     2.0659      8.334  -175.1433 7.8723e+00    68.1840      2.320      3.364    19.3571 0.0000e+00
      2.406      0.016     0.1087      1.101     95.955  84.718502     2.0589      8.331  -175.0996 7.6054e+00    69.6481      2.366      3.430    19.4208 0.0000e+00
      2.432      0.003     0.1063      1.080     95.598  84.365294     2.0464      8.329  -175.2081 7.4582e+00    70.3795      2.388      3.463    19.3875 0.0000e+00
      2.443     -0.042     0.1034      1.067     94.926  83.870534     2.0059      8.325  -175.3373 7.4117e+00    77.3345      2.401      3.482    19.2911 0.0000e+00
      2.433     -0.097     0.1039      1.048     94.056  83.315876     1.9533      8.318  -175.3715 7.6474e+00    90.2039      2.399      3.479    19.2039 0.0000e+00
      2.388     -0.135     0.1022      1.025     93.546  83.128883     1.9342      8.309  -175.4486 8.2258e+00    97.2349      2.356      3.416    19.1239 0.0000e+00
      2.313     -0.145     0.0990      1.015     93.733  83.517968     1.9332      8.304  -175.5821 8.9846e+00    97.0670      2.271      3.293    19.0904 0.0000e+00
      2.237     -0.131     0.0993      1.013     94.035  83.886588     1.9488      8.300  -176.2111 9.5276e+00    88.0723      2.178      3.159    19.1502 0.0000e+00
      2.197     -0.106     0.0971      1.016     93.845  83.706356     1.9733      8.299  -176.9445 9.5619e+00    71.5213      2.137      3.098    19.2766 0.0000e+00
      2.199     -0.081     0.0934      1.031     93.209  83.119571     1.9713      8.301  -176.7060 9.3304e+00    62.4185      2.152      3.121    19.4348 0.0000e+00
      2.217     -0.073     0.0930      1.062     92.468  82.515753     1.9584      8.305  -175.9945 9.1457e+00    61.2581      2.177      3.158    19.5741 0.0000e+00
      2.226     -0.085     0.0927      1.087     91.822  82.065965     1.9758      8.306  -175.6558 9.1971e+00    58.2426      2.193      3.180    19.6250 0.0000e+00
      2.210     -0.109     0.0929      1.095     91.455  81.878771     2.0236      8.306  -175.6221 9.6845e+00    52.9444      2.181      3.163    19.5940 0.0000e+00
      2.157     -0.128     0.0937      1.110     91.507  82.033282     2.0533      8.305  -175.6731 1.0646e+01    50.0768      2.126      3.084    19.5623 0.0000e+00
      2.081     -0.132     0.0973      1.107     91.732  82.280799     2.0608      8.305  -175.6701 1.1662e+01    49.3949      2.035      2.952    19.5992 0.0000e+00
      2.020     -0.117     0.1012      1.080     91.867  82.391319     2.0561      8.306  -175.9299 1.2083e+01    44.7349      1.962      2.846    19.6821 0.0000e+00
      2.000     -0.088     0.0983      1.068     91.930  82.415614     2.0207      8.309  -176.5768 1.1904e+01    36.3295      1.951      2.830    19.7656 0.0000e+00
      2.007     -0.053     0.1024      1.067     91.853  82.320105     1.9820      8.313  -176.9532 1.1626e+01    31.7295      1.968      2.856    19.8326 0.0000e+00
      2.017     -0.028     0.1026      1.047     91.576  82.063247     1.9792      8.318  -176.8669 1.1529e+01    30.9958      1.982      2.875    19.8558 0.0000e+00
      2.019     -0.026     0.0969      1.010     91.114  81.662997     1.9544      8.321  -176.7379 1.1582e+01    27.2203      1.983      2.876    19.8409 0.0000e+00
      2.012     -0.048     0.0971      0.992     90.163  80.851256     1.8732      8.323  -176.3404 1.1716e+01    20.2731      1.975      2.864    19.8184 0.0000e+00
      2.000     -0.082     0.0982      0.994     88.564  79.498090     1.8137      8.326  -175.8461 1.1977e+01    16.4103      1.965      2.849    19.8023 0.0000e+00
      1.978     -0.114     0.0966      0.996     87.194  78.401388     1.8008      8.327  -175.9243 1.2487e+01    15.9726      1.945      2.821    19.7969 0.0000e+00
      1.941     -0.131     0.0910      1.004     86.304  77.765220     1.7998      8.325  -175.8233 1.3317e+01    15.7671      1.909      2.769    19.8042 0.0000e+00
      1.891     -0.130     0.0894      1.014     84.823  76.575187     1.8022      8.321  -175.3130 1.4445e+01    15.4958      1.858      2.695    19.8245 0.0000e+00
      1.836     -0.114     0.0913      1.006     81.973  74.122073     1.8052      8.320  -175.1742 1.5503e+01    15.3912      1.795      2.604    19.8658 0.0000e+00
      1.795     -0.088     0.0905      1.007     78.589  71.244997     1.8022      8.321  -175.2645 1.5925e+01    15.3903      1.747      2.534    19.9436 0.0000e+00
      1.785     -0.064     0.0904      1.016     77.052  70.139512     1.7992      8.322  -174.9420 1.5790e+01    15.1437      1.745      2.531    20.0547 0.0000e+00
      1.793     -0.055     0.0938      1.025     77.402  70.736019     1.8104      8.325  -174.1999 1.5558e+01    12.9558      1.759      2.551    20.1462 0.0000e+00
      1.804     -0.067     0.0899      1.057     77.745  71.212000     1.8377      8.329  -173.7773 1.5439e+01     9.0563      1.770      2.568    20.1927 0.0000e+00
      1.804     -0.092     0.0905      1.096     77.445  71.000764     1.8545      8.330  -173.7894 1.5812e+01     6.9722      1.779      2.581    20.2896 0.0000e+00
      1.778     -0.117     0.0924      1.120     76.769  70.406628     1.8644      8.328  -173.3143 1.7147e+01     6.9196      1.759      2.552    20.5122 0.0000e+00
      1.716     -0.130     0.0900      1.129     76.226  69.939423     1.8823      8.324  -172.1624 1.9324e+01     7.9085      1.689      2.450    20.7245 0.0000e+00
      1.643     -0.125     0.0945      1.116     75.962  69.737422     1.8955      8.320  -171.0479 2.1175e+01     9.6714      1.598      2.317    20.8156 0.0000e+00
      1.596     -0.101     0.0989      1.095     75.870  69.680346     1.8915      8.318  -170.2496 2.1659e+01    10.6081      1.551      2.248    20.8428 0.0000e+00
      1.586     -0.066     0.1003      1.079     75.529  69.376478     1.8665      8.318  -169.8240 2.1261e+01    10.5921      1.550      2.248    20.8457 0.0000e+00
      1.596     -0.026     0.1018      1.050     75.096  68.986901     1.8600      8.318  -169.6020 2.0771e+01     9.9220      1.564      2.268    20.8679 0.0000e+00
      1.610      0.005     0.1002      1.022     75.546  69.418855     1.8953      8.320  -169.2848 2.0524e+01     8.7576      1.581      2.293    20.9034 0.0000e+00
      1.618      0.019     0.0965      0.995     76.750  70.531616     1.9279      8.322  -169.0865 2.0626e+01     8.1613      1.590      2.306    20.9200 0.0000e+00
      1.618      0.017     0.0979      0.961     77.236  70.937292     1.9290      8.323  -169.3550 2.0770e+01     8.1103      1.586      2.300    20.9238 0.0000e+00
      1.619     -0.003     0.0932      0.961     75.660  69.429759     1.9008      8.326  -169.6070 2.0706e+01     7.7984      1.584      2.298    20.9208 0.0000e+00
      1.624     -0.040     0.0907      0.982     72.779  66.794501     1.8617      8.330  -169.3798 2.0568e+01     7.2599      1.593      2.310    20.9411 0.0000e+00
      1.629     -0.094     0.0904      1.004     70.330  64.685965     1.8477      8.331  -168.9308 2.0796e+01     6.9965      1.602      2.324    20.9588 0.0000e+00
      1.617     -0.150     0.0832      1.039     68.441  63.190290     1.8566      8.330  -168.4800 2.2156e+01     7.0389      1.599      2.319    20.9268 0.0000e+00
      1.571     -0.193     0.0854      1.055     67.455  62.562049     1.8851      8.325  -167.9740 2.5289e+01     7.2600      1.557      2.257    20.8596 0.0000e+00
      1.485     -0.209     0.0888      1.049     67.461  62.808562     1.9179      8.317  -167.3722 3.0287e+01     7.5177      1.466      2.126    20.8444 0.0000e+00
      1.382     -0.194     0.0880      1.054     66.905  62.422692     1.9286      8.312  -166.8825 3.5587e+01     7.5595      1.347      1.953    20.9569 0.0000e+00
      1.303     -0.154     0.0935      1.054     65.730  61.391052     1.9240      8.312  -166.6980 3.8288e+01     7.4913      1.255      1.820    21.1520 0.0000e+00
      1.278     -0.095     0.0949      1.030     65.039  60.817987     1.9201      8.313  -166.8620 3.7798e+01     7.4445      1.238      1.795    21.3762 0.0000e+00
      1.295     -0.033     0.0909      1.010     64.898  60.766957     1.9308      8.315  -167.0587 3.6234e+01     7.4034      1.269      1.840    21.5831 0.0000e+00
      1.321      0.016     0.0933      1.004     64.711  60.647103     1.9378      8.315  -167.0973 3.5108e+01     7.3706      1.299      1.885    21.6685 0.0000e+00
      1.340      0.040     0.0939      1.009     64.194  60.194755     1.9376      8.315  -167.0708 3.4496e+01     7.3208      1.317      1.909    21.6826 0.0000e+00
      1.350      0.042     0.0900      1.034     63.739  59.808106     1.9359      8.315  -167.3414 3.4170e+01     7.2796      1.326      1.922    21.7456 0.0000e+00
      1.355      0.033     0.0880      1.050     63.451  59.593230     1.9594      8.315  -168.1324 3.3764e+01     7.2481      1.329      1.928    21.8229 0.0000e+00
      1.357      0.023     0.0883      1.038     63.228  59.438995     2.0134      8.317  -168.8907 3.3102e+01     7.1796      1.330      1.929    21.8632 0.0000e+00
      1.361      0.008     0.0872      1.035     63.076  59.340883     2.0400      8.321  -169.2832 3.2354e+01     7.1338      1.332      1.933    21.8746 0.0000e+00
      1.368     -0.017     0.0907      1.058     62.857  59.169313     2.0477      8.326  -169.3502 3.1716e+01     7.1044      1.340      1.945    21.9052 0.0000e+00
      1.373     -0.057     0.0939      1.073     62.527  58.889159     2.0319      8.331  -169.0983 3.1528e+01     6.8925      1.349      1.957    21.9555 0.0000e+00
      1.370     -0.111     0.0898      1.055     61.930  58.367470     1.9822      8.336  -168.3018 3.2371e+01     6.5535      1.351      1.960    22.0004 0.0000e+00
      1.344     -0.170     0.0893      1.040     61.008  57.562217     1.9545      8.341  -166.9477 3.4973e+01     6.3879      1.331      1.930    22.0388 0.0000e+00
      1.284     -0.219     0.0924      1.035     60.142  56.838806     1.9714      8.340  -165.5458 3.9787e+01     6.4270      1.268      1.838    22.0616 0.0000e+00
      1.199     -0.240     0.0958      1.020     59.846  56.671318     2.0118      8.333  -164.0854 4.7039e+01     6.8206      1.181      1.712    22.0825 0.0000e+00
      1.103     -0.228     0.0911      0.985     60.023  56.934653     2.0428      8.326  -162.3687 5.6077e+01     7.4926      1.080      1.568    22.1111 0.0000e+00
      1.015     -0.187     0.0902      0.945     60.010  56.974163     2.0477      8.322  -161.2227 6.3346e+01     7.8219      0.979      1.420    22.1614 0.0000e+00
      0.967     -0.127     0.0905      0.932     59.768  56.768012     2.0373      8.321  -161.3278 6.5378e+01     7.7968      0.931      1.350    22.2418 0.0000e+00
      0.965     -0.064     0.0890      0.939     59.498  56.538152     2.0251      8.322  -161.8321 6.3442e+01     7.8034      0.940      1.363    22.3454 0.0000e+00
      0.985     -0.012     0.0865      0.961     58.934  56.036912     2.0083      8.324  -161.8992 6.0799e+01     7.8681      0.968      1.403    22.4400 0.0000e+00
      1.005      0.019     0.0797      1.006     58.083  55.280576     2.0011      8.327  -161.7953 5.8997e+01     7.8960      0.990      1.436    22.4745 0.0000e+00
      1.017      0.024     0.0808      1.073     57.119  54.443251     2.0045      8.330  -162.2108 5.8005e+01     7.8665      0.999      1.450    22.4795 0.0000e+00
      1.020      0.003     0.0807      1.165     56.457  53.915150     1.9986      8.335  -163.7395 5.7149e+01     7.7853      1.001      1.452    22.5073 0.0000e+00
      1.019     -0.038     0.0822      1.265     56.535  54.103126     1.9881      8.341  -166.0821 5.5919e+01     7.6666      0.999      1.448    22.5314 0.0000e+00
      1.016     -0.093     0.0868      1.366     56.524  54.175960     1.9857      8.347  -169.1118 5.5183e+01     7.5918      1.000      1.449    22.5713 0.0000e+00
      1.002     -0.148     0.0913      1.490     55.671  53.398735     2.0037      8.352  -178.0008 5.7699e+01     7.5980      0.994      1.442    22.6496 0.0000e+00
      0.960     -0.189     0.1006      1.661     54.695  52.516956     2.0639      8.352  -198.7044 6.6002e+01     7.6733      0.956      1.386    22.7345 0.0000e+00
      0.882     -0.206     0.1088      1.896     54.075  52.024090     2.1564      8.350  -224.5589 8.0938e+01     7.8537      0.874      1.267    22.8522 0.0000e+00
      0.785     -0.197     0.1166      2.192     53.538  51.630789     2.2059      8.350  -242.4675 9.7325e+01     8.0025      0.763      1.106    22.9422 0.0000e+00
      0.708     -0.163     0.1264      2.525     52.955  51.190749     2.2131      8.350  -249.3515 1.0687e+02     8.0722      0.674      0.977    22.9444 0.0000e+00
      0.675     -0.110     0.1407      2.897     52.075  50.450194     2.2439      8.350  -251.0078 1.0862e+02     8.2179      0.649      0.941    22.9807 0.0000e+00
      0.678     -0.053     0.1601      3.341     51.069  49.597972     2.4704      8.351  -251.9968 1.0635e+02     9.1149      0.660      0.958    23.0956 0.0000e+00
      0.694     -0.009     0.1865      3.878     50.567  49.268033     2.8786      8.356  -257.8668 1.0416e+02    10.7544      0.681      0.988    23.2129 0.0000e+00
      0.709      0.003     0.2146      4.525     50.725  49.572359     3.1092      8.365  -268.1213 1.0353e+02    11.6788      0.698      1.013    23.3356 0.0000e+00
      0.719     -0.018     0.2437      5.308     51.185  50.103127     3.1364      8.378  -272.9087 1.0335e+02    11.7851      0.707      1.026    23.4339 0.0000e+00
      0.722     -0.059     0.2816      6.353     50.728  49.653735     3.0414      8.390  -272.4732 1.0497e+02    11.9035      0.713      1.033    23.5314 0.0000e+00
      0.709     -0.099     0.3238      7.784     48.933  47.884563     2.8264      8.401  -273.3514 1.1061e+02    12.0174      0.707      1.025    23.7145 0.0000e+00
      0.668     -0.124     0.3797      9.579     47.021  46.108282     2.6918      8.412  -276.3004 1.1915e+02    12.0000      0.664      0.963    23.8840 0.0000e+00
      0.604     -0.129     0.4393     11.606     45.532  44.873824     2.6705      8.424  -280.0805 1.3100e+02    11.9326      0.590      0.856    23.9722 0.0000e+00
      0.545     -0.114     0.5223     13.896     44.491  44.131632     2.6523      8.438  -284.3817 1.4511e+02    11.7489      0.522      0.758    23.9496 0.0000e+00
      0.512     -0.083     0.6462     16.954     44.206  44.117426     2.6214      8.453  -286.4908 1.5241e+02    11.4189      0.492      0.715    23.8691 0.0000e+00
      0.507     -0.046     0.7989     21.324     44.402  44.512034     2.5879      8.466  -285.7067 1.5038e+02    11.1875      0.493      0.715    23.9642 0.0000e+00
      0.516     -0.022     0.9717     27.280     44.491  44.713702     2.5642      8.477  -284.9681 1.4517e+02    11.1036      0.505      0.733    24.2609 0.0000e+00
