Data/DataNotYetUploadedToEDI/Raw_CTD/RawDownloads/070824_bvr50_S8188001.cnv
* Sea-Bird SBE19plus  Data File:
* FileName = C:\R\Reservoirs\Data\DataNotYetUploadedToEDI\Raw_CTD\RawDownloads\070824_bvr50_S8188_0001.hex
* Software version 2.8.0.119
* Temperature SN = 8188
* Conductivity SN = 8188
* System UpLoad Time = Jul 11 2024 15:27:59
* <ApplicationData>
* <Seaterm232>
# nquan = 16
# nvalues = 2510                        
# units = specified
# name 0 = depFM: Depth [fresh water, m]
# name 1 = dz/dtM: Descent Rate [m/s]
# name 2 = sbeox0Mg/L: Oxygen, SBE 43 [mg/l]
# name 3 = sbeox0PS: Oxygen, SBE 43 [% saturation]
# name 4 = specc: Specific Conductance [uS/cm]
# name 5 = c0uS/cm: Conductivity [uS/cm]
# name 6 = wetCDOM: Fluorescence, WET Labs CDOM [mg/m^3]
# name 7 = flECO-AFL: Fluorescence, WET Labs ECO-AFL/FL [mg/m^3]
# name 8 = flECO-AFL1: Fluorescence, WET Labs ECO-AFL/FL, 2 [mg/m^3]
# name 9 = flECO-AFL2: Fluorescence, WET Labs ECO-AFL/FL, 3 [mg/m^3]
# name 10 = par/sat/log: PAR/Logarithmic, Satlantic
# name 11 = turbWETntu0: Turbidity, WET Labs ECO [NTU]
# name 12 = prdM: Pressure, Strain Gauge [db]
# name 13 = prdE: Pressure, Strain Gauge [psi]
# name 14 = tv290C: Temperature [ITS-90, deg C]
# name 15 = flag:  0.000e+00
# span 0 =     -0.709,      9.571       
# span 1 =     -0.218,      0.123       
# span 2 =     0.0132,    10.1385       
# span 3 =      0.157,    128.994       
# span 4 =   -616.075,    213.970       
# span 5 =-440.157215, 154.842249       
# span 6 =    -4.5000,    48.9600       
# span 7 =    -0.2960,    16.5538       
# span 8 =    -2.1300,     0.5538       
# span 9 =    -2.0304,     3.9762       
# span 10 = 1.1577e-01, 9.4251e+02      
# span 11 =    -1.6087,    49.8438      
# span 12 =     -0.695,      9.386      
# span 13 =     -1.008,     13.614      
# span 14 =    10.1139,    28.1835      
# span 15 = 0.0000e+00, 0.0000e+00      
# interval = seconds: 0.25
# start_time = Jul 08 2024 09:47:53 [Instrument's time stamp, header]
# bad_flag = -9.990e-29
*END*
[from data line 904]
      0.303     -0.004     8.3835    106.546     31.555  33.283856    30.9600     5.9526     0.1278     1.1421 2.1769e+02     3.7390      0.297      0.431    27.7331 0.0000e+00
      0.302     -0.004     8.3830    106.513     31.560  33.289303    30.9600     5.9640     0.1278     1.1421 2.1802e+02     3.5728      0.296      0.430    27.7329 0.0000e+00
      0.301     -0.004     8.3827    106.491     31.575  33.306165    30.9600     5.9678     0.1278     1.1421 2.1779e+02     3.6484      0.295      0.429    27.7329 0.0000e+00
      0.300     -0.004     8.3811    106.489     31.580  33.311053    30.8700     5.9564     0.1704     1.0575 2.1912e+02     3.7088      0.294      0.427    27.7330 0.0000e+00
      0.299     -0.004     8.3785    106.514     31.580  33.311246    30.8700     5.9869     0.1704     1.0575 2.1878e+02     3.7088      0.293      0.426    27.7333 0.0000e+00
      0.299     -0.003     8.3759    106.576     31.576  33.306795    30.8700     5.9487     0.1704     1.0575 2.1916e+02     3.5728      0.293      0.425    27.7336 0.0000e+00
      0.298     -0.003     8.3742    106.678     31.559  33.288546    30.8700     5.9564     0.1704     1.0575 2.1945e+02     3.6937      0.292      0.424    27.7340 0.0000e+00
      0.297     -0.003     8.3740    106.801     31.535  33.263584    30.8700     5.9526     0.1704     1.0575 2.2017e+02     3.8296      0.291      0.422    27.7343 0.0000e+00
      0.296     -0.003     8.3759    106.918     31.512  33.239195    30.8700     5.9526     0.0852     1.0998 2.2103e+02     3.6937      0.290      0.421    27.7345 0.0000e+00
      0.295     -0.002     8.3808    107.011     31.502  33.228793    30.8700     5.9602     0.0852     1.0998 2.2064e+02     3.6937      0.289      0.420    27.7345 0.0000e+00
      0.295     -0.002     8.3888    107.069     31.510  33.237571    30.8700     5.9526     0.0852     1.0998 2.2036e+02     3.7390      0.289      0.419    27.7344 0.0000e+00
      0.294     -0.001     8.3985    107.090     31.524  33.251937    30.8700     5.8953     0.0852     1.0998 2.2002e+02     3.6937      0.288      0.419    27.7342 0.0000e+00
      0.294     -0.001     8.4077    107.093     31.529  33.257794    30.8700     5.9106     0.1704     1.1421 2.2055e+02     3.6937      0.288      0.418    27.7341 0.0000e+00
      0.294     -0.000     8.4150    107.088     31.524  33.252721    30.8700     5.8801     0.1704     1.1421 2.2079e+02     3.6484      0.288      0.418    27.7342 0.0000e+00
      0.294      0.000     8.4195    107.068     31.519  33.247315    30.8700     5.9030     0.1704     1.1421 2.2069e+02     3.7239      0.288      0.418    27.7343 0.0000e+00
      0.294      0.001     8.4211    107.027     31.520  33.248104    30.8700     6.0746     0.1704     1.1421 2.1959e+02     3.6332      0.288      0.418    27.7344 0.0000e+00
      0.294      0.001     8.4213    106.970     31.523  33.251312    30.8700     6.0746     0.1704     1.0575 2.2060e+02     3.7994      0.289      0.419    27.7346 0.0000e+00
      0.295      0.001     8.4210    106.896     31.531  33.259788    30.8700     6.0784     0.1704     1.0575 2.2175e+02     3.6332      0.289      0.419    27.7347 0.0000e+00
      0.295      0.001     8.4194    106.807     31.544  33.273800    30.8700     6.0861     0.1704     1.0575 2.2098e+02     3.7994      0.289      0.420    27.7349 0.0000e+00
      0.295      0.001     8.4161    106.737     31.559  33.289117    30.8700     5.9564     0.1704     1.0575 2.2088e+02     3.8598      0.289      0.420    27.7350 0.0000e+00
      0.296      0.001     8.4116    106.709     31.571  33.301856    30.9600     5.9526     0.1278     1.0998 2.2069e+02     3.9203      0.290      0.421    27.7351 0.0000e+00
      0.296      0.001     8.4058    106.708     31.563  33.293504    30.9600     5.9793     0.1278     1.0998 2.2108e+02     3.9505      0.290      0.421    27.7351 0.0000e+00
      0.297      0.001     8.3989    106.717     31.535  33.263826    30.9600     5.9602     0.1278     1.0998 2.2069e+02     3.9656      0.291      0.422    27.7351 0.0000e+00
      0.297      0.001     8.3933    106.720     31.511  33.238770    30.9600     5.8229     0.1278     1.0998 2.2055e+02     3.7088      0.291      0.422    27.7351 0.0000e+00
      0.297      0.001     8.3911    106.704     31.506  33.233563    30.9600     5.8496     0.1278     1.0998 2.2079e+02     3.6181      0.291      0.422    27.7350 0.0000e+00
      0.297      0.000     8.3910    106.673     31.509  33.236857    30.8700     5.8305     0.1278     1.1421 2.2064e+02     3.6937      0.291      0.423    27.7350 0.0000e+00
      0.297      0.000     8.3918    106.648     31.510  33.237581    30.8700     5.8305     0.1278     1.1421 2.2012e+02     3.6030      0.291      0.423    27.7349 0.0000e+00
      0.297      0.000     8.3920    106.640     31.516  33.243894    30.8700     6.0784     0.1278     1.1421 2.1997e+02     3.7692      0.291      0.423    27.7348 0.0000e+00
      0.297      0.000     8.3907    106.652     31.532  33.261464    30.8700     6.0861     0.1278     1.1421 2.2007e+02     3.7843      0.291      0.423    27.7347 0.0000e+00
      0.297      0.000     8.3883    106.684     31.549  33.279041    30.9600     6.0708     0.0852     1.1421 2.1997e+02     3.6937      0.291      0.423    27.7347 0.0000e+00
      0.297      0.000     8.3863    106.738     31.550  33.279404    30.9600     6.0861     0.0852     1.1421 2.1964e+02     3.7390      0.291      0.423    27.7347 0.0000e+00
      0.297      0.000     8.3857    106.811     31.539  33.268623    30.9600     6.1166     0.0852     1.1421 2.1969e+02     3.9807      0.291      0.423    27.7347 0.0000e+00
      0.297      0.000     8.3866    106.895     31.537  33.265734    30.9600     6.1318     0.0852     1.1421 2.1964e+02     4.0864      0.291      0.423    27.7346 0.0000e+00
      0.297      0.000     8.3892    106.973     31.543  33.271959    30.8700     6.1318     0.1278     1.1421 2.1878e+02     3.9958      0.291      0.423    27.7346 0.0000e+00
      0.297      0.001     8.3934    107.037     31.549  33.278999    30.8700     6.1700     0.1278     1.1421 2.1883e+02     3.8901      0.291      0.423    27.7345 0.0000e+00
      0.297      0.001     8.3992    107.082     31.559  33.288730    30.8700     6.0250     0.1278     1.1421 2.1864e+02     3.6484      0.291      0.423    27.7345 0.0000e+00
      0.298      0.001     8.4058    107.103     31.569  33.299765    30.8700     6.0136     0.1278     1.1421 2.1835e+02     3.6030      0.292      0.424    27.7345 0.0000e+00
      0.298      0.002     8.4119    107.094     31.578  33.309070    30.8700     6.0365     0.1278     1.1421 2.1821e+02     3.6332      0.292      0.424    27.7345 0.0000e+00
      0.298      0.002     8.4169    107.048     31.589  33.321118    30.9600     6.0289     0.1704     1.0998 2.1807e+02     3.6181      0.292      0.425    27.7345 0.0000e+00
      0.299      0.002     8.4204    106.967     31.597  33.329162    30.9600     5.8381     0.1704     1.0998 2.1769e+02     3.7239      0.293      0.425    27.7346 0.0000e+00
      0.299      0.002     8.4221    106.874     31.601  33.333357    30.9600     5.8267     0.1704     1.0998 2.1755e+02     3.6332      0.293      0.426    27.7346 0.0000e+00
      0.300      0.001     8.4214    106.803     31.606  33.338805    30.9600     5.8190     0.1704     1.0998 2.1769e+02     3.6030      0.294      0.427    27.7345 0.0000e+00
      0.300      0.001     8.4178    106.775     31.610  33.342975    30.8700     5.8457     0.1278     1.0575 2.1525e+02     3.7541      0.294      0.427    27.7345 0.0000e+00
      0.301      0.000     8.4114    106.792     31.617  33.350962    30.8700     5.7694     0.1278     1.0575 2.1464e+02     3.9958      0.295      0.428    27.7345 0.0000e+00
      0.301      0.000     8.4041    106.843     31.627  33.360913    30.8700     5.7809     0.1278     1.0575 2.1454e+02     3.9203      0.295      0.428    27.7346 0.0000e+00
      0.300     -0.001     8.3985    106.923     31.625  33.359546    30.8700     5.7809     0.1278     1.0575 2.1543e+02     3.9958      0.294      0.427    27.7347 0.0000e+00
      0.300     -0.001     8.3963    107.026     31.605  33.338529    30.8700     5.7809     0.1278     1.0575 2.1618e+02     3.9505      0.294      0.427    27.7349 0.0000e+00
      0.299     -0.001     8.3976    107.129     31.579  33.310186    30.8700     5.8229     0.1278     1.0575 2.1741e+02     3.7239      0.293      0.426    27.7351 0.0000e+00
      0.299     -0.001     8.4016    107.193     31.566  33.296834    30.8700     5.8343     0.1278     1.0575 2.1722e+02     3.6786      0.293      0.425    27.7352 0.0000e+00
      0.299      0.000     8.4079    107.198     31.559  33.288938    30.8700     5.8419     0.1278     1.0575 2.1689e+02     3.6786      0.293      0.425    27.7351 0.0000e+00
      0.299      0.000     8.4160    107.160     31.547  33.276425    30.8700     5.8381     0.1278     1.0575 2.1812e+02     3.6635      0.293      0.425    27.7350 0.0000e+00
      0.299      0.001     8.4241    107.098     31.552  33.281852    30.8700     6.1509     0.1278     1.0575 2.1826e+02     3.6937      0.293      0.425    27.7348 0.0000e+00
      0.299      0.001     8.4292    107.020     31.570  33.300690    30.8700     6.1738     0.1278     1.0575 2.1821e+02     3.5728      0.293      0.425    27.7347 0.0000e+00
      0.299      0.002     8.4296    106.935     31.573  33.304103    30.8700     6.1395     0.1278     1.0575 2.1774e+02     3.7692      0.293      0.426    27.7347 0.0000e+00
      0.300      0.002     8.4266    106.860     31.572  33.302959    30.8700     6.1471     0.1278     1.0575 2.1741e+02     3.7390      0.294      0.427    27.7347 0.0000e+00
      0.300      0.003     8.4218    106.818     31.587  33.318863    30.8700     6.0212     0.1278     1.1421 2.1628e+02     3.8901      0.295      0.428    27.7347 0.0000e+00
      0.301      0.004     8.4156    106.823     31.609  33.342113    30.8700     6.0174     0.1278     1.1421 2.1679e+02     3.9958      0.296      0.429    27.7348 0.0000e+00
      0.303      0.004     8.4089    106.858     31.627  33.360984    30.8700     6.0365     0.1278     1.1421 2.1609e+02     3.9656      0.297      0.431    27.7349 0.0000e+00
      0.304      0.005     8.4030    106.895     31.634  33.368556    30.8700     6.0174     0.1278     1.1421 2.1741e+02     4.0260      0.298      0.432    27.7349 0.0000e+00
      0.305      0.005     8.3997    106.922     31.633  33.366850    30.9600     5.7504     0.0852     1.1844 2.1413e+02     3.8901      0.299      0.434    27.7348 0.0000e+00
      0.307      0.004     8.4001    106.943     31.637  33.371343    30.9600     5.7923     0.0852     1.1844 2.1343e+02     3.9505      0.301      0.436    27.7347 0.0000e+00
      0.308      0.004     8.4029    106.964     31.645  33.379252    30.9600     5.7618     0.0852     1.1844 2.1103e+02     3.8901      0.302      0.438    27.7345 0.0000e+00
      0.310      0.003     8.4059    106.980     31.628  33.360815    30.9600     5.7809     0.0852     1.1844 2.1131e+02     3.9052      0.303      0.440    27.7342 0.0000e+00
      0.310      0.002     8.4080    106.984     31.594  33.325059    30.8700     5.7771     0.1278     1.0575 2.1034e+02     3.7088      0.304      0.441    27.7340 0.0000e+00
      0.310      0.001     8.4097    106.982     31.585  33.316228    30.8700     5.7771     0.1278     1.0575 2.1158e+02     3.6937      0.304      0.441    27.7339 0.0000e+00
      0.310 -4.768e-08     8.4114    106.985     31.598  33.329974    30.8700     5.7847     0.1278     1.0575 2.1094e+02     3.7239      0.304      0.441    27.7338 0.0000e+00
      0.310     -0.001     8.4126    106.988     31.612  33.344072    30.8700     5.7771     0.1278     1.0575 2.1140e+02     3.6635      0.304      0.441    27.7337 0.0000e+00
      0.310     -0.001     8.4130    106.986     31.614  33.346344    30.8700     5.6016     0.1278     1.1844 2.1283e+02     3.9656      0.303      0.440    27.7335 0.0000e+00
      0.309     -0.001     8.4128    106.985     31.598  33.329430    30.8700     5.5787     0.1278     1.1844 2.1417e+02     3.9958      0.303      0.440    27.7334 0.0000e+00
      0.309     -0.002     8.4130    106.991     31.584  33.314714    30.8700     5.5940     0.1278     1.1844 2.1599e+02     3.8750      0.303      0.439    27.7335 0.0000e+00
      0.308     -0.002     8.4132    106.996     31.589  33.320180    30.8700     5.5749     0.1278     1.1844 2.1576e+02     3.9354      0.302      0.438    27.7338 0.0000e+00
      0.308     -0.001     8.4130    106.989     31.590  33.321393    30.8700     5.8343     0.1278     1.1844 2.1618e+02     3.6786      0.302      0.438    27.7341 0.0000e+00
      0.307     -0.001     8.4129    106.959     31.576  33.306725    30.8700     5.8534     0.1278     0.9306 2.1679e+02     3.5728      0.301      0.437    27.7344 0.0000e+00
      0.307     -0.001     8.4134    106.907     31.575  33.306126    30.8700     5.8534     0.1278     0.9306 2.1567e+02     3.7390      0.301      0.437    27.7346 0.0000e+00
      0.307      0.000     8.4137    106.841     31.586  33.317444    30.8700     5.8457     0.1278     0.9306 2.1534e+02     3.6635      0.301      0.437    27.7347 0.0000e+00
      0.307      0.001     8.4132    106.769     31.583  33.313820    30.8700     6.1204     0.1278     0.9306 2.1422e+02     3.7390      0.301      0.437    27.7348 0.0000e+00
      0.307      0.001     8.4109    106.710     31.568  33.298272    30.8700     6.1395     0.0852     1.0998 2.1408e+02     3.6937      0.301      0.437    27.7347 0.0000e+00
      0.308      0.002     8.4068    106.679     31.553  33.282588    30.8700     6.1433     0.0852     1.0998 2.1464e+02     3.7239      0.302      0.438    27.7345 0.0000e+00
      0.308      0.003     8.4016    106.681     31.540  33.268560    30.8700     6.1090     0.0852     1.0998 2.1417e+02     3.7239      0.302      0.439    27.7343 0.0000e+00
      0.309      0.003     8.3960    106.698     31.534  33.262408    30.8700     5.9449     0.0852     1.0998 2.1427e+02     3.8296      0.303      0.440    27.7341 0.0000e+00
      0.310      0.004     8.3913    106.708     31.542  33.270458    30.9600     5.9716     0.1278     1.0998 2.1385e+02     3.8598      0.304      0.441    27.7339 0.0000e+00
      0.311      0.004     8.3889    106.689     31.561  33.290873    30.9600     5.9564     0.1278     1.0998 2.1408e+02     3.9203      0.305      0.443    27.7336 0.0000e+00
      0.313      0.004     8.3891    106.635     31.581  33.311171    30.9600     5.9602     0.1278     1.0998 2.1315e+02     3.9203      0.306      0.444    27.7334 0.0000e+00
      0.314      0.005     8.3905    106.564     31.584  33.314853    30.9600     6.1547     0.1278     1.0998 2.1496e+02     3.8901      0.308      0.446    27.7332 0.0000e+00
      0.315      0.005     8.3913    106.515     31.573  33.302904    30.8700     6.1586     0.1278     1.0152 2.1399e+02     3.8750      0.309      0.448    27.7331 0.0000e+00
      0.316      0.005     8.3898    106.519     31.565  33.294045    30.8700     6.1242     0.1278     1.0152 2.1338e+02     4.0109      0.310      0.450    27.7331 0.0000e+00
      0.318      0.004     8.3856    106.574     31.566  33.295873    30.8700     6.1090     0.1278     1.0152 2.1140e+02     3.8901      0.311      0.452    27.7331 0.0000e+00
      0.319      0.004     8.3800    106.661     31.569  33.298918    30.8700     5.9907     0.1278     1.0152 2.0916e+02     3.6786      0.313      0.454    27.7330 0.0000e+00
      0.320      0.003     8.3762    106.757     31.561  33.290048    30.8700     6.0174     0.1278     1.0152 2.0748e+02     3.7239      0.314      0.455    27.7330 0.0000e+00
      0.321      0.002     8.3765    106.848     31.544  33.272873    30.8700     6.0174     0.0852     1.1421 2.0907e+02     3.7541      0.314      0.456    27.7330 0.0000e+00
