Data/DataNotYetUploadedToEDI/Raw_CTD/RawDownloads/070824_fcr50_S8188002.cnv
* Sea-Bird SBE19plus  Data File:
* FileName = C:\R\Reservoirs\Data\DataNotYetUploadedToEDI\Raw_CTD\RawDownloads\070824_bvr50_S8188_0002.hex
* Software version 2.8.0.119
* Temperature SN = 8188
* Conductivity SN = 8188
* System UpLoad Time = Jul 11 2024 15:28:32
* <ApplicationData>
* <Seaterm232>
# nquan = 16
# nvalues = 2285                        
# units = specified
# name 0 = depFM: Depth [fresh water, m]
# name 1 = dz/dtM: Descent Rate [m/s]
# name 2 = sbeox0Mg/L: Oxygen, SBE 43 [mg/l]
# name 3 = sbeox0PS: Oxygen, SBE 43 [% saturation]
# name 4 = specc: Specific Conductance [uS/cm]
# name 5 = c0uS/cm: Conductivity [uS/cm]
# name 6 = wetCDOM: Fluorescence, WET Labs CDOM [mg/m^3]
# name 7 = flECO-AFL: Fluorescence, WET Labs ECO-AFL/FL [mg/m^3]
# name 8 = flECO-AFL1: Fluorescence, WET Labs ECO-AFL/FL, 2 [mg/m^3]
# name 9 = flECO-AFL2: Fluorescence, WET Labs ECO-AFL/FL, 3 [mg/m^3]
# name 10 = par/sat/log: PAR/Logarithmic, Satlantic
# name 11 = turbWETntu0: Turbidity, WET Labs ECO [NTU]
# name 12 = prdM: Pressure, Strain Gauge [db]
# name 13 = prdE: Pressure, Strain Gauge [psi]
# name 14 = tv290C: Temperature [ITS-90, deg C]
# name 15 = flag:  0.000e+00
# span 0 =     -0.619,      9.427       
# span 1 =     -0.346,      0.097       
# span 2 =    -3.0554,    10.7651       
# span 3 =    -28.256,    129.079       
# span 4 =      0.320,    141.835       
# span 5 =   0.339286, 104.429290       
# span 6 =    -4.5000,    93.0600       
# span 7 =    -2.2606,   245.1339       
# span 8 =    -2.1300,     2.2578       
# span 9 =    -5.8374,     8.2908       
# span 10 = 1.1580e-01, 1.9826e+03      
# span 11 =   -11.7300,   971.0038      
# span 12 =     -0.608,      9.245      
# span 13 =     -0.881,     13.409      
# span 14 =    11.8103,    28.7100      
# span 15 = 0.0000e+00, 0.0000e+00      
# interval = seconds: 0.25
# start_time = Jul 08 2024 11:49:32 [Instrument's time stamp, header]
# bad_flag = -9.990e-29
*END*
[from data line 2260]
     -0.609 4.0521e-08     7.5995     84.552      1.343   1.224809     0.0000    -0.2769     0.3834     0.3807 2.5650e+02    -0.4002     -0.597     -0.867    20.5853 0.0000e+00
     -0.609 3.1517e-08     7.5980     84.556      1.402   1.278854     0.0000    -0.2846     0.3834     0.3807 2.7444e+02    -0.3851     -0.597     -0.867    20.5904 0.0000e+00
     -0.609 2.4514e-08     7.5970     84.558      1.432   1.306553     0.0000    -0.2846     0.3834     0.3807 3.5465e+02    -0.4002     -0.597     -0.867    20.5947 0.0000e+00
     -0.609 1.9068e-08     7.5965     84.561      1.407   1.283473     0.0000    -0.2693     0.3834     0.3807 3.9768e+02    -0.4002     -0.597     -0.867    20.5986 0.0000e+00
     -0.609 1.4833e-08     7.5963     84.562      1.356   1.237267     0.0000    -0.5096     0.5538     0.6345 9.8609e+02     0.6422     -0.597     -0.867    20.6021 0.0000e+00
     -0.609 1.1539e-08     7.5962     84.560      1.313   1.197378     0.0000    -0.5402     0.5538     0.6345 1.0935e+03     0.5515     -0.597     -0.866    20.6053 0.0000e+00
     -0.609 8.9779e-09     7.5960     84.555      1.284   1.171067     0.0000    -0.5402     0.5538     0.6345 1.1533e+03     0.6724     -0.597     -0.866    20.6081 0.0000e+00
     -0.609 6.9869e-09     7.5959     84.548      1.271   1.159273     0.0000    -0.5096     0.5538     0.6345 1.2204e+03     0.5515     -0.597     -0.866    20.6104 0.0000e+00
     -0.609 5.4394e-09     7.5958     84.540      1.262   1.150895     0.0000    -0.1511     0.5538     0.6345 1.3034e+03    -0.4153     -0.597     -0.866    20.6121 0.0000e+00
     -0.609 4.2372e-09     7.5954     84.533      1.249   1.139722     0.0000    -0.1625     0.3408    -0.2538 1.2955e+03    -0.4304     -0.597     -0.866    20.6134 0.0000e+00
     -0.609 3.3041e-09     7.5948     84.530      1.235   1.126752     0.0000    -0.1549     0.3408    -0.2538 1.3982e+03    -0.4606     -0.597     -0.866    20.6142 0.0000e+00
     -0.609 2.5808e-09     7.5941     84.532      1.224   1.116482     0.0000    -0.1549     0.3408    -0.2538 1.4009e+03    -0.3549     -0.597     -0.866    20.6147 0.0000e+00
     -0.609 2.0214e-09     7.5933     84.534      1.212   1.106172     0.0000    -0.9064     0.3408    -0.2538 1.4022e+03     3.5275     -0.597     -0.866    20.6150 0.0000e+00
     -0.609 1.5903e-09     7.5927     84.535      1.198   1.093073     0.0000    -0.9140     0.3408     1.0575 1.4000e+03     3.4218     -0.597     -0.866    20.6150 0.0000e+00
     -0.609 1.2601e-09     7.5925     84.539      1.176   1.073692     0.0000    -0.9064     0.3408     1.0575 1.3997e+03     3.4369     -0.597     -0.866    20.6149 0.0000e+00
     -0.609 1.0100e-09     7.5926     84.545      1.147   1.046839     0.0000    -0.9064     0.3408     1.0575 1.4080e+03     3.3764     -0.597     -0.866    20.6146 0.0000e+00
     -0.609 8.2401e-10     7.5929     84.552      1.119   1.021263     0.0000     0.2075     0.3408     1.0575 1.3587e+03     1.7601     -0.597     -0.866    20.6141 0.0000e+00
     -0.609 6.9033e-10     7.5931     84.560      1.098   1.002074     0.0000     0.2152     0.0000     2.0727 1.3616e+03     1.8960     -0.597     -0.866    20.6134 0.0000e+00
     -0.609 6.0048e-10     7.5936     84.565      1.083   0.988133     0.0000     0.1923     0.0000     2.0727 1.3017e+03     1.6845     -0.597     -0.866    20.6126 0.0000e+00
     -0.609 5.4875e-10     7.5942     84.567      1.070   0.975722     0.0000     0.2228     0.0000     2.0727 4.5051e+02     1.7903     -0.597     -0.866    20.6117 0.0000e+00
     -0.609 5.3187e-10     7.5951     84.567      1.063   0.969488     0.0000    -0.2846     0.0000     2.0727 6.1790e+02     0.8386     -0.597     -0.866    20.6107 0.0000e+00
     -0.609 -9.990e-29     7.5959 -9.990e-29 -9.990e-29 -9.990e-29     0.0000 -9.990e-29     0.3834     1.9035 3.4515e+02 -9.990e-29     -0.597     -0.866    20.6096 0.0000e+00
     -0.609 -9.990e-29     7.5965 -9.990e-29 -9.990e-29 -9.990e-29     0.0000 -9.990e-29     0.3834     1.9035 3.5612e+02 -9.990e-29     -0.597     -0.866    20.6087 0.0000e+00
     -0.609 -9.990e-29     7.5967 -9.990e-29 -9.990e-29 -9.990e-29     0.0000 -9.990e-29     0.3834     1.9035 3.6134e+02 -9.990e-29     -0.597     -0.866    20.6079 0.0000e+00
     -0.609 -9.990e-29     7.5968 -9.990e-29 -9.990e-29 -9.990e-29     0.0000 -9.990e-29     0.3834     1.9035 3.6768e+02 -9.990e-29     -0.597     -0.866    20.6076 0.0000e+00
