Data/DataNotYetUploadedToEDI/Raw_CTD/RawDownloads/070824_fcr10_S7809007.cnv
* Sea-Bird SBE19plus  Data File:
* FileName = C:\R\Reservoirs\Data\DataNotYetUploadedToEDI\Raw_CTD\RawDownloads\070824_fcr50_S7809_0007.hex
* Software version 2.8.0.119
* Temperature SN = 7809
* Conductivity SN = 7809
* System UpLoad Time = Jul 10 2024 15:57:43
* <ApplicationData>
* <Seaterm232>
# nquan = 15
# nvalues = 1075                        
# units = specified
# name 0 = depFM: Depth [fresh water, m]
# name 1 = dz/dtM: Descent Rate [m/s]
# name 2 = sbeox0Mg/L: Oxygen, SBE 43 [mg/l]
# name 3 = sbeox0PS: Oxygen, SBE 43 [% saturation]
# name 4 = specc: Specific Conductance [uS/cm]
# name 5 = c0uS/cm: Conductivity [uS/cm]
# name 6 = flECO-AFL: Fluorescence, WET Labs ECO-AFL/FL [mg/m^3]
# name 7 = ph: pH
# name 8 = orp: Oxidation Reduction Potential [mV]
# name 9 = par/sat/log: PAR/Logarithmic, Satlantic
# name 10 = turbWETntu0: Turbidity, WET Labs ECO [NTU]
# name 11 = prdM: Pressure, Strain Gauge [db]
# name 12 = prdE: Pressure, Strain Gauge [psi]
# name 13 = tv290C: Temperature [ITS-90, deg C]
# name 14 = flag:  0.000e+00
# span 0 =     -0.638,      2.197       
# span 1 =     -0.313,      0.146       
# span 2 =     0.0720,    10.3978       
# span 3 =      0.850,    131.654       
# span 4 =      0.560,    104.947       
# span 5 =   0.592528,  97.564898       
# span 6 =    -1.1554,    29.6310       
# span 7 =      6.238,      9.852       
# span 8 =  -273.8461,   963.8968       
# span 9 = 1.2358e-01, 3.0975e+03       
# span 10 =    -4.9902,   155.1463      
# span 11 =     -0.627,      2.158      
# span 12 =     -0.909,      3.130      
# span 13 =    21.3906,    33.6956      
# span 14 = 0.0000e+00, 0.0000e+00      
# interval = seconds: 0.25
# start_time = Jul 08 2024 12:36:19 [Instrument's time stamp, header]
# bad_flag = -9.990e-29
*END*
[from data line 1061]
     -0.638 -8.775e-09     4.7321     65.734      7.322   7.448063     0.6550      7.793  -157.2605 8.8575e+02    -4.9902     -0.626     -0.907    26.0060 0.0000e+00
     -0.637 -7.975e-10     4.8532     67.737      6.086   6.189886     0.6492      7.781  -154.7665 1.6275e+03    -4.9240     -0.625     -0.906    25.9284 0.0000e+00
     -0.637 -7.250e-11     5.0098     69.497      5.432   5.523523     0.5817      7.774  -152.4773 1.7570e+03    -4.1228     -0.625     -0.906    25.8804 0.0000e+00
     -0.638 -6.595e-12     5.1786     70.855      5.072   5.156343     0.4549      7.769  -150.0593 1.5382e+03    -2.6464     -0.625     -0.907    25.8608 0.0000e+00
     -0.638 -5.995e-13     5.3470     71.773      5.150   5.234785     0.3808      7.767  -147.5565 1.9292e+03    -1.8297     -0.625     -0.907    25.8518 0.0000e+00
     -0.638 -5.450e-14     5.5186     72.313      5.308   5.394973     0.3686      7.768  -145.2750 2.3053e+03    -1.6614     -0.625     -0.906    25.8450 0.0000e+00
     -0.638 -4.953e-15     5.6670     72.578      5.297   5.382651     0.2657      7.768  -143.2091 2.3208e+03    -1.2602     -0.625     -0.907    25.8382 0.0000e+00
     -0.638 -4.503e-16     5.7793     72.663      5.193   5.275849     0.0700      7.769  -141.1628 2.3263e+03    -0.5993     -0.625     -0.906    25.8286 0.0000e+00
     -0.638 -4.127e-17     5.8533     72.668      5.225   5.307341    -0.0339      7.770  -139.2039 2.3536e+03    -0.2298     -0.625     -0.907    25.8182 0.0000e+00
     -0.638 -7.443e-18     5.8942     72.664      5.300   5.383301    -0.0418      7.771  -138.2805 2.3930e+03    -0.2077     -0.626     -0.908    25.8092 0.0000e+00
     -0.638 -9.990e-29     5.9153 -9.990e-29 -9.990e-29 -9.990e-29 -9.990e-29 -9.990e-29 -9.990e-29 2.4249e+03 -9.990e-29     -0.625     -0.907    25.7983 0.0000e+00
     -0.637 -9.990e-29     5.9197 -9.990e-29 -9.990e-29 -9.990e-29 -9.990e-29 -9.990e-29 -9.990e-29 2.4337e+03 -9.990e-29     -0.625     -0.906    25.7885 0.0000e+00
     -0.637 -9.990e-29     5.9190 -9.990e-29 -9.990e-29 -9.990e-29 -9.990e-29 -9.990e-29 -9.990e-29 2.4259e+03 -9.990e-29     -0.625     -0.906    25.7773 0.0000e+00
     -0.637 -9.990e-29     5.9198 -9.990e-29 -9.990e-29 -9.990e-29 -9.990e-29 -9.990e-29 -9.990e-29 2.4206e+03 -9.990e-29     -0.625     -0.906    25.7694 0.0000e+00
