Data/DataNotYetUploadedToEDI/Raw_CTD/RawDownloads/070824_fcr50_S7809006.cnv
* Sea-Bird SBE19plus  Data File:
* FileName = C:\R\Reservoirs\Data\DataNotYetUploadedToEDI\Raw_CTD\RawDownloads\070824_fcr50_S7809_0006.hex
* Software version 2.8.0.119
* Temperature SN = 7809
* Conductivity SN = 7809
* System UpLoad Time = Jul 10 2024 15:57:14
* <ApplicationData>
* <Seaterm232>
# nquan = 15
# nvalues = 1672                        
# units = specified
# name 0 = depFM: Depth [fresh water, m]
# name 1 = dz/dtM: Descent Rate [m/s]
# name 2 = sbeox0Mg/L: Oxygen, SBE 43 [mg/l]
# name 3 = sbeox0PS: Oxygen, SBE 43 [% saturation]
# name 4 = specc: Specific Conductance [uS/cm]
# name 5 = c0uS/cm: Conductivity [uS/cm]
# name 6 = flECO-AFL: Fluorescence, WET Labs ECO-AFL/FL [mg/m^3]
# name 7 = ph: pH
# name 8 = orp: Oxidation Reduction Potential [mV]
# name 9 = par/sat/log: PAR/Logarithmic, Satlantic
# name 10 = turbWETntu0: Turbidity, WET Labs ECO [NTU]
# name 11 = prdM: Pressure, Strain Gauge [db]
# name 12 = prdE: Pressure, Strain Gauge [psi]
# name 13 = tv290C: Temperature [ITS-90, deg C]
# name 14 = flag:  0.000e+00
# span 0 =     -0.639,      9.441       
# span 1 =     -0.261,      0.283       
# span 2 =     0.1235,     9.1504       
# span 3 =      1.246,    115.190       
# span 4 =      0.903,    473.737       
# span 5 =   1.026581, 348.831015       
# span 6 =    -0.7528,     8.7699       
# span 7 =      6.156,      9.303       
# span 8 =   -45.1529,  1001.0599       
# span 9 = 1.2344e-01, 1.9589e+03       
# span 10 =    -0.4141,   202.0923      
# span 11 =     -0.627,      9.260      
# span 12 =     -0.909,     13.431      
# span 13 =    11.7957,    31.8024      
# span 14 = 0.0000e+00, 0.0000e+00      
# interval = seconds: 0.25
# start_time = Jul 08 2024 11:52:22 [Instrument's time stamp, header]
# bad_flag = -9.990e-29
*END*
[from data line 1157]
      8.819      0.050     8.3604     77.323     52.980  39.034859     0.5394      7.261   205.4608 1.2350e-01    29.4395      8.647     12.542    11.8430 0.0000e+00
      8.831      0.047     8.3539     77.338     52.980  39.033818     0.5312      7.261   204.9409 1.2348e-01    29.4522      8.660     12.560    11.8415 0.0000e+00
      8.843      0.047     8.3538     77.339     52.982  39.034858     0.5124      7.262   204.1910 1.2349e-01    29.4007      8.673     12.579    11.8406 0.0000e+00
      8.854      0.048     8.3634     77.335     52.999  39.047436     0.5122      7.263   204.6543 1.2345e-01    29.3972      8.683     12.594    11.8379 0.0000e+00
      8.864      0.050     8.3617     77.355     53.015  39.058974     0.5281      7.263   206.2406 1.2344e-01    29.4110      8.692     12.606    11.8356 0.0000e+00
      8.877      0.051     8.3661     77.383     52.999  39.047436     0.5464      7.264   206.9369 1.2345e-01    29.4654      8.703     12.623    11.8350 0.0000e+00
      8.892      0.051     8.3656     77.405     52.982  39.034849     0.5591      7.265   206.7921 1.2345e-01    29.5419      8.719     12.647    11.8353 0.0000e+00
      8.908      0.052     8.3622     77.417     52.980  39.033714     0.5655      7.267   206.4693 1.2351e-01    29.5842      8.738     12.673    11.8353 0.0000e+00
      8.922      0.053     8.3673     77.422     52.979  39.033714     0.5737      7.267   206.0448 1.2359e-01    29.6353      8.751     12.692    11.8351 0.0000e+00
      8.933      0.054     8.3699     77.444     52.980  39.034849     0.5914      7.267   206.0476 1.2362e-01    29.7156      8.760     12.705    11.8348 0.0000e+00
      8.944      0.057     8.3726     77.500     52.998  39.047436     0.5961      7.267   206.5894 1.2358e-01    29.7356      8.770     12.720    11.8351 0.0000e+00
      8.957      0.061     8.3739     77.556     53.015  39.058984     0.5812      7.266   207.2611 1.2353e-01    29.6380      8.783     12.740    11.8352 0.0000e+00
      8.973      0.068     8.3736     77.592     53.002  39.047549     0.5779      7.263   207.8031 1.2352e-01    29.5605      8.800     12.763    11.8357 0.0000e+00
      8.992      0.074     8.3733     77.592     52.988  39.036097     0.5889      7.259   208.0656 1.2355e-01    29.6183      8.817     12.788    11.8371 0.0000e+00
      9.014      0.075     8.3832     77.577     53.004  39.047437     0.5984      7.257   207.5098 1.2358e-01    29.7220      8.838     12.819    11.8364 0.0000e+00
      9.038      0.072     8.3887     77.595     53.019  39.057728     0.5931      7.256   206.4173 1.2357e-01    29.7894      8.863     12.855    11.8343 0.0000e+00
      9.060      0.064     8.3943     77.605     52.986  39.033602     0.5664      7.254   206.0418 1.2357e-01    29.8181      8.887     12.890    11.8332 0.0000e+00
      9.077      0.054     8.3951     77.589     52.953  39.009579     0.5415      7.252   206.4110 1.2360e-01    29.7953      8.905     12.915    11.8324 0.0000e+00
      9.087      0.044     8.3875     77.588     52.968  39.021118     0.5416      7.252   206.8374 1.2359e-01    29.8218      8.914     12.927    11.8314 0.0000e+00
      9.093      0.035     8.3951     77.594     52.998  39.046188     0.5514      7.253   206.4645 1.2353e-01    29.9336      8.917     12.933    11.8308 0.0000e+00
      9.098      0.032     8.3966     77.614     53.011  39.058861     0.5515      7.254   205.3444 1.2351e-01    29.9853      8.923     12.941    11.8310 0.0000e+00
      9.103      0.034     8.3908     77.652     52.996  39.047426     0.5420      7.253   204.8235 1.2355e-01    29.9347      8.927     12.948    11.8309 0.0000e+00
      9.109      0.039     8.3930     77.641     52.982  39.034848     0.5288      7.252   205.0709 1.2354e-01    29.8689      8.931     12.953    11.8308 0.0000e+00
      9.119      0.046     8.3930     77.586     52.982  39.033705     0.5338      7.253   205.4106 1.2350e-01    29.9757      8.941     12.967    11.8343 0.0000e+00
      9.135      0.052     8.3910     77.548     52.981  39.033601     0.5524      7.253   205.4888 1.2353e-01    30.2352      8.959     12.993    11.8388 0.0000e+00
      9.152      0.057     8.4023     77.520     52.981  39.033591     0.5538      7.254   205.3279 1.2362e-01    30.3753      8.976     13.018    11.8374 0.0000e+00
      9.168      0.060     8.4001     77.452     52.979  39.033591     0.5418      7.255   205.1859 1.2368e-01    30.4058      8.990     13.040    11.8344 0.0000e+00
      9.184      0.060     8.3901     77.351     52.976  39.033601     0.5406      7.255   205.1492 1.2371e-01    30.7752      9.006     13.062    11.8338 0.0000e+00
      9.199      0.058     8.3870     77.286     52.974  39.033716     0.5646      7.254   205.2277 1.2370e-01    31.4592      9.022     13.086    11.8345 0.0000e+00
      9.213      0.054     8.3866     77.275     52.977  39.034975     0.5909      7.253   205.3614 1.2364e-01    31.7760      9.035     13.104    11.8343 0.0000e+00
      9.227      0.049     8.3803     77.286     52.997  39.048820     0.6002      7.253   205.4744 1.2356e-01    31.7707      9.047     13.121    11.8345 0.0000e+00
      9.242      0.044     8.3626     77.297     53.032  39.074195     0.6018      7.252   205.5617 1.2352e-01    31.8050      9.065     13.148    11.8387 0.0000e+00
      9.253      0.040     8.3562     77.316     53.050  39.087927     0.6024      7.250   205.5572 1.2356e-01    32.1903      9.078     13.166    11.8408 0.0000e+00
      9.258      0.038     8.3563     77.364     53.048  39.087937     0.6243      7.250   205.5908 1.2357e-01    32.9791      9.077     13.166    11.8385 0.0000e+00
      9.263      0.036     8.3594     77.436     53.025  39.074309     0.6574      7.249   205.7108 1.2357e-01    33.4523      9.080     13.171    11.8374 0.0000e+00
      9.273      0.034     8.3597     77.482     52.989  39.050079     0.6784      7.249   205.8895 1.2360e-01    33.9150      9.094     13.190    11.8375 0.0000e+00
      9.285      0.033     8.3611     77.478     52.988  39.048834     0.8039      7.250   206.1162 1.2360e-01    39.0177      9.106     13.208    11.8368 0.0000e+00
      9.295      0.034     8.3653     77.486     53.004  39.059247     1.0426      7.251   206.2152 1.2359e-01    48.4182      9.116     13.222    11.8383 0.0000e+00
      9.303      0.034     8.3751     77.527     52.993  39.049065     1.1917      7.251   206.3124 1.2361e-01    53.8764      9.124     13.233    11.8427 0.0000e+00
      9.309      0.033     8.3823     77.545     52.999  39.052640     1.2757      7.251   206.4308 1.2361e-01    57.7698      9.128     13.240    11.8446 0.0000e+00
      9.315      0.033     8.3770     77.520     53.068  39.102467     1.8501      7.252   206.4420 1.2358e-01    95.3902      9.134     13.247    11.8443 0.0000e+00
      9.324      0.032     8.3771     77.500     53.127  39.143826     2.8767      7.252   206.4482 1.2356e-01   164.3125      9.142     13.260    11.8427 0.0000e+00
      9.336      0.032     8.3856     77.475     53.171  39.171930     3.4168      7.252   206.5057 1.2357e-01   201.6298      9.155     13.279    11.8406 0.0000e+00
      9.346      0.032     8.3895     77.421     53.887  39.696115     3.3953      7.253   206.5353 1.2357e-01   202.0923      9.167     13.295    11.8400 0.0000e+00
      9.353      0.032     8.3820     77.360     62.082  45.735542     2.6413      7.254   206.3757 1.2357e-01   169.8708      9.173     13.305    11.8395 0.0000e+00
      9.358      0.033     8.3817     77.255    127.899  94.230817     1.2336      7.254   206.1245 1.2357e-01   110.2533      9.176     13.308    11.8378 0.0000e+00
      9.364      0.035     8.3831     77.089    261.329 192.508077     0.4580      7.254   205.9068 1.2357e-01    77.6515      9.182     13.317    11.8321 0.0000e+00
      9.373      0.037     8.3734     76.930    367.792 270.852433     0.3631      7.253   205.5508 1.2358e-01    73.0776      9.191     13.330    11.8283 0.0000e+00
      9.384      0.040     8.3706     76.770    409.861 301.738142     0.2365      7.251   205.0895 1.2362e-01    54.5755      9.201     13.345    11.8299 0.0000e+00
      9.398      0.041     8.3592     76.512    425.353 313.082636     0.0425      7.251   204.8029 1.2361e-01    21.1201      9.217     13.368    11.8367 0.0000e+00
      9.410      0.040     8.3299     76.085    432.952 318.649479    -0.0520      7.250   204.7531 1.2357e-01     2.8556      9.231     13.388    11.8371 0.0000e+00
      9.420      0.035     8.3139     75.450    437.898 322.282093    -0.0488      7.250   204.8311 1.2361e-01     1.1896      9.238     13.399    11.8200 0.0000e+00
      9.429      0.028     8.3050     74.618    441.536 324.962499    -0.0433      7.250   204.9726 1.2366e-01     0.7722      9.247     13.411    11.8047 0.0000e+00
      9.437      0.020     8.2797     73.701    444.108 326.862221    -0.0433      7.251   205.0003 1.2363e-01     0.1653      9.256     13.424    11.7987 0.0000e+00
      9.441      0.013     8.2351     72.794    445.822 328.132306    -0.0413      7.251   204.9085 1.2360e-01    -0.1698      9.260     13.431    11.7960 0.0000e+00
      9.441      0.008     8.1679     71.919    446.800 328.862383    -0.0444      7.250   204.8950 1.2361e-01    -0.2053      9.260     13.429    11.7957 0.0000e+00
      9.441      0.003     8.0713     71.074    447.052 329.059821    -0.0472      7.250   204.8369 1.2358e-01    -0.2297      9.258     13.427    11.7960 0.0000e+00
      9.441     -0.001     7.9677     70.160    446.745 328.845980    -0.0418      7.251   203.6039 1.2357e-01    -0.2256      9.258     13.428    11.7969 0.0000e+00
      9.441     -0.003     7.8705     69.020    446.300 328.529735    -0.0544      7.253   198.4181 1.2362e-01    -0.2581      9.258     13.428    11.7978 0.0000e+00
      9.441     -0.004     7.7734     67.573    446.007 328.325775    -0.0739      7.253   189.7169 1.2367e-01    -0.3494      9.258     13.428    11.7991 0.0000e+00
      9.440     -0.004     7.6861     65.857    445.886 328.246568    -0.0697      7.253   182.4582 1.2369e-01    -0.4074      9.258     13.427    11.8006 0.0000e+00
      9.437     -0.005     7.5951     63.968    446.006 328.344449    -0.0541      7.253   178.3672 1.2372e-01    -0.3792      9.255     13.423    11.8018 0.0000e+00
      9.434     -0.005     7.4748     62.004    446.178 328.479399    -0.0508      7.253   175.7867 1.2370e-01    -0.3159      9.251     13.417    11.8031 0.0000e+00
      9.434     -0.006     7.3158     60.069    446.144 328.462187    -0.0632      7.254   173.6270 1.2365e-01    -0.3253      9.251     13.418    11.8045 0.0000e+00
      9.433     -0.011     7.1259     58.274    446.391 328.651284    -0.0790      7.254   170.4955 1.2363e-01    -0.3899      9.251     13.417    11.8056 0.0000e+00
      9.433     -0.019     6.9179     56.675    447.768 329.671497    -0.0755      7.254   167.0911 1.2360e-01    -0.4141      9.250     13.416    11.8066 0.0000e+00
      9.431     -0.028     6.7022     55.287    450.458 331.656919    -0.0545      7.254   166.1066 1.2357e-01    -0.3449      9.251     13.417    11.8076 0.0000e+00
      9.424     -0.035     6.4871     54.090    454.144 334.374542    -0.0415      7.254   166.8519 1.2357e-01    -0.2362      9.246     13.410    11.8084 0.0000e+00
      9.409     -0.038     6.2916     53.025    458.452 337.550002    -0.0435      7.252   167.5849 1.2358e-01    -0.0899      9.230     13.387    11.8093 0.0000e+00
      9.389     -0.041     6.1187     52.104    462.884 340.817983    -0.0545      7.249   168.2581 1.2360e-01     0.0919      9.204     13.349    11.8099 0.0000e+00
      9.376     -0.048     5.9678     51.430    467.732 344.392486    -0.0657      7.247   168.7960 1.2363e-01     0.2874      9.190     13.330    11.8105 0.0000e+00
      9.372     -0.062     5.8430     51.071    473.037 348.305454    -0.0619      7.246   169.5284 1.2363e-01     1.4201      9.191     13.330    11.8109 0.0000e+00
      9.370     -0.074     5.7271     50.982    473.737 348.831015     0.0499      7.240   171.0049 1.2364e-01    13.4116      9.190     13.330    11.8113 0.0000e+00
      9.357     -0.079     5.6222     51.086    459.697 338.504868     0.2619      7.229   172.7099 1.2369e-01    35.4190      9.186     13.322    11.8117 0.0000e+00
      9.321     -0.078     5.5449     51.235    434.776 320.162020     0.3874      7.216   173.8818 1.2368e-01    47.5912      9.148     13.269    11.8123 0.0000e+00
      9.272     -0.075     5.5100     51.174    420.163 309.402859     0.4271      7.207   174.5913 1.2364e-01    50.1136      9.082     13.172    11.8129 0.0000e+00
      9.244     -0.075     5.5026     50.770    376.793 277.472861     0.6005      7.202   175.1793 1.2363e-01    65.4384      9.050     13.126    11.8140 0.0000e+00
      9.247     -0.076     5.5166     50.041    249.912 184.057840     0.8856      7.201   176.0003 1.2358e-01    93.2727      9.068     13.151    11.8155 0.0000e+00
      9.255     -0.076     5.5483     48.956    117.553  86.614709     1.0276      7.198   177.2050 1.2356e-01   108.3584      9.084     13.175    11.8166 0.0000e+00
      9.244     -0.071     5.5456     47.076     66.169  48.810660     1.0361      7.191   178.3890 1.2359e-01   109.3561      9.074     13.161    11.8168 0.0000e+00
      9.206     -0.065     5.4994     43.507     62.472  46.127381     1.0378      7.184   179.0444 1.2358e-01   106.1213      9.035     13.104    11.8158 0.0000e+00
      9.159     -0.059     5.4212     37.999     62.333  46.046430     1.0478      7.180   179.1933 1.2354e-01   100.0243      8.973     13.013    11.8238 0.0000e+00
      9.133     -0.047     5.3148     32.132     61.045  45.102939     1.0576      7.180   178.8986 1.2359e-01    96.6813      8.940     12.966    11.8486 0.0000e+00
      9.140     -0.025     5.1533     28.485     60.565  44.750065     1.0569      7.180   178.4064 1.2367e-01    96.3427      8.959     12.996    11.8864 0.0000e+00
      9.158      0.005     4.7909     28.472     61.016  45.080931     1.0469      7.179   178.1457 1.2368e-01    96.3066      8.987     13.035    11.9218 0.0000e+00
      9.164      0.033     4.1277     31.795     61.660  45.548451     1.0287      7.178   177.9840 1.2363e-01    97.0989      8.991     13.039    11.9378 0.0000e+00
      9.162      0.048     3.3675     37.561     61.718  45.578211     1.0121      7.176   177.7426 1.2352e-01    98.6796      8.981     13.027    11.9411 0.0000e+00
      9.170      0.048     2.9180     45.006     61.207  45.186858     0.9953      7.175   177.5496 1.2348e-01    99.5346      8.985     13.032    11.9416 0.0000e+00
      9.194      0.044     2.9452     53.211     60.803  44.879425     0.9848      7.177   177.3711 1.2353e-01    99.4087      9.014     13.073    11.9409 0.0000e+00
      9.221      0.039     3.3434     60.842     60.850  44.908128     0.9930      7.181   177.1334 1.2350e-01    97.2267      9.051     13.126    11.9345 0.0000e+00
      9.233      0.026     3.9910     66.667     60.410  44.581705     1.0108      7.185   176.9122 1.2348e-01    93.2378      9.062     13.144    11.9208 0.0000e+00
      9.232     -0.005     4.8235     70.151     58.991  43.535279     1.0343      7.189   176.6756 1.2355e-01    91.0778      9.051     13.129    11.9092 0.0000e+00
      9.229     -0.052     5.7699     71.629     57.633  42.539170     1.0596      7.192   176.5954 1.2361e-01    90.6153      9.048     13.124    11.9018 0.0000e+00
      9.225     -0.099     6.6454     71.858     56.878  41.995682     1.0674      7.191   177.1476 1.2369e-01    87.4060      9.054     13.131    11.8976 0.0000e+00
      9.201     -0.129     7.2970     71.426     56.487  41.724481     1.0534      7.186   178.1894 1.2374e-01    81.5488      9.037     13.107    11.8957 0.0000e+00
      9.145     -0.137     7.6571     70.765     56.397  41.672002     1.0321      7.178   178.6094 1.2372e-01    78.3462      8.977     13.021    11.8957 0.0000e+00
