Data/DataNotYetUploadedToEDI/Raw_CTD/RawDownloads/070824_fcr50_S7809006.cnv
* Sea-Bird SBE19plus  Data File:
* FileName = C:\R\Reservoirs\Data\DataNotYetUploadedToEDI\Raw_CTD\RawDownloads\070824_fcr50_S7809_0006.hex
* Software version 2.8.0.119
* Temperature SN = 7809
* Conductivity SN = 7809
* System UpLoad Time = Jul 10 2024 15:57:14
* <ApplicationData>
* <Seaterm232>
# nquan = 15
# nvalues = 1672                        
# units = specified
# name 0 = depFM: Depth [fresh water, m]
# name 1 = dz/dtM: Descent Rate [m/s]
# name 2 = sbeox0Mg/L: Oxygen, SBE 43 [mg/l]
# name 3 = sbeox0PS: Oxygen, SBE 43 [% saturation]
# name 4 = specc: Specific Conductance [uS/cm]
# name 5 = c0uS/cm: Conductivity [uS/cm]
# name 6 = flECO-AFL: Fluorescence, WET Labs ECO-AFL/FL [mg/m^3]
# name 7 = ph: pH
# name 8 = orp: Oxidation Reduction Potential [mV]
# name 9 = par/sat/log: PAR/Logarithmic, Satlantic
# name 10 = turbWETntu0: Turbidity, WET Labs ECO [NTU]
# name 11 = prdM: Pressure, Strain Gauge [db]
# name 12 = prdE: Pressure, Strain Gauge [psi]
# name 13 = tv290C: Temperature [ITS-90, deg C]
# name 14 = flag:  0.000e+00
# span 0 =     -0.639,      9.441       
# span 1 =     -0.261,      0.283       
# span 2 =     0.1235,     9.1504       
# span 3 =      1.246,    115.190       
# span 4 =      0.903,    473.737       
# span 5 =   1.026581, 348.831015       
# span 6 =    -0.7528,     8.7699       
# span 7 =      6.156,      9.303       
# span 8 =   -45.1529,  1001.0599       
# span 9 = 1.2344e-01, 1.9589e+03       
# span 10 =    -0.4141,   202.0923      
# span 11 =     -0.627,      9.260      
# span 12 =     -0.909,     13.431      
# span 13 =    11.7957,    31.8024      
# span 14 = 0.0000e+00, 0.0000e+00      
# interval = seconds: 0.25
# start_time = Jul 08 2024 11:52:22 [Instrument's time stamp, header]
# bad_flag = -9.990e-29
*END*
     -0.638 -8.630e-20     6.9612     95.030      0.939   1.066993    -0.0570      6.184  1001.0599 3.8438e+02     4.5327     -0.626     -0.908    31.7888 0.0000e+00
     -0.639 -7.845e-21     6.9638     95.045      0.937   1.064594    -0.0505      6.184   995.1402 7.8204e+02     4.4238     -0.626     -0.908    31.7895 0.0000e+00
     -0.639 -7.130e-22     6.9644     95.075      0.925   1.050784    -0.0488      6.183   995.4027 1.4206e+03     4.2213     -0.626     -0.908    31.7905 0.0000e+00
     -0.638 -6.484e-23     6.9653     95.087      0.903   1.026686    -0.0368      6.176   989.9510 1.4998e+03     3.9641     -0.626     -0.908    31.7909 0.0000e+00
     -0.638 -5.821e-24     6.9666     95.067      0.903   1.026581    -0.0388      6.160   994.8710 8.8590e+02     3.7723     -0.626     -0.908    31.7913 0.0000e+00
     -0.638 2.7420e-25     6.9658     95.041      0.924   1.049517    -0.0563      6.156   996.2978 4.3587e+02     3.6789     -0.626     -0.908    31.7915 0.0000e+00
     -0.638 8.8632e-24     6.9706     95.037      0.925   1.050650    -0.0483      6.171   937.6832 7.7876e+02     3.6207     -0.626     -0.907    31.7912 0.0000e+00
     -0.639 9.8027e-23     6.9714     95.062      0.916   1.040276     0.1076      6.181   545.4022 1.1981e+03     2.7273     -0.626     -0.908    31.7913 0.0000e+00
     -0.639 1.0783e-21     6.9691     95.079      0.925   1.050763     0.3725      6.189   217.7793 7.8048e+02     0.9726     -0.627     -0.909    31.7916 0.0000e+00
     -0.639 1.1862e-20     6.9664     95.075      0.925   1.050773     0.5156      6.210   578.5415 3.0258e+02     0.0303     -0.626     -0.908    31.7912 0.0000e+00
     -0.639 1.3048e-19     6.9654     95.070      0.916   1.040401     0.5313      6.219   949.6284 2.5157e+02     0.0104     -0.626     -0.908    31.7900 0.0000e+00
     -0.639 1.4353e-18     6.9698     95.071      0.926   1.052021     0.3708      6.211   965.9819 2.5658e+02     0.1521     -0.626     -0.908    31.7879 0.0000e+00
     -0.639 1.5788e-17     6.9711     95.066      0.937   1.064592     0.0559      6.204   948.3489 2.6081e+02     0.4449     -0.626     -0.908    31.7864 0.0000e+00
     -0.639 1.7367e-16     6.9698     95.062      0.938   1.065725    -0.1128      6.200   929.4145 2.6654e+02     0.6474     -0.626     -0.908    31.7860 0.0000e+00
     -0.639 1.9103e-15     6.9695     95.071      0.938   1.065724    -0.1206      6.198   917.9876 2.7194e+02     0.6544     -0.626     -0.908    31.7861 0.0000e+00
     -0.639 2.1014e-14     6.9702     95.071      0.937   1.064582    -0.0972      6.198   938.6442 2.7009e+02     0.4951     -0.626     -0.908    31.7859 0.0000e+00
     -0.638 2.3115e-13     6.9695     95.065      0.926   1.051916    -0.0712      6.201   944.0272 2.6690e+02     0.1554     -0.626     -0.908    31.7858 0.0000e+00
     -0.638 2.5427e-12     6.9684     95.082      0.915   1.039248    -0.0557      6.202   705.1671 2.6859e+02    -0.0372     -0.626     -0.908    31.7859 0.0000e+00
     -0.638 2.7969e-11     6.9703     95.100      0.914   1.038097    -0.0344      6.201   479.4083 2.7078e+02     0.0451     -0.626     -0.907    31.7857 0.0000e+00
     -0.638 3.0766e-10     6.9708     95.100      0.914   1.038001     0.0120      6.204   659.3744 2.7038e+02     0.7747     -0.626     -0.907    31.7856 0.0000e+00
     -0.638 3.3843e-09     6.9679     95.095      0.914   1.038087     0.0802      6.204   777.4624 2.8213e+02     2.0894     -0.626     -0.908    31.7847 0.0000e+00
     -0.638 3.7227e-08     6.9713     95.091      0.915   1.039135     0.1242      6.201   716.1582 3.1623e+02     2.8229     -0.626     -0.908    31.7838 0.0000e+00
     -0.638 4.0950e-07     6.9731     95.097      0.925   1.050670     0.1362      6.200   791.7932 3.6485e+02     2.8808     -0.626     -0.908    31.7833 0.0000e+00
     -0.638      0.000     6.9718     95.107      0.925   1.050888     0.1337      6.199   781.9213 3.9793e+02     2.7891     -0.626     -0.907    31.7839 0.0000e+00
     -0.638      0.000     6.9720     95.118      0.917   1.041771     0.1194      6.201   648.8527 3.8009e+02     2.1927     -0.626     -0.908    31.7857 0.0000e+00
     -0.638      0.001     6.9704     95.119      0.939   1.067106     0.1049      6.209   608.6276 3.1990e+02     1.1687     -0.626     -0.908    31.7863 0.0000e+00
     -0.638      0.001     6.9719     95.109      0.971   1.103865     0.0839      6.217   615.0274 2.5551e+02     0.5546     -0.626     -0.907    31.7869 0.0000e+00
     -0.638      0.001     6.9720     95.115      0.973   1.106188     0.0643      6.222   606.8957 2.1651e+02     0.4031     -0.625     -0.906    31.7869 0.0000e+00
     -0.638      0.000     6.9732     95.130      0.964   1.095197     0.0673      6.222   597.7237 2.1233e+02     0.2259     -0.625     -0.907    31.7874 0.0000e+00
     -0.638      0.000     6.9740     95.129      0.966   1.097649     0.0793      6.223   581.1347 2.9233e+02    -0.0176     -0.625     -0.907    31.7872 0.0000e+00
     -0.637      0.000     6.9712     95.122      1.000   1.135835     0.0844      6.213   570.0524 3.6959e+02    -0.1150     -0.625     -0.906    31.7897 0.0000e+00
     -0.637      0.000     6.9722     95.133      1.372   1.556904     0.0786      6.196   574.1169 3.0538e+02     0.1751     -0.625     -0.906    31.7894 0.0000e+00
     -0.638      0.004     6.9742     95.158      5.464   6.188752     0.1262      6.202   599.8198 2.3644e+02     4.1049     -0.626     -0.907    31.7951 0.0000e+00
     -0.638      0.018     6.9735     95.192     15.060  16.964972     0.2434      6.267   481.0863 2.4389e+02    11.4647     -0.625     -0.907    31.7905 0.0000e+00
     -0.638      0.047     6.9715     95.241     27.691  30.895341     0.3137      6.421   165.5700 2.6408e+02    15.4802     -0.625     -0.905    31.7998 0.0000e+00
     -0.636      0.089     6.9741     95.350     39.047  43.161868     0.3355      6.677   -28.9414 2.8744e+02    15.9333     -0.626     -0.908    31.7801 0.0000e+00
     -0.622      0.139     6.9756     95.860     43.695  47.899308     0.5822      7.010   -45.1529 3.0720e+02    17.6953     -0.622     -0.903    31.8024 0.0000e+00
     -0.579      0.192     6.9876     96.753     43.624  47.376138     1.0572      7.355   -42.1432 3.2002e+02    20.9690     -0.579     -0.840    31.6833 0.0000e+00
     -0.508      0.240     7.0776     97.498     43.486  46.802953     1.3270      7.640   -37.8944 3.2977e+02    22.8249     -0.500     -0.725    31.0195 0.0000e+00
     -0.426      0.273     7.1567     98.142     43.674  46.681883     1.3472      7.856   -32.7555 3.4229e+02    22.9869     -0.419     -0.607    30.2992 0.0000e+00
     -0.342      0.283     7.2465     98.879     44.038  46.864027     1.3347      8.024   -28.3632 3.5639e+02    22.7560     -0.336     -0.487    29.8231 0.0000e+00
     -0.257      0.268     7.4195     99.571     44.318  47.036947     1.3251      8.152   -24.8826 3.6771e+02    22.4255     -0.249     -0.361    29.2888 0.0000e+00
     -0.182      0.236     7.5307    100.097     44.346  46.994925     1.3232      8.246   -22.3337 3.7967e+02    22.3031     -0.173     -0.251    28.7529 0.0000e+00
     -0.125      0.196     7.6219    100.422     44.265  46.863692     1.3366      8.312   -19.0548 3.8474e+02    22.3356     -0.113     -0.165    28.3898 0.0000e+00
     -0.086      0.154     7.7189    100.584     44.280  46.846783     1.3536      8.352   -16.0397 5.8675e+02    22.3051     -0.080     -0.117    28.1721 0.0000e+00
     -0.061      0.113     7.7909    100.654     44.190  46.726955     1.3545      8.377   -14.6157 8.8415e+02    22.0721     -0.059     -0.087    28.0409 0.0000e+00
     -0.040      0.079     7.8452    100.681     43.870  46.367063     1.3390      8.396   -13.1086 7.9253e+02    21.7038     -0.039     -0.056    27.9704 0.0000e+00
     -0.024      0.054     7.8738    100.630     43.587  46.050313     1.3236      8.411   -11.2400 5.1389e+02    21.5420     -0.021     -0.029    27.9239 0.0000e+00
     -0.015      0.038     7.8909    100.488     43.497  45.944236     1.3268      8.422   -10.0909 4.0578e+02    21.6186     -0.011     -0.016    27.8904 0.0000e+00
     -0.013      0.028     7.8963    100.319     43.532  45.973216     1.3279      8.438    -9.4524 3.8842e+02    21.6394     -0.013     -0.021    27.8623 0.0000e+00
     -0.010      0.022     7.9052    100.171     43.582  46.019820     1.3195      8.456    -6.7902 3.6176e+02    21.5874     -0.011     -0.016    27.8382 0.0000e+00
     -0.004      0.017     7.9046    100.047     43.508  45.936382     1.3251      8.473    -2.5099 3.9240e+02    21.5719     -0.003     -0.004    27.8160 0.0000e+00
      0.001      0.014     7.8924     99.935     43.315  45.726121     1.3293      8.493    -0.4609 4.4695e+02    21.5880      0.001      0.001    27.8049 0.0000e+00
      0.006      0.013     7.8783     99.810     43.176  45.572400     1.3207      8.522    -1.0303 3.7545e+02    21.6458      0.006      0.010    27.7979 0.0000e+00
      0.009      0.013     7.8692     99.703     43.196  45.601250     1.3042      8.551    -1.4793 3.2289e+02    21.6549      0.011      0.016    27.7880 0.0000e+00
      0.010      0.013     7.8587     99.649     43.374  45.821044     1.2797      8.576    -0.2112 3.5609e+02    21.5964      0.010      0.015    27.7850 0.0000e+00
      0.010      0.014     7.8539     99.505     43.629  46.135127     1.2666      8.601     1.9997 3.4516e+02    21.5877      0.009      0.013    27.7789 0.0000e+00
      0.013      0.018     7.8431     98.528     43.854  46.415287     1.2870      8.629     4.0852 3.0363e+02    21.6864      0.010      0.016    27.7615 0.0000e+00
      0.019      0.026     7.8354     96.386     44.002  46.605776     1.3269      8.657     5.9037 2.8182e+02    21.8337      0.018      0.027    27.7651 0.0000e+00
      0.027      0.035     7.8219     94.597     44.089  46.724351     1.3489      8.677     6.7800 2.7127e+02    21.8994      0.028      0.040    27.8088 0.0000e+00
      0.034      0.040     7.8248     94.464     44.116  46.769816     1.3530      8.694     7.1093 2.6181e+02    21.9001      0.032      0.046    27.8685 0.0000e+00
      0.046      0.041     7.7796     95.162     44.057  46.711121     1.3516      8.711     8.1634 2.5226e+02    21.8075      0.041      0.059    27.9171 0.0000e+00
      0.064      0.038     7.5369     95.333     43.944  46.586034     1.3401      8.726    10.0613 2.4292e+02    21.6683      0.064      0.092    27.9537 0.0000e+00
      0.080      0.032     7.3367     94.647     43.840  46.463552     1.3310      8.739    11.7300 2.3682e+02    21.6517      0.083      0.120    27.9866 0.0000e+00
      0.086      0.025     7.3692     93.412     43.770  46.372864     1.3409      8.754    11.4757 2.3434e+02    21.6757      0.085      0.125    28.0072 0.0000e+00
      0.086      0.016     7.4719     91.902     43.732  46.314771     1.3514      8.769    10.4287 2.3357e+02    21.6504      0.084      0.123    28.0093 0.0000e+00
      0.086      0.007     7.4880     90.189     43.704  46.268978     1.3421      8.784    11.0303 2.3295e+02    21.6529      0.085      0.123    28.0009 0.0000e+00
      0.086      0.002     7.4222     88.321     43.712  46.263534     1.3285      8.797    12.8128 2.3348e+02    21.7409      0.085      0.123    27.9872 0.0000e+00
      0.086      0.001     7.3219     86.654     43.767  46.312397     1.3284      8.808    14.4293 2.3532e+02    21.8256      0.085      0.123    27.9681 0.0000e+00
      0.087      0.001     7.2025     85.396     43.807  46.351913     1.3494      8.818    14.5714 2.3659e+02    21.8567      0.085      0.124    27.9465 0.0000e+00
      0.087      0.001     7.0776     84.367     43.814  46.360430     1.4069      8.825    13.7565 2.3881e+02    21.9126      0.085      0.124    27.9263 0.0000e+00
      0.088      0.001     6.9163     83.556     43.806  46.351889     1.4743      8.826    13.8685 2.4201e+02    21.9896      0.086      0.125    27.9096 0.0000e+00
      0.088      0.002     6.7772     83.127     43.770  46.312131     1.4984      8.823    14.2907 2.4318e+02    22.0365      0.086      0.125    27.8991 0.0000e+00
      0.088      0.002     6.6934     83.047     43.721  46.260605     1.4990      8.820    14.3019 2.4211e+02    22.0348      0.087      0.126    27.8962 0.0000e+00
      0.088      0.003     6.6106     83.126     43.694  46.236741     1.5150      8.821    14.0034 2.3905e+02    22.0372      0.086      0.125    27.8991 0.0000e+00
      0.089      0.006     6.5380     83.181     43.667  46.214051     1.5331      8.829    13.7798 2.3480e+02    22.0654      0.087      0.126    27.9001 0.0000e+00
      0.091      0.012     6.5074     83.099     43.687  46.240191     1.5264      8.836    14.7808 2.3032e+02    22.0350      0.089      0.129    27.8959 0.0000e+00
      0.093      0.021     6.5080     83.052     43.799  46.362366     1.5012      8.838    16.2993 2.2611e+02    22.0109      0.092      0.131    27.8954 0.0000e+00
      0.096      0.029     6.5178     83.477     43.851  46.421628     1.4779      8.844    17.5127 2.2272e+02    22.0474      0.094      0.136    27.9025 0.0000e+00
      0.104      0.034     6.5255     84.425     43.755  46.321918     1.4699      8.856    18.8682 2.2122e+02    22.0663      0.097      0.141    27.9113 0.0000e+00
      0.119      0.035     6.5173     85.593     43.613  46.172481     1.4793      8.866    19.7828 2.2048e+02    22.0683      0.115      0.167    27.9153 0.0000e+00
      0.137      0.032     6.4919     86.936     43.518  46.074867     1.4744      8.873    20.1398 2.1781e+02    22.0376      0.139      0.202    27.9200 0.0000e+00
      0.146      0.027     6.5229     88.381     43.473  46.030422     1.4442      8.878    20.2584 2.1522e+02    21.9001      0.145      0.211    27.9259 0.0000e+00
      0.148      0.019     6.6160     89.495     43.457  46.015983     1.4132      8.884    20.7867 2.1485e+02    21.7039      0.144      0.210    27.9256 0.0000e+00
      0.148      0.010     6.7017     89.826     43.467  46.027262     1.3997      8.891    21.7094 2.1593e+02    21.6129      0.145      0.211    27.9275 0.0000e+00
      0.148      0.003     6.8055     89.326     43.480  46.039831     1.4052      8.899    21.8641 2.1822e+02    21.6538      0.145      0.210    27.9314 0.0000e+00
      0.148      0.000     6.9343     88.421     43.483  46.040983     1.4047      8.908    21.6250 2.2183e+02    21.6860      0.145      0.211    27.9348 0.0000e+00
      0.148      0.000     7.0363     87.750     43.485  46.041191     1.3773      8.915    21.7440 2.2647e+02    21.7280      0.145      0.210    27.9391 0.0000e+00
      0.148      0.000     7.0639     87.697     43.487  46.042345     1.3403      8.922    22.5278 2.3318e+02    21.8203      0.145      0.210    27.9393 0.0000e+00
      0.148      0.001     7.0116     88.124     43.500  46.054936     1.3319      8.928    23.7030 2.4167e+02    21.8803      0.145      0.211    27.9370 0.0000e+00
      0.149      0.001     6.9206     88.717     43.512  46.066468     1.3512      8.933    24.3389 2.5062e+02    21.9065      0.146      0.212    27.9339 0.0000e+00
      0.149      0.001     6.8538     89.303     43.502  46.054811     1.3817      8.938    24.5372 2.5925e+02    21.7960      0.146      0.212    27.9321 0.0000e+00
      0.149      0.001     6.8584     89.797     43.491  46.040951     1.4182      8.944    24.8960 2.6487e+02    21.6024      0.146      0.211    27.9309 0.0000e+00
      0.149      0.001     6.9030     90.125     43.478  46.025843     1.4430      8.949    25.4078 2.6827e+02    21.5469      0.146      0.212    27.9299 0.0000e+00
      0.149      0.001     6.9522     90.228     43.454  45.999103     1.4558      8.953    25.9064 2.6825e+02    21.6036      0.146      0.212    27.9296 0.0000e+00
      0.149      0.001     7.0009     90.119     43.432  45.971559     1.4485      8.956    26.2784 2.6168e+02    21.7410      0.146      0.212    27.9277 0.0000e+00
