Data/DataNotYetUploadedToEDI/Raw_CTD/RawDownloads/070824_fcr50_S7809006.cnv
* Sea-Bird SBE19plus  Data File:
* FileName = C:\R\Reservoirs\Data\DataNotYetUploadedToEDI\Raw_CTD\RawDownloads\070824_fcr50_S7809_0006.hex
* Software version 2.8.0.119
* Temperature SN = 7809
* Conductivity SN = 7809
* System UpLoad Time = Jul 10 2024 15:57:14
* <ApplicationData>
* <Seaterm232>
# nquan = 15
# nvalues = 1672                        
# units = specified
# name 0 = depFM: Depth [fresh water, m]
# name 1 = dz/dtM: Descent Rate [m/s]
# name 2 = sbeox0Mg/L: Oxygen, SBE 43 [mg/l]
# name 3 = sbeox0PS: Oxygen, SBE 43 [% saturation]
# name 4 = specc: Specific Conductance [uS/cm]
# name 5 = c0uS/cm: Conductivity [uS/cm]
# name 6 = flECO-AFL: Fluorescence, WET Labs ECO-AFL/FL [mg/m^3]
# name 7 = ph: pH
# name 8 = orp: Oxidation Reduction Potential [mV]
# name 9 = par/sat/log: PAR/Logarithmic, Satlantic
# name 10 = turbWETntu0: Turbidity, WET Labs ECO [NTU]
# name 11 = prdM: Pressure, Strain Gauge [db]
# name 12 = prdE: Pressure, Strain Gauge [psi]
# name 13 = tv290C: Temperature [ITS-90, deg C]
# name 14 = flag:  0.000e+00
# span 0 =     -0.639,      9.441       
# span 1 =     -0.261,      0.283       
# span 2 =     0.1235,     9.1504       
# span 3 =      1.246,    115.190       
# span 4 =      0.903,    473.737       
# span 5 =   1.026581, 348.831015       
# span 6 =    -0.7528,     8.7699       
# span 7 =      6.156,      9.303       
# span 8 =   -45.1529,  1001.0599       
# span 9 = 1.2344e-01, 1.9589e+03       
# span 10 =    -0.4141,   202.0923      
# span 11 =     -0.627,      9.260      
# span 12 =     -0.909,     13.431      
# span 13 =    11.7957,    31.8024      
# span 14 = 0.0000e+00, 0.0000e+00      
# interval = seconds: 0.25
# start_time = Jul 08 2024 11:52:22 [Instrument's time stamp, header]
# bad_flag = -9.990e-29
*END*
[from data line 1446]
      5.531     -0.142     8.4234     77.957     52.960  39.050300     0.5239      7.263   189.8583 2.0039e-01    30.2014      5.433      7.880    11.8682 0.0000e+00
      5.521     -0.129     8.4234     77.963     52.960  39.050188     0.4914      7.260   190.7260 2.2119e-01    30.2486      5.425      7.868    11.8684 0.0000e+00
      5.480     -0.118     8.4235     77.974     52.993  39.074200     0.4698      7.255   190.9380 2.7769e-01    30.4691      5.389      7.815    11.8664 0.0000e+00
      5.412     -0.113     8.4242     78.000     53.011  39.086776     0.4792      7.255   190.7015 3.4534e-01    30.6467      5.304      7.692    11.8648 0.0000e+00
      5.356     -0.101     8.4271     78.029     52.997  39.075322     0.4882      7.256   190.6191 3.6022e-01    30.6542      5.228      7.582    11.8642 0.0000e+00
      5.343     -0.077     8.4267     78.057     52.981  39.062639     0.4875      7.258   190.5444 3.3951e-01    30.4233      5.234      7.591    11.8645 0.0000e+00
      5.351     -0.050     8.4267     78.092     52.979  39.060342     0.4950      7.260   190.3140 3.3749e-01    30.0416      5.255      7.621    11.8650 0.0000e+00
      5.352     -0.039     8.4312     78.114     52.962  39.047556     0.5135      7.264   190.0714 3.4745e-01    29.8982      5.247      7.610    11.8642 0.0000e+00
      5.353     -0.054     8.4343     78.104     52.946  39.034968     0.5192      7.268   190.0196 3.4739e-01    29.9540      5.246      7.609    11.8629 0.0000e+00
      5.353     -0.085     8.4369     78.091     52.946  39.035071     0.5052      7.270   190.5483 3.5425e-01    29.9308      5.257      7.626    11.8617 0.0000e+00
      5.333     -0.109     8.4418     78.102     52.963  39.048802     0.4859      7.267   191.3018 4.1262e-01    29.7886      5.244      7.605    11.8607 0.0000e+00
      5.279     -0.117     8.4459     78.118     52.996  39.074063     0.4689      7.263   191.5588 5.1897e-01    29.6351      5.184      7.519    11.8604 0.0000e+00
      5.211     -0.112     8.4429     78.108     53.013  39.086651     0.4659      7.263   191.3330 6.0242e-01    29.6113      5.098      7.394    11.8603 0.0000e+00
      5.168     -0.095     8.4400     78.089     52.997  39.074072     0.4664      7.265   191.0663 6.2149e-01    29.6371      5.049      7.322    11.8601 0.0000e+00
      5.164     -0.067     8.4422     78.096     52.964  39.048907     0.4835      7.267   191.0872 6.0964e-01    29.5713      5.062      7.342    11.8610 0.0000e+00
      5.172     -0.039     8.4455     78.120     52.949  39.036226     0.5230      7.270   191.1549 5.9669e-01    29.4658      5.077      7.365    11.8624 0.0000e+00
      5.175     -0.029     8.4439     78.142     52.967  39.047669     0.5361      7.275   191.1106 5.8390e-01    29.3856      5.074      7.358    11.8623 0.0000e+00
      5.175     -0.051     8.4390     78.152     52.985  39.060342     0.5332      7.279   191.0684 5.8173e-01    29.4218      5.075      7.360    11.8615 0.0000e+00
      5.172     -0.094     8.4417     78.150     52.986  39.062523     0.5300      7.280   191.4198 6.0463e-01    29.5615      5.077      7.364    11.8607 0.0000e+00
      5.154     -0.133     8.4448     78.150     52.998  39.074052     0.5059      7.278   192.4338 6.7503e-01    29.6750      5.067      7.347    11.8593 0.0000e+00
      5.106     -0.153     8.4480     78.153     52.993  39.072813     0.4746      7.271   193.2608 8.1782e-01    29.7009      5.022      7.282    11.8574 0.0000e+00
      5.027     -0.156     8.4499     78.148     52.958  39.047552     0.4596      7.265   193.4178 1.0033e+00    29.6357      4.929      7.150    11.8564 0.0000e+00
      4.953     -0.145     8.4477     78.148     52.926  39.022472     0.4824      7.262   193.3849 1.1251e+00    29.6038      4.838      7.017    11.8573 0.0000e+00
      4.919     -0.123     8.4478     78.164     52.929  39.023416     0.5250      7.262   193.3794 1.1304e+00    29.6562      4.811      6.977    11.8600 0.0000e+00
      4.919     -0.103     8.4481     78.168     52.979  39.058966     0.5421      7.263   193.2656 1.1047e+00    29.6885      4.828      7.002    11.8641 0.0000e+00
      4.920     -0.100     8.4468     78.169     52.997  39.071534     0.5308      7.267   193.0418 1.1108e+00    29.6539      4.828      7.003    11.8649 0.0000e+00
      4.912     -0.116     8.4453     78.204     52.966  39.048447     0.4971      7.270   193.4273 1.1621e+00    29.6129      4.820      6.990    11.8625 0.0000e+00
      4.890     -0.139     8.4505     78.248     52.944  39.033675     0.4677      7.266   194.3982 1.3149e+00    29.6370      4.808      6.973    11.8604 0.0000e+00
      4.835     -0.153     8.4511     78.290     52.922  39.019848     0.4751      7.260   194.8005 1.5969e+00    29.7065      4.756      6.898    11.8594 0.0000e+00
      4.753     -0.149     8.4469     78.345     52.906  39.008197     0.4940      7.258   194.5925 1.9131e+00    29.7356      4.655      6.752    11.8589 0.0000e+00
      4.686     -0.132     8.4545     78.380     52.924  39.019725     0.5045      7.259   194.3780 2.0600e+00    29.6816      4.573      6.632    11.8586 0.0000e+00
      4.666     -0.110     8.4594     78.386     52.944  39.032312     0.5109      7.262   194.1855 2.0185e+00    29.6338      4.567      6.623    11.8600 0.0000e+00
      4.674     -0.094     8.4604     78.388     52.948  39.033456     0.5213      7.265   194.1584 1.9822e+00    29.6698      4.588      6.655    11.8630 0.0000e+00
      4.678     -0.091     8.4700     78.370     52.949  39.033559     0.5396      7.265   194.8242 2.0029e+00    29.7074      4.590      6.658    11.8636 0.0000e+00
      4.670     -0.099     8.4740     78.317     52.948  39.033559     0.5410      7.260   195.7829 2.1156e+00    29.6786      4.586      6.652    11.8614 0.0000e+00
      4.635     -0.109     8.4730     78.271     52.946  39.033455     0.5122      7.254   196.1993 2.4669e+00    29.6623      4.563      6.618    11.8590 0.0000e+00
      4.568     -0.113     8.4746     78.256     52.945  39.032301     0.4752      7.253   196.1590 2.9094e+00    29.7159      4.479      6.496    11.8571 0.0000e+00
      4.507     -0.104     8.4751     78.252     52.930  39.019609     0.4595      7.256   195.8985 3.0541e+00    29.8148      4.397      6.377    11.8563 0.0000e+00
      4.490     -0.084     8.4654     78.250     52.916  39.006926     0.4727      7.262   195.5437 2.9451e+00    29.9017      4.395      6.374    11.8577 0.0000e+00
      4.496     -0.063     8.4592     78.248     52.917  39.005867     0.4922      7.267   195.2252 2.9044e+00    29.7757      4.416      6.405    11.8598 0.0000e+00
      4.499     -0.058     8.4599     78.266     52.920  39.006811     0.5040      7.272   195.3168 2.9396e+00    29.4863      4.411      6.398    11.8594 0.0000e+00
      4.497     -0.078     8.4587     78.303     52.935  39.018340     0.5072      7.276   196.3075 2.9763e+00    29.3411      4.410      6.396    11.8568 0.0000e+00
      4.489     -0.115     8.4606     78.328     52.932  39.018340     0.5148      7.275   197.8245 3.1207e+00    29.3522      4.412      6.398    11.8547 0.0000e+00
      4.456     -0.144     8.4586     78.334     52.912  39.006811     0.5213      7.268   198.7745 3.4910e+00    29.3812      4.383      6.356    11.8526 0.0000e+00
      4.388     -0.152     8.4612     78.353     52.907  39.005866     0.4943      7.261   198.7602 4.0785e+00    29.3497      4.312      6.254    11.8509 0.0000e+00
      4.307     -0.146     8.4669     78.391     52.907  39.006925     0.4539      7.259   198.5974 4.5862e+00    29.2793      4.212      6.108    11.8512 0.0000e+00
      4.256     -0.131     8.4694     78.406     52.927  39.019608     0.4412      7.261   198.6996 4.6577e+00    29.2470      4.152      6.022    11.8536 0.0000e+00
      4.248     -0.117     8.4679     78.393     52.947  39.032289     0.4735      7.265   198.7059 4.4571e+00    29.1981      4.163      6.039    11.8573 0.0000e+00
      4.256     -0.110     8.4677     78.385     52.949  39.033339     0.5285      7.267   199.1035 4.3442e+00    29.0644      4.180      6.062    11.8607 0.0000e+00
      4.252     -0.109     8.4756     78.383     52.946  39.032299     0.5480      7.265   200.1515 4.4391e+00    28.9280      4.177      6.058    11.8609 0.0000e+00
      4.223     -0.113     8.4775     78.387     52.925  39.019710     0.5353      7.259   200.7078 4.7885e+00    28.8473      4.156      6.028    11.8589 0.0000e+00
      4.161     -0.115     8.4738     78.414     52.905  39.008058     0.5251      7.256   200.1511 5.2910e+00    28.5671      4.085      5.925    11.8568 0.0000e+00
      4.094     -0.108     8.4739     78.439     52.917  39.018339     0.5325      7.258   199.2707 5.5836e+00    28.0680      3.995      5.794    11.8559 0.0000e+00
      4.063     -0.087     8.4740     78.418     52.917  39.017089     0.5491      7.263   199.0110 5.4846e+00    27.7999      3.969      5.757    11.8569 0.0000e+00
      4.068     -0.057     8.4717     78.353     52.884  38.992953     0.5433      7.268   199.2492 5.3141e+00    27.7510      3.992      5.789    11.8603 0.0000e+00
      4.076     -0.034     8.4751     78.266     52.867  38.980354     0.5290      7.272   199.3972 5.2828e+00    27.8525      4.000      5.802    11.8643 0.0000e+00
      4.077     -0.037     8.4810     78.167     52.884  38.991693     0.5260      7.276   198.5633 5.2866e+00    28.1036      3.997      5.797    11.8650 0.0000e+00
      4.078     -0.068     8.4777     78.048     52.900  39.003119     0.5319      7.279   197.3399 5.3065e+00    28.2259      4.001      5.804    11.8638 0.0000e+00
      4.071     -0.105     8.4700     77.919     52.883  38.991579     0.5429      7.274   197.3395 5.4554e+00    28.2383      4.000      5.803    11.8634 0.0000e+00
      4.037     -0.126     8.4597     77.799     52.860  38.979094     0.5418      7.264   197.8695 5.8596e+00    28.2194      3.975      5.765    11.8639 0.0000e+00
      3.969     -0.130     8.4503     77.728     52.852  38.979104     0.5267      7.258   197.9839 6.4208e+00    28.2028      3.899      5.654    11.8628 0.0000e+00
      3.896     -0.121     8.4370     77.722     52.864  38.991701     0.5103      7.259   197.2599 6.7395e+00    28.2073      3.800      5.510    11.8609 0.0000e+00
      3.863     -0.104     8.4224     77.724     52.878  39.004489     0.5097      7.263   195.7404 6.6532e+00    28.2059      3.771      5.470    11.8621 0.0000e+00
      3.868     -0.091     8.4071     77.686     52.879  39.006796     0.5279      7.267   194.2398 6.4898e+00    28.2538      3.798      5.507    11.8670 0.0000e+00
      3.877     -0.087     8.3954     77.593     52.894  39.019602     0.5389      7.270   192.9680 6.4614e+00    28.2738      3.806      5.520    11.8732 0.0000e+00
      3.874     -0.094     8.3992     77.464     52.909  39.032398     0.5260      7.268   191.9782 6.5468e+00    28.2436      3.802      5.515    11.8769 0.0000e+00
      3.849     -0.109     8.3996     77.324     52.905  39.034592     0.5135      7.263   191.3057 6.8661e+00    28.2648      3.791      5.499    11.8784 0.0000e+00
      3.790     -0.120     8.3965     77.164     52.903  39.046139     0.5215      7.260   191.2897 7.3941e+00    28.2562      3.723      5.401    11.8806 0.0000e+00
      3.721     -0.119     8.3850     76.977     52.878  39.045098     0.5479      7.260   191.6131 7.6956e+00    27.6270      3.629      5.264    11.8825 0.0000e+00
      3.686     -0.108     8.3689     76.766     52.827  39.022029     0.5744      7.262   190.7411 7.6290e+00    26.4648      3.602      5.224    11.8823 0.0000e+00
      3.681     -0.099     8.3552     76.504     52.815  39.021083     0.5755      7.266   188.5769 7.5500e+00    25.8862      3.614      5.242    11.8849 0.0000e+00
      3.681     -0.100     8.3350     76.117     52.830  39.033671     0.5781      7.270   186.0097 7.5782e+00    25.9263      3.611      5.237    11.8989 0.0000e+00
      3.676     -0.111     8.3108     75.562     52.854  39.047310     0.5809      7.269   183.9638 7.6536e+00    26.1647      3.608      5.234    11.9192 0.0000e+00
      3.654     -0.126     8.2854     74.885     52.871  39.059058     0.5598      7.264   182.7691 7.9417e+00    26.4794      3.601      5.221    11.9338 0.0000e+00
      3.596     -0.134     8.2599     74.217     52.842  39.048786     0.5386      7.260   181.6302 8.5145e+00    26.5544      3.539      5.131    11.9410 0.0000e+00
      3.518     -0.129     8.2201     73.711     52.818  39.050043     0.5240      7.261   180.5194 8.9641e+00    26.4900      3.433      4.981    11.9414 0.0000e+00
      3.470     -0.111     8.1591     73.391     52.830  39.074281     0.5246      7.264   179.2325 8.9701e+00    26.1792      3.383      4.907    11.9349 0.0000e+00
      3.465     -0.086     8.0831     73.167     52.838  39.088023     0.5386      7.266   177.7722 8.8180e+00    25.5639      3.398      4.927    11.9299 0.0000e+00
      3.470     -0.070     7.9993     72.950     52.834  39.089282     0.5422      7.269   176.6290 8.7686e+00    25.1992      3.406      4.940    11.9428 0.0000e+00
      3.471     -0.074     7.9408     72.697     52.831  39.089511     0.5349      7.274   175.3910 8.7632e+00    25.1168      3.402      4.935    11.9666 0.0000e+00
      3.467     -0.097     7.9086     72.422     52.829  39.090789     0.5263      7.275   174.3321 8.8263e+00    25.0458      3.406      4.940    11.9809 0.0000e+00
      3.444     -0.121     7.8858     72.131     52.837  39.104739     0.5291      7.272   173.6343 9.1370e+00    24.6828      3.393      4.922    11.9872 0.0000e+00
      3.384     -0.132     7.8654     71.848     52.842  39.131267     0.5352      7.269   172.7195 9.6720e+00    23.9733      3.329      4.829    11.9903 0.0000e+00
      3.309     -0.129     7.8344     71.602     52.832  39.157708     0.5343      7.268   170.9292 1.0057e+01    23.5382      3.230      4.686    11.9922 0.0000e+00
      3.263     -0.119     7.8066     71.414     52.806  39.170626     0.5347      7.268   168.4217 1.0076e+01    23.5205      3.181      4.613    11.9928 0.0000e+00
      3.256     -0.111     7.7726     71.259     52.757  39.160570     0.5319      7.270   166.2335 9.9657e+00    24.2716      3.193      4.631    11.9962 0.0000e+00
      3.260     -0.112     7.7371     71.011     52.730  39.163085     0.5329      7.271   164.8634 9.9604e+00    25.7197      3.201      4.643    12.0189 0.0000e+00
      3.255     -0.122     7.7034     70.588     52.740  39.201065     0.5314      7.266   164.1604 1.0080e+01    26.4778      3.195      4.634    12.0584 0.0000e+00
      3.230     -0.134     7.6759     70.007     52.724  39.239044     0.5298      7.258   162.2926 1.0442e+01    26.4350      3.185      4.619    12.0882 0.0000e+00
      3.165     -0.142     7.6637     69.347     52.642  39.241556     0.5386      7.252   159.1432 1.1066e+01    25.8516      3.115      4.519    12.1135 0.0000e+00
      3.081     -0.138     7.6363     68.700     52.541  39.231506     0.5373      7.250   157.0553 1.1515e+01    24.8211      3.001      4.353    12.1324 0.0000e+00
      3.033     -0.123     7.5860     68.038     52.463  39.244525     0.5394      7.252   156.1491 1.1522e+01    24.2912      2.956      4.287    12.1515 0.0000e+00
      3.030     -0.110     7.5129     67.282     52.401  39.272120     0.5391      7.256   155.1555 1.1402e+01    24.1923      2.974      4.313    12.2039 0.0000e+00
      3.035     -0.106     7.4237     66.404     52.340  39.311398     0.5247      7.261   153.3870 1.1387e+01    23.6250      2.980      4.320    12.2719 0.0000e+00
      3.032     -0.115     7.3482     65.411     52.212  39.338746     0.5155      7.261   151.5449 1.1460e+01    22.7272      2.975      4.316    12.3269 0.0000e+00
      3.010     -0.132     7.2701     64.308     52.034  39.349071     0.5110      7.257   150.3488 1.1770e+01    22.2867      2.969      4.307    12.3982 0.0000e+00
