Data/DataNotYetUploadedToEDI/Raw_CTD/RawDownloads/070824_fcr10_S7809007.cnv
* Sea-Bird SBE19plus  Data File:
* FileName = C:\R\Reservoirs\Data\DataNotYetUploadedToEDI\Raw_CTD\RawDownloads\070824_fcr50_S7809_0007.hex
* Software version 2.8.0.119
* Temperature SN = 7809
* Conductivity SN = 7809
* System UpLoad Time = Jul 10 2024 15:57:43
* <ApplicationData>
* <Seaterm232>
# nquan = 15
# nvalues = 1075                        
# units = specified
# name 0 = depFM: Depth [fresh water, m]
# name 1 = dz/dtM: Descent Rate [m/s]
# name 2 = sbeox0Mg/L: Oxygen, SBE 43 [mg/l]
# name 3 = sbeox0PS: Oxygen, SBE 43 [% saturation]
# name 4 = specc: Specific Conductance [uS/cm]
# name 5 = c0uS/cm: Conductivity [uS/cm]
# name 6 = flECO-AFL: Fluorescence, WET Labs ECO-AFL/FL [mg/m^3]
# name 7 = ph: pH
# name 8 = orp: Oxidation Reduction Potential [mV]
# name 9 = par/sat/log: PAR/Logarithmic, Satlantic
# name 10 = turbWETntu0: Turbidity, WET Labs ECO [NTU]
# name 11 = prdM: Pressure, Strain Gauge [db]
# name 12 = prdE: Pressure, Strain Gauge [psi]
# name 13 = tv290C: Temperature [ITS-90, deg C]
# name 14 = flag:  0.000e+00
# span 0 =     -0.638,      2.197       
# span 1 =     -0.313,      0.146       
# span 2 =     0.0720,    10.3978       
# span 3 =      0.850,    131.654       
# span 4 =      0.560,    104.947       
# span 5 =   0.592528,  97.564898       
# span 6 =    -1.1554,    29.6310       
# span 7 =      6.238,      9.852       
# span 8 =  -273.8461,   963.8968       
# span 9 = 1.2358e-01, 3.0975e+03       
# span 10 =    -4.9902,   155.1463      
# span 11 =     -0.627,      2.158      
# span 12 =     -0.909,      3.130      
# span 13 =    21.3906,    33.6956      
# span 14 = 0.0000e+00, 0.0000e+00      
# interval = seconds: 0.25
# start_time = Jul 08 2024 12:36:19 [Instrument's time stamp, header]
# bad_flag = -9.990e-29
*END*
[from data line 193]
     -0.087      0.004     9.6471    119.971     43.665  46.183268     8.8530      9.679    36.2666 2.8330e+03    26.1155     -0.086     -0.125    27.8503 0.0000e+00
     -0.086      0.004     9.5399    119.726     43.671  46.194705     8.8386      9.677    36.2331 2.8444e+03    26.1312     -0.085     -0.123    27.8575 0.0000e+00
     -0.084      0.003     9.4695    119.515     43.677  46.206038     8.5458      9.675    36.0834 2.8659e+03    25.7815     -0.082     -0.119    27.8677 0.0000e+00
     -0.083      0.002     9.4284    119.366     43.664  46.193331     8.0084      9.675    36.0051 2.8801e+03    25.0980     -0.081     -0.117    27.8731 0.0000e+00
     -0.083      0.000     9.4094    119.261     43.645  46.168033     7.7101      9.676    36.2330 2.8816e+03    24.6993     -0.082     -0.118    27.8778 0.0000e+00
     -0.084     -0.001     9.3896    119.166     43.640  46.154079     7.6778      9.676    36.6023 2.8806e+03    24.6846     -0.082     -0.119    27.8822 0.0000e+00
     -0.084     -0.002     9.3695    119.045     43.645  46.151562     7.6428      9.676    36.6840 2.8820e+03    24.8177     -0.083     -0.120    27.8895 0.0000e+00
     -0.085     -0.002     9.3589    118.880     43.640  46.137588     7.5696      9.677    36.7914 2.8850e+03    24.9762     -0.084     -0.121    27.8934 0.0000e+00
     -0.086     -0.001     9.3525    118.736     43.622  46.112072     7.5253      9.677    37.0400 2.8846e+03    24.9953     -0.084     -0.122    27.8854 0.0000e+00
     -0.086      0.000     9.3480    118.622     43.608  46.096963     7.5152      9.677    37.1956 2.8783e+03    24.9128     -0.084     -0.122    27.8720 0.0000e+00
     -0.086      0.001     9.3422    118.475     43.595  46.081863     7.5137      9.679    37.1237 2.8754e+03    24.8667     -0.085     -0.123    27.8637 0.0000e+00
     -0.085      0.001     9.3266    118.329     43.585  46.056463     7.6490      9.683    37.2024 2.8795e+03    24.7110     -0.084     -0.122    27.8567 0.0000e+00
     -0.084      0.002     9.3165    118.274     43.595  46.043748     7.9185      9.683    37.8030 2.8808e+03    24.4302     -0.082     -0.119    27.8436 0.0000e+00
     -0.084      0.002     9.3120    118.303     43.618  46.055050     8.0753      9.682    38.3636 2.8731e+03    24.2731     -0.081     -0.118    27.8454 0.0000e+00
     -0.084      0.001     9.2970    118.334     43.629  46.066135     8.0802      9.682    38.4736 2.8640e+03    24.2118     -0.083     -0.120    27.8531 0.0000e+00
     -0.083     -0.002     9.2851    118.352     43.612  46.050815     7.9273      9.681    38.4449 2.8556e+03    24.0652     -0.082     -0.120    27.8319 0.0000e+00
     -0.083     -0.004     9.2873    118.398     43.559  45.996775     7.6588      9.681    38.6191 2.8476e+03    23.8676     -0.080     -0.116    27.7952 0.0000e+00
     -0.083     -0.004     9.2958    118.455     43.491  45.920595     7.5230      9.683    38.8587 2.8438e+03    23.8039     -0.080     -0.116    27.7814 0.0000e+00
     -0.086     -0.003     9.2978    118.455     43.478  45.891491     7.5164      9.685    39.1045 2.8354e+03    23.8406     -0.085     -0.123    27.7854 0.0000e+00
     -0.090     -0.002     9.2957    118.387     43.505  45.898780     7.4714      9.686    39.5269 2.8315e+03    23.6631     -0.090     -0.131    27.7883 0.0000e+00
     -0.091      0.000     9.2999    118.296     43.503  45.881732     7.3782      9.686    39.9218 2.8377e+03    23.2625     -0.090     -0.130    27.7934 0.0000e+00
     -0.090      0.003     9.3068    118.166     43.507  45.875774     7.3463      9.686    40.0074 2.8080e+03    23.0283     -0.087     -0.126    27.7925 0.0000e+00
     -0.087      0.005     9.3112    117.966     43.528  45.890207     7.6347      9.686    40.0456 2.6872e+03    23.1884     -0.086     -0.125    27.7729 0.0000e+00
     -0.083      0.007     9.3080    117.776     43.507  45.865789    10.7573      9.687    40.2978 2.5454e+03    24.9930     -0.082     -0.119    27.7404 0.0000e+00
     -0.080      0.007     9.3043    117.652     43.476  45.834453    16.4449      9.688    40.5615 2.4959e+03    28.1435     -0.077     -0.111    27.7240 0.0000e+00
     -0.080      0.007     9.2982    117.541     43.474  45.828733    19.5145      9.687    40.8247 2.4810e+03    29.7516     -0.079     -0.114    27.7185 0.0000e+00
     -0.081      0.007     9.2805    117.425     43.450  45.796625    19.5319      9.686    40.8985 2.4245e+03    29.6798     -0.081     -0.118    27.7029 0.0000e+00
     -0.079      0.007     9.2637    117.358     43.422  45.763622    16.8135      9.686    40.6795 2.2967e+03    27.9929     -0.078     -0.113    27.7004 0.0000e+00
     -0.076      0.008     9.2556    117.336     43.406  45.747082    11.8071      9.686    40.7589 2.0296e+03    24.9320     -0.074     -0.107    27.7099 0.0000e+00
     -0.073      0.010     9.2495    117.340     43.386  45.723616     9.0716      9.683    41.1692 1.7069e+03    23.2765     -0.071     -0.103    27.7024 0.0000e+00
     -0.070      0.011     9.2381    117.360     43.404  45.733808     8.8163      9.678    41.1667 1.5187e+03    23.1099     -0.068     -0.098    27.6909 0.0000e+00
     -0.068      0.011     9.2350    117.395     43.423  45.743340     8.7789      9.677    40.8145 1.4390e+03    23.0546     -0.067     -0.097    27.6875 0.0000e+00
     -0.065      0.010     9.2337    117.490     43.399  45.711890     8.7773      9.680    41.0405 1.3605e+03    23.2901     -0.065     -0.094    27.6897 0.0000e+00
     -0.061      0.009     9.2324    117.619     43.423  45.734419     8.8139      9.682    41.9207 1.3127e+03    23.8052     -0.058     -0.085    27.6920 0.0000e+00
     -0.059      0.006     9.2392    117.723     43.509  45.825292     8.8469      9.680    42.5084 1.2961e+03    24.0568     -0.056     -0.082    27.6777 0.0000e+00
     -0.058      0.002     9.2400    117.787     43.534  45.858422     8.8764      9.679    42.6409 1.2767e+03    24.0430     -0.058     -0.084    27.6611 0.0000e+00
     -0.056     -0.003     9.2506    117.821     43.489  45.817606     9.0949      9.680    42.8339 1.2748e+03    24.1856     -0.054     -0.080    27.6572 0.0000e+00
     -0.056     -0.006     9.2635    117.851     43.449  45.776159     9.5003      9.682    42.9491 1.2918e+03    24.5168     -0.052     -0.076    27.6546 0.0000e+00
     -0.060     -0.007     9.2717    117.893     43.417  45.738171     9.7413      9.682    43.0012 1.2471e+03    24.7335     -0.058     -0.084    27.6510 0.0000e+00
     -0.067     -0.007     9.2751    117.945     43.427  45.739172     9.8203      9.679    43.2053 1.1181e+03    24.7910     -0.067     -0.098    27.6633 0.0000e+00
     -0.070     -0.005     9.2742    117.974     43.482  45.788242    10.2470      9.676    43.5250 1.0220e+03    25.1784     -0.071     -0.103    27.6753 0.0000e+00
     -0.069     -0.002     9.2774    117.965     43.515  45.823617    10.9976      9.672    43.6826 1.0060e+03    25.8991     -0.068     -0.098    27.6714 0.0000e+00
     -0.068      0.000     9.2800    117.918     43.528  45.849500    11.3878      9.670    43.5619 1.1075e+03    26.2972     -0.065     -0.095    27.6701 0.0000e+00
     -0.067      0.000     9.2884    117.838     43.508  45.847290    11.4196      9.672    43.7002 1.2987e+03    26.4048     -0.066     -0.096    27.6574 0.0000e+00
     -0.064     -0.004     9.2935    117.764     43.443  45.796926    11.4146      9.676    43.8920 1.4254e+03    26.7216     -0.064     -0.093    27.6386 0.0000e+00
     -0.062     -0.009     9.2924    117.712     43.387  45.748425    11.3771      9.681    43.6443 1.6328e+03    27.1551     -0.059     -0.084    27.6402 0.0000e+00
     -0.067     -0.012     9.2865    117.665     43.350  45.705240    11.3741      9.686    43.4595 1.9531e+03    27.3082     -0.065     -0.094    27.6573 0.0000e+00
     -0.075     -0.013     9.2742    117.624     43.324  45.655653    11.6866      9.691    43.7218 2.2273e+03    27.2072     -0.075     -0.109    27.6824 0.0000e+00
     -0.081     -0.013     9.2640    117.578     43.354  45.656672    15.2717      9.695    44.0618 2.5293e+03    26.4807     -0.081     -0.117    27.7047 0.0000e+00
     -0.086     -0.012     9.2592    117.521     43.434  45.717509    21.8612      9.699    44.0430 2.7476e+03    25.2185     -0.086     -0.125    27.7197 0.0000e+00
     -0.086     -0.009     9.2548    117.494     43.472  45.756396    25.4663      9.704    43.8387 2.8118e+03    24.5848     -0.085     -0.124    27.7175 0.0000e+00
     -0.085     -0.006     9.2569    117.519     43.447  45.745976    25.7677      9.709    43.7427 2.8255e+03    24.4890     -0.083     -0.121    27.6890 0.0000e+00
     -0.085     -0.004     9.2613    117.561     43.410  45.718498    25.4221      9.713    43.6574 2.8122e+03    24.3678     -0.083     -0.120    27.6462 0.0000e+00
     -0.087     -0.004     9.2602    117.535     43.375  45.678112    21.4126      9.718    43.6671 2.8041e+03    24.2808     -0.086     -0.124    27.6104 0.0000e+00
     -0.090     -0.004     9.2575    117.393     43.358  45.638542    14.0858      9.722    43.8601 2.8079e+03    24.2229     -0.089     -0.129    27.6132 0.0000e+00
     -0.091     -0.004     9.2555    117.245     43.365  45.620898    10.1029      9.725    43.8407 2.8132e+03    24.2143     -0.090     -0.130    27.6409 0.0000e+00
     -0.092     -0.005     9.2582    117.183     43.352  45.591698     9.7354      9.729    43.5182 2.8162e+03    24.2118     -0.089     -0.130    27.6600 0.0000e+00
     -0.092     -0.005     9.2602    117.151     43.306  45.539373     9.6512      9.735    43.3161 2.8179e+03    24.1240     -0.090     -0.131    27.6567 0.0000e+00
     -0.093     -0.005     9.2491    117.120     43.266  45.496082     9.5678      9.740    43.3756 2.8186e+03    24.0056     -0.090     -0.131    27.6257 0.0000e+00
     -0.095     -0.005     9.2384    117.083     43.236  45.449142     9.5258      9.745    43.4637 2.8171e+03    23.9762     -0.092     -0.134    27.5902 0.0000e+00
     -0.098     -0.004     9.2421    117.035     43.240  45.416152     9.5181      9.749    43.5208 2.8126e+03    24.0424     -0.097     -0.141    27.5704 0.0000e+00
     -0.099     -0.003     9.2389    117.030     43.284  45.414542     9.3415      9.752    43.6362 2.8074e+03    24.0208     -0.098     -0.143    27.5699 0.0000e+00
     -0.099     -0.001     9.2349    117.068     43.332  45.429596     9.0045      9.754    43.7399 2.8043e+03    23.8503     -0.097     -0.141    27.5784 0.0000e+00
     -0.098      0.001     9.2364    117.094     43.384  45.471158     8.8314      9.756    43.8283 2.7963e+03    23.7230     -0.097     -0.140    27.5641 0.0000e+00
     -0.097      0.002     9.2370    117.120     43.385  45.472684     8.8969      9.758    43.8443 2.7755e+03    23.7460     -0.095     -0.138    27.5136 0.0000e+00
     -0.096      0.003     9.2477    117.164     43.359  45.448058     9.8048      9.761    43.8476 2.7475e+03    24.1283     -0.094     -0.137    27.4480 0.0000e+00
     -0.096      0.003     9.2612    117.196     43.396  45.490805    11.4684      9.764    44.0396 2.7060e+03    24.7249     -0.094     -0.136    27.4033 0.0000e+00
     -0.095      0.004     9.2640    117.262     43.438  45.545179    12.3569      9.765    44.2735 2.5756e+03    24.9809     -0.094     -0.136    27.3923 0.0000e+00
     -0.095      0.005     9.2630    117.436     43.413  45.534191    12.3659      9.765    44.3528 2.3932e+03    24.9356     -0.094     -0.136    27.3999 0.0000e+00
     -0.094      0.007     9.2687    117.661     43.361  45.484938    11.6774      9.766    44.3959 2.3454e+03    24.8601     -0.093     -0.135    27.4048 0.0000e+00
     -0.091      0.008     9.2700    117.840     43.342  45.457512    10.4078      9.769    44.5370 2.4014e+03    24.7856     -0.090     -0.130    27.4021 0.0000e+00
     -0.088      0.009     9.2683    117.952     43.355  45.456488     9.7242      9.769    44.5962 2.3298e+03    24.7179     -0.086     -0.125    27.4159 0.0000e+00
     -0.085      0.009     9.2814    117.991     43.379  45.472535     9.6707      9.771    44.5953 1.9366e+03    24.6911     -0.083     -0.121    27.4407 0.0000e+00
     -0.082      0.010     9.3019    117.982     43.425  45.524565     9.6626      9.773    44.7843 1.4334e+03    24.6330     -0.081     -0.116    27.4481 0.0000e+00
     -0.080      0.011     9.3167    117.988     43.460  45.577748     9.6503      9.774    44.9887 1.2245e+03    24.5269     -0.079     -0.114    27.4374 0.0000e+00
     -0.079      0.011     9.3300    118.018     43.466  45.607763     9.6464      9.774    45.1737 1.3190e+03    24.5013     -0.078     -0.114    27.4147 0.0000e+00
     -0.076      0.011     9.3357    118.037     43.470  45.633588     9.6579      9.773    45.5584 1.4751e+03    24.4949     -0.075     -0.110    27.3995 0.0000e+00
     -0.071      0.009     9.3304    118.022     43.455  45.636112     9.6888      9.771    45.9409 1.4912e+03    24.4493     -0.070     -0.101    27.4051 0.0000e+00
     -0.066      0.005     9.3280    117.991     43.439  45.638316    10.0369      9.769    46.1844 1.4687e+03    24.4279     -0.064     -0.092    27.4260 0.0000e+00
     -0.064      0.000     9.3259    117.989     43.441  45.660261    10.6951      9.768    46.3514 1.5783e+03    24.4413     -0.061     -0.089    27.4608 0.0000e+00
     -0.065     -0.005     9.3245    118.004     43.411  45.647562    11.0632      9.769    46.3248 1.7700e+03    24.4748     -0.062     -0.092    27.4839 0.0000e+00
     -0.070     -0.010     9.3200    117.965     43.364  45.611761    11.0670      9.769    46.2931 2.0215e+03    24.4898     -0.068     -0.098    27.5008 0.0000e+00
     -0.076     -0.012     9.3110    117.849     43.360  45.608296    10.6082      9.770    46.3984 2.3488e+03    24.3499     -0.075     -0.109    27.5266 0.0000e+00
     -0.081     -0.012     9.3079    117.739     43.369  45.605668     9.7527      9.772    46.3934 2.6095e+03    24.0479     -0.080     -0.117    27.5472 0.0000e+00
     -0.084     -0.010     9.3080    117.694     43.363  45.579957     9.2797      9.775    46.3184 2.7063e+03    23.8445     -0.083     -0.120    27.5705 0.0000e+00
     -0.085     -0.007     9.3028    117.669     43.354  45.551313     9.2416      9.779    46.3528 2.7278e+03    23.8718     -0.084     -0.121    27.5927 0.0000e+00
     -0.085     -0.003     9.2901    117.624     43.334  45.513228     9.2674      9.781    46.4651 2.7401e+03    24.3095     -0.084     -0.122    27.5919 0.0000e+00
     -0.085     -0.001     9.2817    117.570     43.335  45.500316     9.2918      9.783    46.5577 2.7492e+03    25.0380     -0.084     -0.122    27.5734 0.0000e+00
     -0.085     -0.000     9.2847    117.521     43.367  45.522132     9.2957      9.785    46.6981 2.7583e+03    25.4036     -0.083     -0.121    27.5505 0.0000e+00
     -0.085      0.000     9.2883    117.496     43.377  45.523068     9.3399      9.786    46.9572 2.7776e+03    25.3827     -0.084     -0.122    27.5265 0.0000e+00
     -0.085      0.001     9.2864    117.515     43.373  45.511622     9.9584      9.786    47.1956 2.8097e+03    25.5019     -0.083     -0.121    27.5075 0.0000e+00
     -0.085      0.001     9.2851    117.572     43.379  45.510696    11.1060      9.786    47.4294 2.8431e+03    25.8198     -0.083     -0.121    27.4915 0.0000e+00
     -0.085      0.001     9.2834    117.690     43.389  45.511852    11.7381      9.786    47.6337 2.8687e+03    25.9810     -0.084     -0.122    27.4754 0.0000e+00
     -0.084      0.001     9.2817    117.861     43.408  45.525580    11.8412      9.787    47.6009 2.8820e+03    25.9486     -0.083     -0.120    27.4654 0.0000e+00
     -0.084      0.000     9.2854    118.013     43.432  45.549711    12.2942      9.789    47.4628 2.8897e+03    26.1796     -0.082     -0.120    27.4607 0.0000e+00
     -0.084     -0.001     9.2903    118.142     43.429  45.549701    13.1126      9.792    47.2551 2.9018e+03    26.7588     -0.082     -0.120    27.4504 0.0000e+00
