Data/DataNotYetUploadedToEDI/Raw_CTD/RawDownloads/070824_fcr20_S7809008.cnv
* Sea-Bird SBE19plus  Data File:
* FileName = C:\R\Reservoirs\Data\DataNotYetUploadedToEDI\Raw_CTD\RawDownloads\070824_fcr50_S7809_0008.hex
* Software version 2.8.0.119
* Temperature SN = 7809
* Conductivity SN = 7809
* System UpLoad Time = Jul 10 2024 15:58:09
* <ApplicationData>
* <Seaterm232>
# nquan = 15
# nvalues = 908                         
# units = specified
# name 0 = depFM: Depth [fresh water, m]
# name 1 = dz/dtM: Descent Rate [m/s]
# name 2 = sbeox0Mg/L: Oxygen, SBE 43 [mg/l]
# name 3 = sbeox0PS: Oxygen, SBE 43 [% saturation]
# name 4 = specc: Specific Conductance [uS/cm]
# name 5 = c0uS/cm: Conductivity [uS/cm]
# name 6 = flECO-AFL: Fluorescence, WET Labs ECO-AFL/FL [mg/m^3]
# name 7 = ph: pH
# name 8 = orp: Oxidation Reduction Potential [mV]
# name 9 = par/sat/log: PAR/Logarithmic, Satlantic
# name 10 = turbWETntu0: Turbidity, WET Labs ECO [NTU]
# name 11 = prdM: Pressure, Strain Gauge [db]
# name 12 = prdE: Pressure, Strain Gauge [psi]
# name 13 = tv290C: Temperature [ITS-90, deg C]
# name 14 = flag:  0.000e+00
# span 0 =     -0.635,      2.689       
# span 1 =     -0.309,      0.154       
# span 2 =     0.0797,     9.6645       
# span 3 =      0.932,    122.695       
# span 4 =      1.596,     96.814       
# span 5 =   1.620589,  85.980031       
# span 6 =    -0.1255,   232.7847       
# span 7 =      7.490,      9.351       
# span 8 =  -286.4908,   135.3488       
# span 9 = 3.7550e+00, 2.0479e+03       
# span 10 =    -2.7340,   953.4809      
# span 11 =     -0.624,      2.638      
# span 12 =     -0.905,      3.825      
# span 13 =    18.2258,    29.0583      
# span 14 = 0.0000e+00, 0.0000e+00      
# interval = seconds: 0.25
# start_time = Jul 08 2024 12:45:37 [Instrument's time stamp, header]
# bad_flag = -9.990e-29
*END*
[from data line 482]
      1.747      0.030     0.1311      1.529     52.624  50.658254     2.2217      8.847     6.5090 1.3801e+01     4.8456      1.711      2.482    23.2602 0.0000e+00
      1.756      0.032     0.1271      1.507     52.659  50.665114     2.2215      8.844     0.7978 1.3425e+01     4.8266      1.722      2.497    23.2158 0.0000e+00
      1.765      0.033     0.1296      1.480     52.726  50.672351     2.2632      8.842    -5.0379 1.3097e+01     4.8916      1.733      2.513    23.1732 0.0000e+00
      1.773      0.033     0.1326      1.443     52.815  50.682184     2.3595      8.840   -10.4470 1.2761e+01     4.9832      1.738      2.522    23.1384 0.0000e+00
      1.782      0.030     0.1311      1.394     52.915  50.720389     2.4122      8.839   -15.3889 1.2416e+01     5.0119      1.747      2.534    23.1269 0.0000e+00
      1.792      0.028     0.1290      1.343     53.173  50.943719     2.4012      8.838   -20.2215 1.2156e+01     4.9649      1.759      2.552    23.1159 0.0000e+00
      1.800      0.028     0.1271      1.286     53.541  51.287000     2.3334      8.834   -24.7390 1.2038e+01     4.8928      1.768      2.564    23.0556 0.0000e+00
      1.802      0.031     0.1247      1.248     53.791  51.505592     2.2176      8.829   -29.0556 1.1969e+01     4.8917      1.767      2.564    22.9679 0.0000e+00
      1.804      0.033     0.1190      1.229     53.949  51.618235     2.1661      8.824   -33.9538 1.1790e+01     4.9861      1.765      2.560    22.9048 0.0000e+00
      1.814      0.035     0.1166      1.222     54.029  51.632912     2.1679      8.820   -39.3086 1.1518e+01     5.0440      1.776      2.576    22.8933 0.0000e+00
      1.830      0.035     0.1093      1.237     54.022  51.555960     2.1482      8.818   -44.4125 1.1299e+01     5.0107      1.795      2.604    22.8969 0.0000e+00
      1.845      0.033     0.1064      1.254     53.960  51.449700     2.0952      8.817   -48.8590 1.1218e+01     4.8911      1.812      2.628    22.8726 0.0000e+00
      1.854      0.030     0.1064      1.272     53.953  51.427548     2.0341      8.816   -52.7180 1.1282e+01     4.7591      1.822      2.642    22.8454 0.0000e+00
      1.858      0.027     0.1032      1.297     54.402  51.859595     2.0008      8.811   -56.4845 1.1413e+01     4.7131      1.823      2.644    22.7823 0.0000e+00
      1.858      0.027     0.1075      1.312     55.269  52.673004     1.9831      8.806   -60.4138 1.1543e+01     4.7104      1.821      2.641    22.6989 0.0000e+00
      1.859      0.030     0.1082      1.323     55.885  53.197729     1.9454      8.801   -64.1759 1.1633e+01     4.7611      1.821      2.641    22.6579 0.0000e+00
      1.866      0.035     0.1090      1.327     56.034  53.250738     1.8777      8.799   -67.4706 1.1603e+01     4.8475      1.826      2.650    22.6444 0.0000e+00
      1.881      0.040     0.1130      1.319     55.979  53.123285     1.8394      8.796   -70.4799 1.1493e+01     4.8669      1.844      2.674    22.6617 0.0000e+00
      1.898      0.043     0.1128      1.316     55.891  52.990190     1.8403      8.793   -73.3731 1.1429e+01     4.8594      1.864      2.704    22.6693 0.0000e+00
      1.911      0.044     0.1146      1.314     55.967  53.038514     1.8540      8.793   -76.0380 1.1398e+01     4.8588      1.875      2.719    22.5994 0.0000e+00
      1.921      0.043     0.1156      1.301     56.426  53.453509     1.8645      8.792   -78.5246 1.1353e+01     4.7917      1.884      2.733    22.5015 0.0000e+00
      1.929      0.040     0.1138      1.303     57.272  54.197543     1.8505      8.790   -80.8960 1.1308e+01     4.6977      1.893      2.746    22.4372 0.0000e+00
      1.935      0.038     0.1141      1.332     58.291  55.048765     1.8420      8.788   -83.1999 1.1229e+01     4.6781      1.897      2.751    22.3914 0.0000e+00
      1.945      0.037     0.1150      1.362     59.174  55.743312     1.8203      8.786   -85.4725 1.1089e+01     4.8278      1.906      2.765    22.3720 0.0000e+00
      1.958      0.036     0.1123      1.379     59.704  56.116946     1.7723      8.784   -87.5531 1.0933e+01     5.0379      1.920      2.785    22.3754 0.0000e+00
      1.969      0.035     0.1120      1.408     59.894  56.200009     1.7443      8.782   -89.5131 1.0808e+01     5.0334      1.931      2.801    22.3322 0.0000e+00
      1.978      0.033     0.1160      1.478     59.941  56.175864     1.7392      8.780   -91.6189 1.0712e+01     4.9095      1.940      2.814    22.2233 0.0000e+00
      1.985      0.030     0.1196      1.568     59.958  56.142491     1.7267      8.778   -93.9138 1.0618e+01     4.8035      1.947      2.824    22.0899 0.0000e+00
      1.991      0.026     0.1207      1.667     59.958  56.113999     1.7019      8.778   -96.0083 1.0531e+01     4.7080      1.952      2.831    21.9796 0.0000e+00
      1.998      0.023     0.1207      1.775     59.998  56.148889     1.6978      8.777   -97.5848 1.0465e+01     4.7125      1.959      2.841    21.9034 0.0000e+00
      2.004      0.022     0.1298      1.888     60.088  56.246780     1.7017      8.776   -98.9507 1.0438e+01     4.7547      1.966      2.852    21.8494 0.0000e+00
      2.008      0.023     0.1370      1.973     60.120  56.281388     1.7158      8.774  -100.3918 1.0441e+01     4.7747      1.969      2.856    21.8081 0.0000e+00
      2.012      0.025     0.1462      1.968     60.043  56.186258     1.7603      8.774  -101.8453 1.0410e+01     4.8172      1.971      2.859    21.7790 0.0000e+00
      2.017      0.027     0.1558      1.891     60.026  56.112752     1.7898      8.773  -103.3598 1.0334e+01     4.8589      1.977      2.867    21.7820 0.0000e+00
      2.026      0.027     0.1653      1.784     60.154  56.154727     1.7896      8.769  -104.8525 1.0266e+01     4.8698      1.987      2.881    21.8019 0.0000e+00
      2.035      0.027     0.1776      1.667     60.401  56.312579     1.7836      8.766  -106.1265 1.0220e+01     4.8796      1.996      2.895    21.8106 0.0000e+00
      2.044      0.026     0.1745      1.570     60.721  56.560399     1.8331      8.765  -107.1484 1.0176e+01     4.9081      2.005      2.908    21.7941 0.0000e+00
      2.051      0.023     0.1668      1.513     61.070  56.864504     1.9304      8.765  -108.0022 1.0160e+01     4.9080      2.011      2.918    21.7415 0.0000e+00
      2.055      0.019     0.1575      1.510     61.553  57.321809     1.9703      8.764  -108.8780 1.0173e+01     4.8787      2.015      2.924    21.6677 0.0000e+00
      2.057      0.017     0.1460      1.561     62.023  57.770480     1.9649      8.763  -109.8229 1.0167e+01     4.8615      2.018      2.926    21.6038 0.0000e+00
      2.060      0.016     0.1373      1.652     62.499  58.224228     1.9489      8.762  -110.6503 1.0146e+01     4.8364      2.020      2.930    21.5597 0.0000e+00
      2.064      0.017     0.1315      1.745     63.290  58.996824     1.9089      8.762  -111.4826 1.0118e+01     4.7454      2.023      2.934    21.5408 0.0000e+00
      2.069      0.018     0.1314      1.804     63.759  59.489288     1.8816      8.761  -112.6588 1.0079e+01     4.6847      2.029      2.941    21.5576 0.0000e+00
      2.074      0.019     0.1358      1.810     63.639  59.414493     1.8765      8.759  -113.7730 1.0055e+01     4.7165      2.035      2.951    21.5716 0.0000e+00
      2.079      0.020     0.1459      1.792     63.803  59.553594     1.8807      8.759  -114.5432 1.0025e+01     4.7888      2.038      2.957    21.5637 0.0000e+00
      2.085      0.021     0.1547      1.792     64.457  60.091219     1.8997      8.759  -115.3461 9.9753e+00     4.9089      2.045      2.967    21.5938 0.0000e+00
      2.091      0.021     0.1607      1.801     65.179  60.642161     1.9229      8.759  -116.2535 9.9267e+00     4.9739      2.051      2.975    21.6541 0.0000e+00
      2.096      0.021     0.1606      1.798     65.787  61.069153     1.9359      8.759  -117.0823 9.8675e+00     4.9595      2.053      2.979    21.6903 0.0000e+00
      2.101      0.021     0.1559      1.798     66.317  61.442051     1.9155      8.760  -117.7956 9.8054e+00     4.8719      2.059      2.987    21.6815 0.0000e+00
      2.107      0.021     0.1577      1.815     66.565  61.592998     1.8684      8.760  -118.5970 9.7437e+00     4.7336      2.066      2.997    21.6234 0.0000e+00
      2.112      0.022     0.1598      1.831     66.572  61.559983     1.8490      8.759  -119.5452 9.6655e+00     4.6539      2.072      3.005    21.5209 0.0000e+00
      2.117      0.022     0.1587      1.828     66.850  61.805184     1.8639      8.757  -120.4842 9.5677e+00     4.6606      2.075      3.011    21.4010 0.0000e+00
      2.123      0.022     0.1583      1.791     67.435  62.334097     1.8904      8.756  -121.3458 9.4697e+00     4.7806      2.082      3.020    21.3091 0.0000e+00
      2.129      0.022     0.1612      1.737     68.262  63.063013     1.9197      8.755  -122.1334 9.3650e+00     4.9429      2.088      3.029    21.2498 0.0000e+00
      2.135      0.022     0.1630      1.692     69.437  64.074309     1.9353      8.754  -122.7807 9.2368e+00     5.0165      2.093      3.035    21.2196 0.0000e+00
      2.140      0.022     0.1636      1.645     70.672  65.094412     1.9295      8.754  -123.2352 9.1194e+00     4.9878      2.099      3.044    21.2226 0.0000e+00
      2.145      0.021     0.1598      1.597     71.864  66.056467     1.9244      8.754  -123.7575 9.0162e+00     5.1421      2.104      3.052    21.2201 0.0000e+00
      2.150      0.021     0.1531      1.554     73.637  67.572679     1.9395      8.753  -124.4486 8.9097e+00     5.5167      2.109      3.058    21.1954 0.0000e+00
      2.156      0.023     0.1508      1.500     77.022  70.589819     1.9537      8.752  -125.0526 8.7946e+00     5.7257      2.114      3.066    21.1498 0.0000e+00
      2.162      0.027     0.1467      1.447     82.424  75.460814     1.9556      8.751  -125.5526 8.6796e+00     5.7212      2.120      3.075    21.0545 0.0000e+00
      2.168      0.032     0.1418      1.411     87.825  80.315810     1.9457      8.748  -126.1935 8.5751e+00     5.6330      2.126      3.083    20.9450 0.0000e+00
      2.175      0.037     0.1397      1.388     90.339  82.496099     1.9259      8.743  -126.9503 8.4376e+00     5.4452      2.131      3.090    20.8712 0.0000e+00
      2.185      0.038     0.1344      1.380     89.707  81.792304     1.9158      8.737  -127.3898 8.2164e+00     5.2262      2.139      3.103    20.8188 0.0000e+00
      2.200      0.035     0.1286      1.382     87.347  79.564584     1.9144      8.730  -127.6363 7.9481e+00     5.1380      2.157      3.128    20.7744 0.0000e+00
      2.217      0.028     0.1264      1.397     85.210  77.626412     1.9259      8.724  -128.2091 7.7567e+00     5.1635      2.178      3.159    20.7292 0.0000e+00
      2.225      0.021     0.1237      1.432     85.829  78.260348     1.9460      8.718  -129.0680 7.7052e+00     5.1595      2.187      3.171    20.6592 0.0000e+00
      2.223      0.015     0.1238      1.467     88.694  80.934249     1.9503      8.713  -130.0192 7.7260e+00     5.0897      2.182      3.165    20.5710 0.0000e+00
      2.217      0.013     0.1243      1.482     90.691  82.740866     1.9353      8.708  -130.9345 7.7239e+00     5.0363      2.173      3.152    20.5195 0.0000e+00
      2.215      0.013     0.1243      1.477     91.156  83.061773     1.9068      8.703  -131.7026 7.6534e+00     4.9921      2.168      3.146    20.5311 0.0000e+00
      2.221      0.017     0.1288      1.461     90.986  82.779076     1.8885      8.698  -132.4236 7.5252e+00     4.8971      2.176      3.156    20.5854 0.0000e+00
      2.231      0.022     0.1328      1.448     90.495  82.248097     1.8811      8.695  -133.2844 7.3757e+00     4.8101      2.187      3.172    20.6381 0.0000e+00
      2.242      0.027     0.1335      1.434     89.957  81.729379     1.8756      8.693  -134.1949 7.2482e+00     4.7940      2.200      3.190    20.6333 0.0000e+00
      2.250      0.027     0.1333      1.416     89.541  81.340513     1.8800      8.691  -135.0003 7.1725e+00     4.7714      2.208      3.203    20.5599 0.0000e+00
      2.254      0.024     0.1311      1.411     89.042  80.853233     1.8923      8.688  -135.7094 7.1247e+00     4.7419      2.211      3.206    20.4726 0.0000e+00
      2.259      0.019     0.1304      1.421     88.482  80.289073     1.9078      8.685  -136.0574 7.0689e+00     4.8122      2.215      3.211    20.4260 0.0000e+00
      2.264      0.018     0.1299      1.433     88.393  80.178801     1.9091      8.681  -135.8526 7.0008e+00     4.9042      2.220      3.219    20.4166 0.0000e+00
      2.269      0.023     0.1269      1.435     88.741  80.473792     1.9081      8.673  -135.3838 6.9484e+00     4.9325      2.226      3.229    20.4233 0.0000e+00
      2.271      0.030     0.1268      1.435     89.037  80.676272     1.9207      8.663  -135.0360 6.9119e+00     4.9492      2.228      3.230    20.4050 0.0000e+00
      2.273      0.035     0.1280      1.437     89.469  80.973517     1.9363      8.654  -135.0889 6.8017e+00     4.9688      2.224      3.225    20.3554 0.0000e+00
      2.286      0.041     0.1301      1.431     90.327  81.651101     1.9472      8.647  -135.2482 6.6081e+00     4.9648      2.238      3.245    20.3415 0.0000e+00
      2.305      0.046     0.1298      1.427     91.079  82.191444     1.9440      8.641  -135.2422 6.4443e+00     4.9350      2.266      3.285    20.3540 0.0000e+00
      2.320      0.048     0.1290      1.436     91.518  82.419069     1.9148      8.635  -135.6184 6.3142e+00     4.8819      2.277      3.302    20.3069 0.0000e+00
      2.330      0.047     0.1309      1.443     91.888  82.622358     1.8771      8.630  -136.4411 6.1744e+00     4.8696      2.283      3.312    20.2398 0.0000e+00
      2.342      0.041     0.1295      1.432     91.968  82.614118     1.8715      8.626  -137.1019 6.0505e+00     4.9230      2.297      3.332    20.2066 0.0000e+00
      2.353      0.034     0.1285      1.391     92.051  82.637323     1.8883      8.622  -137.4994 5.9461e+00     4.9810      2.308      3.348    20.1259 0.0000e+00
      2.361      0.028     0.1310      1.328     92.536  83.030026     1.9058      8.617  -138.0635 5.8611e+00     4.9897      2.317      3.361    20.0111 0.0000e+00
      2.366      0.024     0.1316      1.277     92.886  83.291917     1.9326      8.611  -138.9317 5.7928e+00     4.9598      2.321      3.367    19.9437 0.0000e+00
      2.370      0.020     0.1315      1.243     92.818  83.196243     1.9462      8.606  -139.7370 5.7297e+00     4.9265      2.324      3.371    19.9060 0.0000e+00
      2.374      0.019     0.1280      1.214     92.683  83.081577     1.9289      8.602  -140.3155 5.6598e+00     4.8946      2.328      3.376    19.8774 0.0000e+00
      2.378      0.020     0.1200      1.185     92.851  83.241096     1.9144      8.599  -140.3339 5.5785e+00     4.8825      2.331      3.381    19.8657 0.0000e+00
      2.383      0.022     0.1159      1.166     93.349  83.662194     1.9039      8.594  -139.7870 5.4861e+00     4.9164      2.336      3.389    19.8290 0.0000e+00
      2.388      0.025     0.1133      1.174     93.975  84.166208     1.8851      8.590  -139.3818 5.3739e+00     4.9627      2.341      3.396    19.7975 0.0000e+00
      2.395      0.027     0.1110      1.206     94.566  84.628505     1.8784      8.588  -139.5644 5.2549e+00     4.9640      2.347      3.404    19.8175 0.0000e+00
      2.404      0.029     0.1078      1.241     94.890  84.863097     1.8818      8.584  -140.5320 5.1355e+00     4.9324      2.357      3.419    19.8284 0.0000e+00
      2.412      0.030     0.1052      1.283     95.134  85.030876     1.8768      8.579  -141.3585 5.0225e+00     4.8882      2.366      3.432    19.8130 0.0000e+00
      2.419      0.033     0.1063      1.348     95.683  85.448546     1.8589      8.573  -141.4695 4.9241e+00     4.8736      2.372      3.441    19.7799 0.0000e+00
