Data/DataNotYetUploadedToEDI/Raw_CTD/RawDownloads/070824_fcr30_S7809009.cnv
* Sea-Bird SBE19plus  Data File:
* FileName = C:\R\Reservoirs\Data\DataNotYetUploadedToEDI\Raw_CTD\RawDownloads\070824_fcr50_S7809_0009.hex
* Software version 2.8.0.119
* Temperature SN = 7809
* Conductivity SN = 7809
* System UpLoad Time = Jul 10 2024 15:58:56
* <ApplicationData>
* <Seaterm232>
# nquan = 15
# nvalues = 1847                        
# units = specified
# name 0 = depFM: Depth [fresh water, m]
# name 1 = dz/dtM: Descent Rate [m/s]
# name 2 = sbeox0Mg/L: Oxygen, SBE 43 [mg/l]
# name 3 = sbeox0PS: Oxygen, SBE 43 [% saturation]
# name 4 = specc: Specific Conductance [uS/cm]
# name 5 = c0uS/cm: Conductivity [uS/cm]
# name 6 = flECO-AFL: Fluorescence, WET Labs ECO-AFL/FL [mg/m^3]
# name 7 = ph: pH
# name 8 = orp: Oxidation Reduction Potential [mV]
# name 9 = par/sat/log: PAR/Logarithmic, Satlantic
# name 10 = turbWETntu0: Turbidity, WET Labs ECO [NTU]
# name 11 = prdM: Pressure, Strain Gauge [db]
# name 12 = prdE: Pressure, Strain Gauge [psi]
# name 13 = tv290C: Temperature [ITS-90, deg C]
# name 14 = flag:  0.000e+00
# span 0 =     -0.635,      5.371       
# span 1 =     -0.352,      0.209       
# span 2 =     0.0763,     9.4730       
# span 3 =      0.877,    119.935       
# span 4 =   -103.522,     66.202       
# span 5 =-105.871534,  52.560617       
# span 6 =    -1.3275,     6.6571       
# span 7 =      8.019,      9.939       
# span 8 =  -101.4844,   120.4191       
# span 9 = 1.4576e-01, 1.1941e+03       
# span 10 =    -3.0469,   375.8014      
# span 11 =     -0.624,      5.267      
# span 12 =     -0.905,      7.639      
# span 13 =    11.8319,    29.0984      
# span 14 = 0.0000e+00, 0.0000e+00      
# interval = seconds: 0.25
# start_time = Jul 08 2024 13:07:16 [Instrument's time stamp, header]
# bad_flag = -9.990e-29
*END*
     -0.635 -2.234e-09     7.4845     92.405   -103.522-105.871534    -0.0590      8.278    31.4548 3.5880e+02     1.0340     -0.623     -0.903    26.1291 0.0000e+00
     -0.634 -2.458e-08     7.4810     92.422    -62.814 -64.239850    -0.0525      8.279    24.5373 3.5876e+02     1.0150     -0.622     -0.902    26.1291 0.0000e+00
     -0.634 -2.704e-07     7.4797     92.458      2.286   2.337239    -0.0528      8.280    20.3624 3.5648e+02     0.9650     -0.622     -0.902    26.1289 0.0000e+00
     -0.634      0.000     7.4789     92.490     31.858  32.579993    -0.0621      8.283    14.5311 3.5437e+02     0.9418     -0.623     -0.903    26.1290 0.0000e+00
     -0.634     -0.000     7.4799     92.506     16.429  16.801559    -0.0660      8.287     7.0318 3.7080e+02     0.9737     -0.622     -0.903    26.1284 0.0000e+00
     -0.634     -0.000     7.4799     92.534      4.128   4.222269    -0.0576      8.286     8.0712 3.9734e+02     1.1108     -0.621     -0.901    26.1283 0.0000e+00
     -0.635      0.001     7.4833     92.591      2.293   2.345137    -0.0445      8.279     3.7818 4.0540e+02     1.8493     -0.623     -0.903    26.1276 0.0000e+00
     -0.635      0.006     7.4864     92.651      3.404   3.483118     0.0594      8.290   -15.0621 3.9515e+02     9.6633     -0.624     -0.905    26.1280 0.0000e+00
     -0.635      0.016     7.4872     92.681      4.989   5.122582     0.2748      8.367   -26.8681 3.8567e+02    24.0932     -0.622     -0.903    26.1265 0.0000e+00
     -0.634      0.031     7.4883     92.666      9.387   9.751408     0.4130      8.533   -32.1890 3.8245e+02    31.9961     -0.624     -0.905    26.1283 0.0000e+00
     -0.629      0.055     7.4949     92.607     21.644  22.759003     0.4400      8.758   -43.2597 3.6359e+02    32.4566     -0.622     -0.902    26.1247 0.0000e+00
     -0.614      0.087     7.4999     92.593     36.438  38.625980     0.6175      8.984   -52.7438 3.3457e+02    29.7988     -0.604     -0.875    26.1297 0.0000e+00
     -0.591      0.125     7.5027     92.788     42.778  45.696706     0.9698      9.173   -55.9169 3.3347e+02    24.9336     -0.583     -0.845    26.1289 0.0000e+00
     -0.560      0.161     7.4601     93.109     42.949  46.209375     1.1795      9.326   -55.9859 3.4370e+02    22.3434     -0.556     -0.806    26.4377 0.0000e+00
     -0.510      0.190     7.3519     93.318     42.665  46.094799     1.2301      9.448   -55.1267 3.3452e+02    22.1528     -0.508     -0.736    27.2058 0.0000e+00
     -0.444      0.206     7.2513     93.509     42.444  45.898704     1.3403      9.535   -53.5305 3.1753e+02    22.0828     -0.437     -0.635    27.9054 0.0000e+00
     -0.374      0.209     7.2006     93.813     42.342  45.742863     1.5045      9.600   -51.5708 3.0660e+02    21.9414     -0.362     -0.525    28.4256 0.0000e+00
     -0.313      0.201     7.1873     94.146     42.286  45.607009     1.5924      9.654   -50.3605 3.0240e+02    21.8433     -0.302     -0.439    28.8561 0.0000e+00
     -0.265      0.183     7.1654     94.457     42.235  45.462086     1.6213      9.697   -49.8242 2.9828e+02    21.8190     -0.256     -0.371    29.0816 0.0000e+00
     -0.228      0.158     7.1729     94.745     42.199  45.323516     1.6455      9.727   -49.1298 2.9221e+02    21.8866     -0.221     -0.321    29.0984 0.0000e+00
     -0.195      0.132     7.2134     94.994     42.174  45.200975     1.6438      9.752   -48.3319 2.8537e+02    22.0116     -0.193     -0.280    29.0130 0.0000e+00
     -0.163      0.105     7.2499     95.201     42.115  45.059427     1.6255      9.773   -47.4047 2.7466e+02    22.0321     -0.158     -0.229    28.9261 0.0000e+00
     -0.134      0.079     7.2872     95.354     42.001  44.881500     1.6157      9.789   -46.2647 2.6251e+02    21.9636     -0.128     -0.187    28.8195 0.0000e+00
     -0.112      0.057     7.3266     95.406     41.926  44.763464     1.6329      9.800   -45.6468 2.5484e+02    21.8666     -0.108     -0.156    28.6922 0.0000e+00
     -0.102      0.038     7.3611     95.381     41.965  44.774789     1.6668      9.811   -45.5258 2.5604e+02    21.7469     -0.093     -0.135    28.5748 0.0000e+00
     -0.106      0.024     7.3885     95.331     42.041  44.827951     1.6849      9.822   -45.2328 2.6213e+02    21.7129     -0.102     -0.149    28.4806 0.0000e+00
     -0.112      0.015     7.4127     95.283     42.068  44.834907     1.6855      9.832   -44.8570 2.6304e+02    21.6941     -0.116     -0.168    28.4129 0.0000e+00
     -0.109      0.011     7.4201     95.254     42.038  44.795389     1.6741      9.839   -44.5952 2.6108e+02    21.5876     -0.108     -0.156    28.3735 0.0000e+00
     -0.101      0.011     7.4203     95.225     42.038  44.794463     1.6556      9.845   -44.3909 2.6033e+02    21.5188     -0.099     -0.143    28.3429 0.0000e+00
     -0.095      0.014     7.4211     95.175     42.125  44.887188     1.6527      9.851   -44.1941 2.5904e+02    21.5108     -0.092     -0.134    28.3057 0.0000e+00
     -0.090      0.014     7.4202     95.121     42.199  44.964359     1.6556      9.858   -43.9368 2.5755e+02    21.4916     -0.087     -0.127    28.2759 0.0000e+00
     -0.088      0.010     7.4195     95.060     42.202  44.965813     1.6410      9.863   -43.5161 2.5708e+02    21.4576     -0.086     -0.125    28.2694 0.0000e+00
     -0.086      0.006     7.4185     94.978     42.203  44.968253     1.6334      9.865   -42.8928 2.5608e+02    21.5092     -0.084     -0.122    28.2721 0.0000e+00
     -0.086      0.004     7.4124     94.878     42.224  44.993853     1.6554      9.865   -42.4243 2.5961e+02    21.7058     -0.083     -0.120    28.2721 0.0000e+00
     -0.087      0.003     7.4096     94.774     42.246  45.021437     1.6838      9.867   -42.3252 2.6437e+02    21.8872     -0.085     -0.123    28.2695 0.0000e+00
     -0.087      0.003     7.4056     94.699     42.274  45.047870     1.7009      9.870   -42.2108 2.6287e+02    21.9610     -0.087     -0.126    28.2676 0.0000e+00
     -0.085      0.004     7.3984     94.649     42.302  45.059535     1.6963      9.872   -41.3853 2.7170e+02    21.9832     -0.083     -0.121    28.2694 0.0000e+00
     -0.083      0.004     7.3907     94.607     42.305  45.035491     1.6781      9.868   -40.0008 2.8268e+02    21.9851     -0.080     -0.117    28.2727 0.0000e+00
     -0.082      0.003     7.3791     94.625     42.306  45.011026     1.6797      9.861   -38.8938 2.8268e+02    22.0174     -0.080     -0.117    28.2806 0.0000e+00
     -0.081      0.000     7.3743     94.772     42.333  45.017592     1.6991      9.855   -38.1535 2.8513e+02    22.1005     -0.080     -0.116    28.2829 0.0000e+00
     -0.079     -0.004     7.3739     94.880     42.331  44.987894     1.7136      9.851   -37.9334 2.8649e+02    22.0670     -0.078     -0.112    28.2577 0.0000e+00
     -0.079     -0.006     7.3755     94.704     42.283  44.905815     1.7048      9.850   -38.2106 2.8053e+02    21.8179     -0.075     -0.109    28.2184 0.0000e+00
     -0.084     -0.005     7.3754     94.272     42.255  44.850334     1.6761      9.852   -38.3219 2.7554e+02    21.5821     -0.082     -0.119    28.1882 0.0000e+00
     -0.091     -0.002     7.3946     93.558     42.244  44.824852     1.6663      9.855   -38.1599 2.8008e+02    21.5388     -0.091     -0.133    28.1659 0.0000e+00
     -0.093      0.001     7.4211     92.394     42.213  44.788132     1.6691      9.859   -37.8015 2.8936e+02    21.6020     -0.093     -0.135    28.1342 0.0000e+00
     -0.091      0.002     7.4047     90.791     42.209  44.787201     1.6526      9.860   -37.2578 2.8162e+02    21.6639     -0.092     -0.133    28.0910 0.0000e+00
     -0.083      0.000     7.3764     89.046     42.289  44.877085     1.6325      9.860   -36.6623 2.6372e+02    21.6717     -0.081     -0.118    28.0582 0.0000e+00
     -0.076     -0.005     7.3312     87.597     42.386  44.986240     1.6174      9.859   -36.0224 2.6368e+02    21.6278     -0.070     -0.101    28.0438 0.0000e+00
     -0.078     -0.010     7.2393     86.682     42.423  45.027892     1.6037      9.858   -35.5436 2.7003e+02    21.5770     -0.073     -0.107    28.0406 0.0000e+00
     -0.088     -0.012     7.1062     86.214     42.398  44.999830     1.6080      9.857   -35.3464 2.7499e+02    21.4677     -0.086     -0.124    28.0443 0.0000e+00
     -0.100     -0.012     6.9522     85.992     42.309  44.900850     1.6281      9.857   -35.2728 2.8644e+02    21.2962     -0.101     -0.146    28.0533 0.0000e+00
     -0.107     -0.009     6.8316     85.957     42.204  44.783292     1.6299      9.860   -35.2564 2.9729e+02    21.1781     -0.110     -0.160    28.0614 0.0000e+00
     -0.105     -0.004     6.7630     86.005     42.150  44.721014     1.6131      9.864   -35.4060 3.0316e+02    21.1319     -0.105     -0.152    28.0652 0.0000e+00
     -0.099      0.000     6.7359     85.876     42.151  44.719136     1.6163      9.869   -35.5326 3.0512e+02    21.2159     -0.095     -0.138    28.0624 0.0000e+00
     -0.094      0.001     6.7182     85.498     42.192  44.760571     1.6360      9.876   -35.4114 3.0537e+02    21.3749     -0.089     -0.130    28.0560 0.0000e+00
     -0.094      0.001     6.7161     84.976     42.209  44.777667     1.6427      9.882   -35.2310 3.0417e+02    21.4144     -0.090     -0.131    28.0493 0.0000e+00
     -0.098     -0.003     6.7340     84.372     42.170  44.735414     1.6306      9.886   -35.0724 3.0195e+02    21.3864     -0.096     -0.139    28.0428 0.0000e+00
     -0.102     -0.006     6.7242     83.657     42.130  44.694030     1.5982      9.890   -35.0423 3.0050e+02    21.3441     -0.102     -0.148    28.0385 0.0000e+00
     -0.104     -0.007     6.6905     82.841     42.155  44.721633     1.5755      9.896   -35.2966 3.0091e+02    21.3468     -0.103     -0.149    28.0368 0.0000e+00
     -0.104     -0.006     6.6474     82.072     42.239  44.815255     1.5806      9.903   -35.3936 3.0369e+02    21.4527     -0.101     -0.147    28.0368 0.0000e+00
     -0.104     -0.003     6.6024     81.539     42.288  44.873862     1.5856      9.908   -35.0972 3.0772e+02    21.5308     -0.101     -0.147    28.0359 0.0000e+00
     -0.107      0.000     6.5476     81.254     42.263  44.858966     1.5775      9.912   -34.8104 3.1054e+02    21.5406     -0.105     -0.153    28.0356 0.0000e+00
     -0.108      0.002     6.4783     81.025     42.218  44.825602     1.5574      9.915   -34.5927 3.1054e+02    21.5367     -0.107     -0.155    28.0365 0.0000e+00
     -0.106      0.003     6.4114     80.689     42.168  44.787868     1.5510      9.919   -34.4439 3.0912e+02    21.5867     -0.105     -0.152    28.0406 0.0000e+00
     -0.103      0.004     6.3666     80.197     42.153  44.783612     1.5667      9.922   -34.3876 3.0822e+02    21.6666     -0.102     -0.147    28.0494 0.0000e+00
     -0.101      0.004     6.3521     79.594     42.198  44.837631     1.5973      9.926   -34.2571 3.0811e+02    21.6831     -0.099     -0.143    28.0629 0.0000e+00
     -0.100      0.004     6.3357     78.952     42.225  44.869729     1.6303      9.929   -34.0709 3.0798e+02    21.6494     -0.098     -0.142    28.0823 0.0000e+00
     -0.100      0.003     6.3087     78.280     42.209  44.854327     1.6320      9.932   -33.9427 3.0673e+02    21.6347     -0.098     -0.142    28.1007 0.0000e+00
     -0.100      0.001     6.2674     77.570     42.195  44.841837     1.6348      9.935   -33.8255 3.0562e+02    21.6757     -0.098     -0.142    28.1151 0.0000e+00
     -0.099      0.000     6.2157     76.830     42.196  44.845673     1.6643      9.936   -33.5144 3.0632e+02    21.7020     -0.097     -0.140    28.1237 0.0000e+00
     -0.099      0.000     6.1666     76.121     42.187  44.837237     1.6891      9.937   -33.1057 3.0814e+02    21.6795     -0.097     -0.141    28.1256 0.0000e+00
     -0.099      0.000     6.1138     75.520     42.156  44.803322     1.6927      9.939   -32.8424 3.0953e+02    21.6416     -0.098     -0.142    28.1259 0.0000e+00
     -0.099     -0.002     6.0583     75.013     42.116  44.752984     1.6826      9.939   -32.6537 3.1004e+02    21.5860     -0.097     -0.141    28.1297 0.0000e+00
     -0.099     -0.005     5.9988     74.568     42.051  44.672932     1.6841      9.938   -32.1148 3.1007e+02    21.5540     -0.098     -0.142    28.1329 0.0000e+00
     -0.099     -0.009     5.9392     74.249     41.991  44.597118     1.6856      9.932   -31.0583 3.0952e+02    21.5279     -0.097     -0.141    28.1351 0.0000e+00
     -0.101     -0.012     5.8936     74.159     41.942  44.534534     1.6674      9.921   -29.9471 3.0909e+02    21.4755     -0.096     -0.139    28.1368 0.0000e+00
     -0.106     -0.014     5.8573     74.316     41.843  44.424033     1.6466      9.907   -28.9176 3.0845e+02    21.4335     -0.103     -0.148    28.1256 0.0000e+00
     -0.114     -0.014     5.8215     74.552     41.767  44.340130     1.6258      9.892   -27.9032 3.0576e+02    21.3953     -0.113     -0.163    28.1094 0.0000e+00
     -0.120     -0.014     5.7947     74.653     41.834  44.408717     1.6158      9.879   -27.1467 3.0445e+02    21.4914     -0.118     -0.173    28.0961 0.0000e+00
     -0.122     -0.012     5.7872     74.608     41.975  44.555086     1.6253      9.871   -26.9115 3.0730e+02    21.7410     -0.120     -0.175    28.0817 0.0000e+00
     -0.122     -0.008     5.8058     74.578     42.065  44.649918     1.6333      9.867   -26.8665 3.1197e+02    21.9201     -0.119     -0.172    28.0758 0.0000e+00
     -0.124     -0.003     5.8329     74.710     42.076  44.666661     1.6375      9.864   -26.5168 3.1672e+02    21.9482     -0.122     -0.177    28.0756 0.0000e+00
     -0.125      0.001     5.8408     75.029     41.971  44.567097     1.6339      9.861   -26.0380 3.1889e+02    21.8763     -0.123     -0.180    28.0702 0.0000e+00
     -0.125      0.004     5.8315     75.397     41.739  44.334791     1.6230      9.857   -25.6372 3.2009e+02    21.8024     -0.122     -0.177    28.0648 0.0000e+00
     -0.124      0.006     5.8251     75.577     41.491  44.079530     1.6142      9.853   -25.2852 3.2202e+02    21.8064     -0.123     -0.178    28.0633 0.0000e+00
     -0.121      0.008     5.8339     75.434     41.374  43.956282     1.6103      9.850   -24.9654 3.2000e+02    21.8902     -0.119     -0.173    28.0685 0.0000e+00
     -0.116      0.009     5.8607     74.996     41.465  44.050630     1.6008      9.849   -24.7815 3.1454e+02    21.8597     -0.113     -0.164    28.0862 0.0000e+00
     -0.112      0.011     5.8961     74.379     41.675  44.268151     1.5746      9.849   -24.6108 3.0942e+02    21.6759     -0.109     -0.158    28.1062 0.0000e+00
     -0.112      0.013     5.9133     73.794     41.826  44.428174     1.5600      9.849   -24.2774 3.0476e+02    21.5809     -0.109     -0.160    28.1150 0.0000e+00
     -0.111      0.015     5.8997     73.450     41.908  44.525519     1.5575      9.847   -23.8489 3.0055e+02    21.5998     -0.110     -0.160    28.1150 0.0000e+00
     -0.107      0.015     5.8638     73.405     41.980  44.619983     1.5698      9.842   -23.4733 2.9910e+02    21.5966     -0.108     -0.155    28.1120 0.0000e+00
     -0.099      0.015     5.8100     73.634     42.017  44.681698     1.6002      9.838   -23.0911 3.0186e+02    21.5083     -0.097     -0.141    28.1040 0.0000e+00
     -0.092      0.015     5.7569     74.044     42.011  44.700453     1.6082      9.834   -22.6700 3.0526e+02    21.4198     -0.088     -0.128    28.0989 0.0000e+00
     -0.089      0.013     5.7293     74.490     42.005  44.719843     1.5999      9.834   -22.6837 3.0526e+02    21.3808     -0.087     -0.126    28.1122 0.0000e+00
     -0.087      0.010     5.7232     74.854     41.990  44.725753     1.6004      9.838   -23.0849 3.0520e+02    21.3439     -0.086     -0.125    28.1361 0.0000e+00
     -0.086      0.006     5.7410     75.032     41.962  44.708466     1.6141      9.843   -23.2186 3.0797e+02    21.3151     -0.085     -0.123    28.1634 0.0000e+00
