Data/DataNotYetUploadedToEDI/Raw_CTD/RawDownloads/070824_fcr20_S7809008.cnv
* Sea-Bird SBE19plus  Data File:
* FileName = C:\R\Reservoirs\Data\DataNotYetUploadedToEDI\Raw_CTD\RawDownloads\070824_fcr50_S7809_0008.hex
* Software version 2.8.0.119
* Temperature SN = 7809
* Conductivity SN = 7809
* System UpLoad Time = Jul 10 2024 15:58:09
* <ApplicationData>
* <Seaterm232>
# nquan = 15
# nvalues = 908                         
# units = specified
# name 0 = depFM: Depth [fresh water, m]
# name 1 = dz/dtM: Descent Rate [m/s]
# name 2 = sbeox0Mg/L: Oxygen, SBE 43 [mg/l]
# name 3 = sbeox0PS: Oxygen, SBE 43 [% saturation]
# name 4 = specc: Specific Conductance [uS/cm]
# name 5 = c0uS/cm: Conductivity [uS/cm]
# name 6 = flECO-AFL: Fluorescence, WET Labs ECO-AFL/FL [mg/m^3]
# name 7 = ph: pH
# name 8 = orp: Oxidation Reduction Potential [mV]
# name 9 = par/sat/log: PAR/Logarithmic, Satlantic
# name 10 = turbWETntu0: Turbidity, WET Labs ECO [NTU]
# name 11 = prdM: Pressure, Strain Gauge [db]
# name 12 = prdE: Pressure, Strain Gauge [psi]
# name 13 = tv290C: Temperature [ITS-90, deg C]
# name 14 = flag:  0.000e+00
# span 0 =     -0.635,      2.689       
# span 1 =     -0.309,      0.154       
# span 2 =     0.0797,     9.6645       
# span 3 =      0.932,    122.695       
# span 4 =      1.596,     96.814       
# span 5 =   1.620589,  85.980031       
# span 6 =    -0.1255,   232.7847       
# span 7 =      7.490,      9.351       
# span 8 =  -286.4908,   135.3488       
# span 9 = 3.7550e+00, 2.0479e+03       
# span 10 =    -2.7340,   953.4809      
# span 11 =     -0.624,      2.638      
# span 12 =     -0.905,      3.825      
# span 13 =    18.2258,    29.0583      
# span 14 = 0.0000e+00, 0.0000e+00      
# interval = seconds: 0.25
# start_time = Jul 08 2024 12:45:37 [Instrument's time stamp, header]
# bad_flag = -9.990e-29
*END*
[from data line 193]
     -0.103      0.006     9.1834    114.656     43.815  46.543711     1.7659      9.228    18.3377 3.7173e+02    21.6211     -0.100     -0.147    28.0325 0.0000e+00
     -0.100      0.004     9.0864    114.437     43.789  46.524253     1.7642      9.224    18.5042 3.6108e+02    21.6171     -0.098     -0.144    28.0483 0.0000e+00
     -0.096      0.001     9.0213    114.370     43.783  46.517272     1.7499      9.222    18.9650 3.5403e+02    21.4409     -0.094     -0.138    28.0777 0.0000e+00
     -0.093     -0.001     8.9847    114.424     43.806  46.522781     1.7429      9.221    19.4345 3.5111e+02    21.1648     -0.087     -0.126    28.0979 0.0000e+00
     -0.097     -0.002     8.9519    114.532     43.847  46.527352     1.7468      9.220    19.8792 3.4127e+02    21.0803     -0.092     -0.133    28.1060 0.0000e+00
     -0.104     -0.004     8.9334    114.632     43.869  46.508993     1.7544      9.217    20.5564 3.2737e+02    21.1699     -0.105     -0.152    28.1195 0.0000e+00
     -0.106     -0.005     8.9285    114.762     43.875  46.491188     1.7598      9.212    21.2544 3.1796e+02    21.1890     -0.105     -0.153    28.1226 0.0000e+00
     -0.103     -0.005     8.9367    114.984     43.899  46.502473     1.8539      9.206    21.6083 3.1563e+02    21.1066     -0.100     -0.145    28.1045 0.0000e+00
     -0.102     -0.002     8.9572    115.274     43.929  46.518460     2.0595      9.201    21.6520 3.1969e+02    21.0616     -0.099     -0.144    28.0528 0.0000e+00
     -0.103      0.001     8.9723    115.532     44.037  46.620974     2.1821      9.201    21.6106 3.3142e+02    21.1240     -0.101     -0.147    27.9898 0.0000e+00
     -0.105      0.002     8.9833    115.708     44.133  46.726221     2.1872      9.202    21.6249 3.6462e+02    21.2119     -0.103     -0.149    27.9703 0.0000e+00
     -0.105      0.002     9.0023    115.887     44.048  46.648308     2.0632      9.204    21.6521 4.6289e+02    21.2012     -0.103     -0.149    27.9648 0.0000e+00
     -0.103      0.002     9.0329    116.156     43.958  46.567711     1.8146      9.207    21.7671 6.4425e+02    21.0978     -0.101     -0.147    27.9376 0.0000e+00
     -0.100      0.001     9.0589    116.522     43.954  46.577032     1.6711      9.211    21.9835 7.5722e+02    21.0210     -0.097     -0.142    27.9202 0.0000e+00
     -0.099     -0.000     9.0664    116.894     43.934  46.570584     1.6680      9.216    22.0308 7.0385e+02    21.0575     -0.095     -0.138    27.9289 0.0000e+00
     -0.099     -0.002     9.0761    117.191     43.897  46.553249     1.7175      9.220    21.8230 5.8994e+02    21.1638     -0.097     -0.140    27.9442 0.0000e+00
     -0.101     -0.003     9.0934    117.430     43.875  46.557921     1.7789      9.223    21.5364 4.6870e+02    21.1779     -0.099     -0.144    27.9628 0.0000e+00
     -0.105     -0.002     9.1224    117.534     43.856  46.563641     1.8027      9.226    21.4046 3.8135e+02    21.0919     -0.103     -0.149    27.9790 0.0000e+00
     -0.107     -0.001     9.1544    117.325     43.831  46.558958     1.8146      9.229    21.4344 3.5542e+02    21.0800     -0.106     -0.153    27.9891 0.0000e+00
     -0.107      0.002     9.1697    116.844     43.831  46.564821     1.9060      9.232    21.4665 3.4851e+02    21.3759     -0.106     -0.154    28.0159 0.0000e+00
     -0.104      0.004     9.1843    116.351     43.849  46.571066     2.0673      9.234    21.4488 3.4448e+02    21.9028     -0.102     -0.148    28.0521 0.0000e+00
     -0.100      0.005     9.1962    116.033     43.872  46.570957     2.1505      9.237    21.3919 3.4346e+02    22.1563     -0.098     -0.143    28.0816 0.0000e+00
     -0.098      0.004     9.1743    115.919     43.885  46.563458     2.1543      9.239    21.4665 3.4371e+02    22.1185     -0.096     -0.138    28.1101 0.0000e+00
     -0.097      0.002     9.1240    115.973     43.883  46.543843     2.0885      9.240    21.8349 3.4434e+02    21.8898     -0.094     -0.136    28.1221 0.0000e+00
     -0.097      0.001     9.0841    116.163     43.883  46.524219     1.9538      9.240    22.2328 3.4756e+02    21.4748     -0.094     -0.136    28.1017 0.0000e+00
     -0.099      0.000     9.0645    116.363     43.900  46.516608     1.8818      9.240    22.4056 3.5366e+02    21.2340     -0.098     -0.140    28.0665 0.0000e+00
     -0.101      0.000     9.0621    116.376     43.927  46.515249     1.8676      9.239    22.5477 3.5872e+02    21.1648     -0.101     -0.146    28.0411 0.0000e+00
     -0.100      0.001     9.0673    116.156     43.947  46.507751     1.8402      9.236    22.8327 3.5967e+02    21.2179     -0.099     -0.143    28.0288 0.0000e+00
     -0.097      0.003     9.0891    115.820     43.945  46.489386     1.8095      9.233    23.1839 3.5976e+02    21.4328     -0.094     -0.137    28.0048 0.0000e+00
     -0.096      0.006     9.1181    115.501     43.949  46.483621     1.7953      9.232    23.4389 3.6061e+02    21.5758     -0.094     -0.136    27.9753 0.0000e+00
     -0.096      0.008     9.1246    115.224     43.989  46.501505     1.8019      9.233    23.5061 3.5790e+02    21.6152     -0.095     -0.138    27.9426 0.0000e+00
     -0.095      0.008     9.1109    115.029     44.035  46.515143     1.8139      9.234    23.5662 3.5095e+02    21.6366     -0.094     -0.137    27.8981 0.0000e+00
     -0.092      0.008     9.0812    115.063     44.066  46.521495     1.8065      9.235    23.6494 3.4346e+02    21.6288     -0.090     -0.131    27.8852 0.0000e+00
     -0.088      0.007     9.0567    115.282     44.066  46.514780     1.7720      9.235    23.7376 3.4149e+02    21.5890     -0.086     -0.125    27.8851 0.0000e+00
     -0.084      0.004     9.0414    115.428     44.040  46.497422     1.7384      9.233    23.9446 3.4483e+02    21.5650     -0.082     -0.119    27.8548 0.0000e+00
     -0.082      0.001     9.0254    115.455     44.030  46.502084     1.7328      9.232    24.1730 3.4547e+02    21.6121     -0.078     -0.114    27.8060 0.0000e+00
     -0.084     -0.003     9.0344    115.530     44.026  46.507702     1.7462      9.233    24.2629 3.4881e+02    21.5100     -0.081     -0.118    27.7687 0.0000e+00
     -0.089     -0.005     9.0650    115.717     44.019  46.501880     1.7579      9.236    24.0839 3.5487e+02    21.1841     -0.088     -0.128    27.7643 0.0000e+00
     -0.092     -0.005     9.0747    116.007     44.016  46.495163     1.7574      9.239    23.9879 3.5125e+02    20.9171     -0.091     -0.133    27.7821 0.0000e+00
     -0.092     -0.003     9.0637    116.329     44.017  46.489969     1.7410      9.239    24.3068 3.4691e+02    20.8096     -0.090     -0.131    27.8036 0.0000e+00
     -0.092      0.001     9.0687    116.574     44.040  46.502555     1.7346      9.238    24.6710 3.5357e+02    20.9097     -0.090     -0.130    27.8164 0.0000e+00
     -0.092      0.004     9.0832    116.740     44.075  46.520353     1.7551      9.236    24.8630 4.0799e+02    21.1367     -0.091     -0.133    27.8150 0.0000e+00
     -0.091      0.005     9.1080    116.780     44.086  46.514685     1.7714      9.234    24.9939 5.2032e+02    21.2648     -0.091     -0.132    27.8085 0.0000e+00
     -0.087      0.004     9.1404    116.661     44.075  46.497482     1.7569      9.234    25.0495 6.4365e+02    21.2298     -0.086     -0.125    27.8055 0.0000e+00
     -0.083      0.001     9.1577    116.491     44.071  46.502787     1.7302      9.237    24.9330 7.1833e+02    21.0879     -0.080     -0.116    27.7933 0.0000e+00
     -0.082     -0.002     9.1775    116.312     44.061  46.515366     1.7315      9.241    24.7905 6.9755e+02    20.9839     -0.078     -0.113    27.7672 0.0000e+00
     -0.086     -0.004     9.1884    116.083     44.041  46.522646     1.7556      9.245    24.8741 6.5705e+02    20.9635     -0.083     -0.120    27.7418 0.0000e+00
     -0.091     -0.004     9.1734    115.757     44.027  46.527362     1.7722      9.248    25.0841 6.2379e+02    20.9771     -0.090     -0.131    27.7344 0.0000e+00
     -0.095     -0.003     9.1570    115.159     44.006  46.508947     1.7818      9.249    25.1782 5.3405e+02    21.0120     -0.095     -0.137    27.7486 0.0000e+00
     -0.095     -0.001     9.1424    114.231     43.997  46.490435     1.7885      9.250    25.1509 4.3570e+02    21.0789     -0.094     -0.136    27.7759 0.0000e+00
     -0.092      0.003     9.1151    113.191     44.017  46.493966     1.7870      9.253    25.0983 3.9560e+02    21.1366     -0.090     -0.130    27.8140 0.0000e+00
     -0.088      0.005     9.0939    112.243     44.030  46.488137     1.7883      9.257    25.0584 4.1563e+02    21.1294     -0.086     -0.125    27.8402 0.0000e+00
     -0.086      0.006     9.0505    111.399     44.040  46.483409     1.7960      9.261    25.0127 4.6428e+02    21.0943     -0.084     -0.123    27.8424 0.0000e+00
     -0.086      0.006     8.9686    110.519     44.065  46.500249     1.7805      9.265    24.8899 4.8436e+02    21.1221     -0.085     -0.123    27.8306 0.0000e+00
     -0.085      0.005     8.8862    109.661     44.074  46.501291     1.7432      9.268    24.6924 4.6978e+02    21.2257     -0.085     -0.123    27.8064 0.0000e+00
     -0.083      0.002     8.8134    109.104     44.077  46.495994     1.7190      9.273    24.5184 4.7051e+02    21.2881     -0.082     -0.119    27.7815 0.0000e+00
     -0.081     -0.001     8.7582    108.888     44.085  46.499671     1.7286      9.276    24.5063 4.9591e+02    21.3297     -0.079     -0.114    27.7650 0.0000e+00
     -0.081     -0.004     8.6897    108.750     44.072  46.482259     1.7592      9.278    24.7173 5.2208e+02    21.4218     -0.078     -0.113    27.7556 0.0000e+00
     -0.083     -0.006     8.6098    108.515     44.071  46.475912     1.7651      9.279    25.0057 5.1836e+02    21.4791     -0.081     -0.118    27.7476 0.0000e+00
     -0.088     -0.006     8.5673    108.294     44.089  46.486406     1.7418      9.279    25.2393 4.8483e+02    21.4074     -0.086     -0.125    27.7357 0.0000e+00
     -0.092     -0.006     8.5613    108.255     44.099  46.482158     1.7277      9.279    25.3912 4.4078e+02    21.2722     -0.090     -0.131    27.7313 0.0000e+00
     -0.093     -0.005     8.5584    108.483     44.119  46.488013     1.7516      9.281    25.4658 3.9820e+02    21.1429     -0.092     -0.134    27.7290 0.0000e+00
     -0.093     -0.003     8.5340    108.980     44.129  46.493683     1.7980      9.283    25.5391 3.7377e+02    21.0058     -0.092     -0.134    27.7224 0.0000e+00
     -0.091     -0.001     8.5124    109.587     44.118  46.487228     1.8143      9.284    25.6753 3.6450e+02    20.9127     -0.089     -0.129    27.7155 0.0000e+00
     -0.090      0.000     8.5114    110.107     44.095  46.473462     1.7991      9.284    25.8217 3.6321e+02    20.8707     -0.087     -0.127    27.6949 0.0000e+00
     -0.091      0.002     8.5307    110.504     44.069  46.454216     1.7885      9.285    25.9322 3.7661e+02    21.0105     -0.089     -0.129    27.6735 0.0000e+00
     -0.093      0.004     8.5759    110.800     44.064  46.444983     1.7948      9.285    26.0650 4.3111e+02    21.3732     -0.091     -0.132    27.6679 0.0000e+00
     -0.093      0.007     8.6306    111.040     44.072  46.425313     1.8089      9.285    26.2225 4.7364e+02    21.6346     -0.092     -0.134    27.6772 0.0000e+00
     -0.090      0.009     8.6686    111.318     44.098  46.406787     1.8087      9.284    26.4605 4.2344e+02    21.6432     -0.089     -0.131    27.6900 0.0000e+00
     -0.085      0.012     8.6962    111.546     44.144  46.411353     1.7923      9.284    26.7918 3.5143e+02    21.5119     -0.083     -0.122    27.7020 0.0000e+00
     -0.080      0.014     8.7207    111.636     44.182  46.416972     1.7858      9.284    27.0448 3.2773e+02    21.3789     -0.078     -0.113    27.7082 0.0000e+00
     -0.077      0.015     8.7369    111.739     44.194  46.411197     1.7960      9.283    27.1956 3.5048e+02    21.3677     -0.075     -0.108    27.6716 0.0000e+00
     -0.074      0.015     8.7745    111.989     44.191  46.404972     1.8077      9.281    27.4106 3.7856e+02    21.4449     -0.073     -0.106    27.6076 0.0000e+00
     -0.070      0.013     8.8061    112.287     44.188  46.405189     1.8117      9.278    27.7526 3.5437e+02    21.4575     -0.068     -0.099    27.5574 0.0000e+00
     -0.065      0.009     8.8113    112.493     44.192  46.413823     1.8025      9.275    28.0604 3.1741e+02    21.3490     -0.063     -0.092    27.5154 0.0000e+00
     -0.062      0.006     8.8182    112.685     44.211  46.445890     1.7880      9.271    28.4650 3.1112e+02    21.1930     -0.061     -0.088    27.4938 0.0000e+00
     -0.061      0.007     8.8409    112.953     44.209  46.475511     1.7857      9.262    28.8590 3.1993e+02    21.1081     -0.058     -0.084    27.4981 0.0000e+00
     -0.062      0.013     8.8717    113.215     44.155  46.454611     1.8004      9.249    28.9527 3.3380e+02    21.1423     -0.058     -0.085    27.5030 0.0000e+00
     -0.065      0.025     8.8823    113.427     44.080  46.383706     1.8071      9.234    29.3387 3.5332e+02    21.3338     -0.064     -0.093    27.5045 0.0000e+00
     -0.064      0.042     8.8916    113.554     44.043  46.316515     1.7917      9.217    29.9994 4.2299e+02    21.6465     -0.068     -0.099    27.5098 0.0000e+00
     -0.051      0.062     8.9124    113.479     44.057  46.276973     1.7812      9.203    30.2299 5.6337e+02    21.8147     -0.055     -0.080    27.5524 0.0000e+00
     -0.028      0.082     8.9234    113.159     44.059  46.222927     1.7964      9.197    30.0607 6.3413e+02    21.8316     -0.029     -0.042    27.6116 0.0000e+00
      0.002      0.097     8.9380    112.773     44.049  46.170811     1.8758      9.197    29.8471 5.3491e+02    21.8847      0.000      0.001    27.6221 0.0000e+00
      0.033      0.104     8.9590    112.592     44.063  46.154631     1.9915      9.202    29.7115 3.9435e+02    21.9099      0.033      0.047    27.5863 0.0000e+00
      0.064      0.101     8.9664    112.626     44.087  46.154205     2.0465      9.208    29.5400 3.2340e+02    21.8635      0.064      0.092    27.5135 0.0000e+00
      0.092      0.089     8.9486    112.645     44.117  46.165625     2.0500      9.216    29.4076 2.9142e+02    21.8016      0.092      0.135    27.4403 0.0000e+00
      0.116      0.074     8.9127    112.531     44.125  46.165720     2.0925      9.224    29.3151 2.6934e+02    21.7765      0.115      0.167    27.3967 0.0000e+00
      0.133      0.059     8.9039    112.364     44.113  46.155330     2.1853      9.232    29.1103 2.5426e+02    21.7645      0.132      0.192    27.3645 0.0000e+00
      0.143      0.046     8.9217    112.244     44.117  46.166966     2.2399      9.237    29.1686 2.4655e+02    21.7246      0.142      0.207    27.3348 0.0000e+00
      0.147      0.040     8.9300    112.149     44.122  46.179462     2.2372      9.239    29.6760 2.5154e+02    21.6694      0.144      0.209    27.3104 0.0000e+00
      0.151      0.040     8.9191    112.073     44.123  46.179474     2.2446      9.239    30.2547 2.6048e+02    21.7468      0.147      0.213    27.3005 0.0000e+00
      0.157      0.044     8.9001    112.048     44.122  46.167101     2.2956      9.237    30.8319 2.5746e+02    22.0455      0.151      0.220    27.3065 0.0000e+00
      0.170      0.052     8.8920    112.059     44.123  46.156810     2.3456      9.233    31.6635 2.3840e+02    22.3100      0.162      0.237    27.3171 0.0000e+00
      0.190      0.062     8.8829    112.097     44.154  46.181985     2.3667      9.228    32.4805 2.0984e+02    22.4509      0.188      0.272    27.3300 0.0000e+00
      0.209      0.072     8.8736    112.079     44.204  46.217558     2.5012      9.226    32.7083 1.8213e+02    23.0311      0.207      0.300    27.3293 0.0000e+00
      0.225      0.077     8.8782    111.916     44.228  46.206002     2.7558      9.228    32.6111 1.6366e+02    24.0647      0.219      0.318    27.3087 0.0000e+00
