Data/DataNotYetUploadedToEDI/Raw_CTD/RawDownloads/070824_bvr50_S8188001.cnv
* Sea-Bird SBE19plus  Data File:
* FileName = C:\R\Reservoirs\Data\DataNotYetUploadedToEDI\Raw_CTD\RawDownloads\070824_bvr50_S8188_0001.hex
* Software version 2.8.0.119
* Temperature SN = 8188
* Conductivity SN = 8188
* System UpLoad Time = Jul 11 2024 15:27:59
* <ApplicationData>
* <Seaterm232>
# nquan = 16
# nvalues = 2510                        
# units = specified
# name 0 = depFM: Depth [fresh water, m]
# name 1 = dz/dtM: Descent Rate [m/s]
# name 2 = sbeox0Mg/L: Oxygen, SBE 43 [mg/l]
# name 3 = sbeox0PS: Oxygen, SBE 43 [% saturation]
# name 4 = specc: Specific Conductance [uS/cm]
# name 5 = c0uS/cm: Conductivity [uS/cm]
# name 6 = wetCDOM: Fluorescence, WET Labs CDOM [mg/m^3]
# name 7 = flECO-AFL: Fluorescence, WET Labs ECO-AFL/FL [mg/m^3]
# name 8 = flECO-AFL1: Fluorescence, WET Labs ECO-AFL/FL, 2 [mg/m^3]
# name 9 = flECO-AFL2: Fluorescence, WET Labs ECO-AFL/FL, 3 [mg/m^3]
# name 10 = par/sat/log: PAR/Logarithmic, Satlantic
# name 11 = turbWETntu0: Turbidity, WET Labs ECO [NTU]
# name 12 = prdM: Pressure, Strain Gauge [db]
# name 13 = prdE: Pressure, Strain Gauge [psi]
# name 14 = tv290C: Temperature [ITS-90, deg C]
# name 15 = flag:  0.000e+00
# span 0 =     -0.709,      9.571       
# span 1 =     -0.218,      0.123       
# span 2 =     0.0132,    10.1385       
# span 3 =      0.157,    128.994       
# span 4 =   -616.075,    213.970       
# span 5 =-440.157215, 154.842249       
# span 6 =    -4.5000,    48.9600       
# span 7 =    -0.2960,    16.5538       
# span 8 =    -2.1300,     0.5538       
# span 9 =    -2.0304,     3.9762       
# span 10 = 1.1577e-01, 9.4251e+02      
# span 11 =    -1.6087,    49.8438      
# span 12 =     -0.695,      9.386      
# span 13 =     -1.008,     13.614      
# span 14 =    10.1139,    28.1835      
# span 15 = 0.0000e+00, 0.0000e+00      
# interval = seconds: 0.25
# start_time = Jul 08 2024 09:47:53 [Instrument's time stamp, header]
# bad_flag = -9.990e-29
*END*
[from data line 1085]
      0.328      0.004     8.4200    106.700     31.536  33.264212    30.9600     5.8991     0.1278     1.0998 2.1427e+02     3.6786      0.322      0.467    27.7334 0.0000e+00
      0.329      0.004     8.4166    106.600     31.551  33.279343    30.9600     5.8763     0.1278     1.0998 2.1585e+02     3.6635      0.323      0.468    27.7332 0.0000e+00
      0.330      0.003     8.4094    106.541     31.549  33.277340    30.9600     5.8953     0.1278     1.0998 2.1614e+02     3.9203      0.323      0.469    27.7331 0.0000e+00
      0.330      0.002     8.4002    106.534     31.539  33.267626    30.9600     5.8877     0.1278     1.0998 2.1408e+02     3.9052      0.324      0.470    27.7330 0.0000e+00
      0.331      0.001     8.3907    106.581     31.537  33.265538    30.9600     5.8801     0.1278     1.0998 2.1487e+02     3.9203      0.324      0.471    27.7328 0.0000e+00
      0.331      0.000     8.3829    106.651     31.536  33.264545    30.9600     5.9030     0.1278     1.0998 2.1637e+02     3.9354      0.325      0.471    27.7328 0.0000e+00
      0.331      0.000     8.3782    106.706     31.529  33.256413    30.9600     6.0098     0.1278     1.0575 2.1769e+02     3.8598      0.325      0.471    27.7329 0.0000e+00
      0.331     -0.001     8.3777    106.734     31.525  33.252917    30.9600     6.0136     0.1278     1.0575 2.1741e+02     4.0109      0.324      0.471    27.7330 0.0000e+00
      0.330     -0.002     8.3814    106.743     31.529  33.257108    30.9600     6.0289     0.1278     1.0575 2.1854e+02     3.9505      0.324      0.470    27.7331 0.0000e+00
      0.330     -0.003     8.3869    106.739     31.542  33.270104    30.9600     6.0098     0.1278     1.0575 2.1750e+02     3.9656      0.323      0.469    27.7331 0.0000e+00
      0.329     -0.004     8.3912    106.733     31.564  33.293379    30.9600     5.9335     0.1278     1.0575 2.1755e+02     3.8296      0.322      0.468    27.7330 0.0000e+00
      0.328     -0.005     8.3934    106.730     31.581  33.311229    30.9600     5.9907     0.1278     1.0575 2.1703e+02     3.7843      0.321      0.466    27.7329 0.0000e+00
      0.326     -0.006     8.3941    106.734     31.578  33.308496    30.9600     5.9640     0.1278     1.0575 2.1873e+02     3.6332      0.320      0.464    27.7329 0.0000e+00
      0.324     -0.006     8.3938    106.759     31.566  33.296403    30.9600     5.9716     0.1278     1.0575 2.2189e+02     3.6786      0.318      0.461    27.7329 0.0000e+00
      0.322     -0.006     8.3933    106.809     31.567  33.297618    30.9600     5.8953     0.1278     1.1421 2.2383e+02     3.6786      0.316      0.459    27.7330 0.0000e+00
      0.321     -0.005     8.3930    106.882     31.575  33.306490    30.9600     5.9259     0.1278     1.1421 2.2422e+02     3.6332      0.315      0.457    27.7332 0.0000e+00
      0.319     -0.004     8.3933    106.970     31.569  33.299491    30.9600     5.9030     0.1278     1.1421 2.2437e+02     3.6332      0.313      0.455    27.7334 0.0000e+00
      0.319     -0.003     8.3952    107.060     31.547  33.276747    30.9600     5.9106     0.1278     1.1421 2.2539e+02     3.7994      0.313      0.454    27.7337 0.0000e+00
      0.318     -0.002     8.3992    107.138     31.526  33.254102    30.9600     5.8763     0.1278     1.1421 2.2672e+02     3.7692      0.312      0.453    27.7340 0.0000e+00
      0.318     -0.002     8.4048    107.190     31.518  33.245435    30.9600     5.9068     0.1278     1.0998 2.2716e+02     3.6635      0.312      0.453    27.7342 0.0000e+00
      0.317     -0.001     8.4117    107.204     31.530  33.258395    30.9600     5.9030     0.1278     1.0998 2.2726e+02     3.5728      0.311      0.452    27.7344 0.0000e+00
      0.317      0.000     8.4188    107.172     31.549  33.278512    30.9600     5.9030     0.1278     1.0998 2.2466e+02     3.6786      0.311      0.452    27.7345 0.0000e+00
      0.318      0.001     8.4249    107.106     31.561  33.291232    30.9600     5.8953     0.1278     1.0998 2.2490e+02     3.6332      0.312      0.452    27.7344 0.0000e+00
      0.318      0.001     8.4290    107.026     31.571  33.301938    30.9600     5.7885     0.1278     1.1844 2.2233e+02     3.6786      0.312      0.453    27.7344 0.0000e+00
      0.318      0.002     8.4301    106.956     31.582  33.313485    30.9600     5.7580     0.1278     1.1844 2.2276e+02     3.7541      0.312      0.453    27.7344 0.0000e+00
      0.319      0.002     8.4276    106.903     31.596  33.328953    30.9600     5.7923     0.1278     1.1844 2.2233e+02     3.6030      0.313      0.454    27.7345 0.0000e+00
      0.320      0.003     8.4223    106.865     31.603  33.336532    30.9600     5.7618     0.1278     1.1844 2.2466e+02     3.6937      0.314      0.455    27.7347 0.0000e+00
      0.321      0.003     8.4160    106.825     31.586  33.318325    30.9600     5.8190     0.0852     1.0998 2.2583e+02     3.8750      0.315      0.456    27.7350 0.0000e+00
      0.322      0.003     8.4105    106.762     31.572  33.303337    30.9600     5.8457     0.0852     1.0998 2.2667e+02     3.8598      0.316      0.458    27.7352 0.0000e+00
      0.323      0.002     8.4063    106.671     31.577  33.309481    30.9600     5.8152     0.0852     1.0998 2.2579e+02     3.9203      0.317      0.459    27.7354 0.0000e+00
      0.323      0.002     8.4033    106.573     31.586  33.318477    30.9600     5.8152     0.0852     1.0998 2.2520e+02     3.9958      0.317      0.460    27.7355 0.0000e+00
      0.324      0.001     8.4002    106.496     31.596  33.328743    30.8700     5.9030     0.0852     1.2267 2.2539e+02     3.9656      0.318      0.460    27.7356 0.0000e+00
      0.324      0.000     8.3952    106.460     31.593  33.325088    30.8700     5.8686     0.0852     1.2267 2.2515e+02     3.9052      0.318      0.461    27.7356 0.0000e+00
      0.324     -0.001     8.3881    106.468     31.568  33.298570    30.8700     5.8839     0.0852     1.2267 2.2485e+02     4.0260      0.318      0.460    27.7355 0.0000e+00
      0.323     -0.001     8.3804    106.498     31.548  33.277970    30.8700     5.8801     0.0852     1.2267 2.2451e+02     3.8296      0.317      0.460    27.7353 0.0000e+00
      0.323     -0.002     8.3744    106.537     31.550  33.279706    30.8700     6.1013     0.0852     1.2267 2.2505e+02     3.9505      0.317      0.459    27.7350 0.0000e+00
      0.322     -0.002     8.3716    106.592     31.556  33.286314    30.9600     6.0823     0.1278     1.2267 2.2476e+02     3.9656      0.316      0.458    27.7347 0.0000e+00
      0.322     -0.002     8.3722    106.671     31.552  33.281629    30.9600     6.0861     0.1278     1.2267 2.2628e+02     3.9052      0.316      0.458    27.7345 0.0000e+00
      0.321     -0.002     8.3746    106.758     31.552  33.282330    30.9600     6.0823     0.1278     1.2267 2.2711e+02     3.8750      0.315      0.457    27.7344 0.0000e+00
      0.321     -0.001     8.3777    106.820     31.566  33.296569    30.9600     5.8305     0.1278     1.2267 2.2890e+02     3.7390      0.315      0.457    27.7344 0.0000e+00
      0.321     -0.001     8.3820    106.832     31.577  33.308226    30.9600     5.8381     0.1278     1.0998 2.3014e+02     3.6635      0.315      0.456    27.7344 0.0000e+00
      0.320     -0.001     8.3882    106.793     31.579  33.310451    30.9600     5.8267     0.1278     1.0998 2.3090e+02     3.7390      0.314      0.456    27.7346 0.0000e+00
      0.320     -0.001     8.3950    106.721     31.580  33.311804    30.9600     5.8457     0.1278     1.0998 2.3090e+02     3.6635      0.314      0.455    27.7347 0.0000e+00
      0.320     -0.001     8.3999    106.641     31.589  33.320613    30.9600     5.9144     0.1278     1.0998 2.3014e+02     3.6030      0.314      0.455    27.7348 0.0000e+00
      0.320     -0.001     8.4008    106.579     31.599  33.331261    30.9600     5.9106     0.1704     1.0575 2.2880e+02     3.7843      0.314      0.455    27.7348 0.0000e+00
      0.320     -0.001     8.3978    106.543     31.606  33.338618    30.9600     5.9182     0.1704     1.0575 2.2800e+02     3.7088      0.314      0.455    27.7347 0.0000e+00
      0.319     -0.001     8.3921    106.525     31.608  33.340664    30.9600     5.9259     0.1704     1.0575 2.2815e+02     3.6332      0.313      0.454    27.7346 0.0000e+00
      0.319     -0.001     8.3859    106.514     31.602  33.333960    30.9600     5.9526     0.1704     1.0575 2.2825e+02     3.9203      0.313      0.454    27.7344 0.0000e+00
      0.319     -0.001     8.3810    106.502     31.590  33.320703    30.8700     5.9526     0.1278     1.0998 2.2771e+02     3.8447      0.313      0.454    27.7342 0.0000e+00
      0.319     -0.001     8.3781    106.488     31.571  33.301340    30.8700     5.9602     0.1278     1.0998 2.2915e+02     3.8901      0.313      0.453    27.7340 0.0000e+00
      0.319     -0.001     8.3768    106.471     31.559  33.288634    30.8700     5.9602     0.1278     1.0998 2.2984e+02     4.0260      0.313      0.453    27.7338 0.0000e+00
      0.319     -0.001     8.3760    106.456     31.564  33.293141    30.8700     5.9526     0.1278     1.0998 2.3145e+02     3.9958      0.313      0.453    27.7335 0.0000e+00
      0.318     -0.000     8.3751    106.452     31.565  33.294151    30.8700     5.9564     0.1278     1.0998 2.3230e+02     3.9203      0.312      0.453    27.7332 0.0000e+00
      0.318     -0.000     8.3740    106.464     31.553  33.281975    30.9600     5.9831     0.0852     1.0152 2.3205e+02     3.8750      0.312      0.453    27.7330 0.0000e+00
      0.318      0.000     8.3727    106.492     31.541  33.269301    30.9600     5.9526     0.0852     1.0152 2.3230e+02     3.9958      0.312      0.453    27.7328 0.0000e+00
      0.318      0.000     8.3715    106.530     31.538  33.266692    30.9600     6.0899     0.0852     1.0152 2.3125e+02     3.9505      0.312      0.453    27.7328 0.0000e+00
      0.318      0.000     8.3712    106.583     31.539  33.267476    30.9600     6.0784     0.0852     1.0152 2.3095e+02     3.8901      0.312      0.453    27.7328 0.0000e+00
      0.318      0.000     8.3721    106.655     31.532  33.259911    30.9600     6.0861     0.1278     1.0998 2.3070e+02     3.9203      0.312      0.453    27.7328 0.0000e+00
      0.318      0.000     8.3743    106.731     31.519  33.245964    30.9600     6.0670     0.1278     1.0998 2.3039e+02     3.8901      0.312      0.453    27.7329 0.0000e+00
      0.319      0.000     8.3773    106.781     31.498  33.223907    30.9600     6.0708     0.1278     1.0998 2.3085e+02     3.9354      0.313      0.453    27.7330 0.0000e+00
      0.319      0.000     8.3815    106.796     31.482  33.207777    30.9600     6.0899     0.1278     1.0998 2.3160e+02     3.9505      0.313      0.454    27.7331 0.0000e+00
      0.319      0.000     8.3872    106.792     31.489  33.215183    30.9600     6.0861     0.1278     1.0998 2.3135e+02     3.9958      0.313      0.454    27.7333 0.0000e+00
      0.319      0.000     8.3931    106.783     31.513  33.240132    30.9600     6.0975     0.1278     1.0998 2.3251e+02     3.8598      0.313      0.454    27.7334 0.0000e+00
      0.319      0.000     8.3970    106.767     31.537  33.265375    30.9600     6.0746     0.1278     1.0998 2.3352e+02     3.9354      0.313      0.454    27.7336 0.0000e+00
      0.319      0.000     8.3982    106.744     31.552  33.281709    30.9600     6.0594     0.1278     1.0998 2.3474e+02     3.9958      0.313      0.454    27.7337 0.0000e+00
      0.319      0.000     8.3979    106.719     31.567  33.297473    30.9600     6.0746     0.1278     1.0152 2.3530e+02     3.8447      0.313      0.454    27.7338 0.0000e+00
      0.319      0.000     8.3971    106.700     31.576  33.306913    30.9600     6.0746     0.1278     1.0152 2.3464e+02     3.9354      0.313      0.454    27.7339 0.0000e+00
      0.319      0.001     8.3958    106.692     31.576  33.306571    30.9600     6.0365     0.1278     1.0152 2.3428e+02     3.6937      0.313      0.455    27.7340 0.0000e+00
      0.320      0.001     8.3940    106.691     31.573  33.304321    30.9600     5.9983     0.1278     1.0152 2.3438e+02     3.7390      0.314      0.455    27.7341 0.0000e+00
      0.320      0.001     8.3921    106.687     31.569  33.299565    30.9600     6.0136     0.1278     1.0152 2.3403e+02     3.6635      0.314      0.455    27.7342 0.0000e+00
      0.320      0.001     8.3906    106.669     31.561  33.291034    30.9600     6.0136     0.0852     1.1844 2.3459e+02     3.7541      0.314      0.455    27.7343 0.0000e+00
      0.320      0.001     8.3899    106.654     31.552  33.282428    30.9600     6.0250     0.0852     1.1844 2.3469e+02     3.6786      0.314      0.455    27.7344 0.0000e+00
      0.321      0.002     8.3898    106.669     31.551  33.281413    30.9600     6.0289     0.0852     1.1844 2.3459e+02     3.6937      0.315      0.456    27.7344 0.0000e+00
      0.321      0.002     8.3894    106.720     31.552  33.281740    30.9600     6.0174     0.0852     1.1844 2.3500e+02     3.6332      0.315      0.457    27.7345 0.0000e+00
      0.322      0.003     8.3880    106.793     31.544  33.273540    30.9600     6.0556     0.1278     1.1421 2.3525e+02     3.8145      0.315      0.458    27.7347 0.0000e+00
      0.323      0.003     8.3868    106.863     31.534  33.262592    30.9600     6.0708     0.1278     1.1421 2.3561e+02     3.9656      0.316      0.459    27.7348 0.0000e+00
      0.323      0.004     8.3880    106.913     31.522  33.249961    30.9600     6.0594     0.1278     1.1421 2.3705e+02     3.9203      0.317      0.460    27.7348 0.0000e+00
      0.324      0.004     8.3920    106.933     31.502  33.228294    30.9600     6.0899     0.1278     1.1421 2.3653e+02     3.9354      0.318      0.461    27.7348 0.0000e+00
      0.325      0.005     8.3977    106.912     31.480  33.205757    30.8700     6.0899     0.1278     1.0998 2.3684e+02     3.8598      0.319      0.463    27.7347 0.0000e+00
      0.327      0.006     8.4033    106.829     31.475  33.200241    30.8700     6.0136     0.1278     1.0998 2.3581e+02     3.8598      0.320      0.465    27.7345 0.0000e+00
      0.328      0.006     8.4073    106.681     31.488  33.214259    30.8700     6.0212     0.1278     1.0998 2.3296e+02     3.8598      0.322      0.467    27.7343 0.0000e+00
      0.330      0.006     8.4088    106.505     31.505  33.231631    30.8700     6.0403     0.1278     1.0998 2.3276e+02     4.0411      0.324      0.470    27.7342 0.0000e+00
      0.332      0.006     8.4072    106.348     31.518  33.245039    30.8700     5.9869     0.1278     1.0998 2.2850e+02     3.9958      0.326      0.472    27.7342 0.0000e+00
      0.334      0.005     8.4007    106.238     31.528  33.256065    30.9600     5.9678     0.0852     1.0998 2.3014e+02     3.6030      0.327      0.475    27.7341 0.0000e+00
      0.335      0.004     8.3891    106.183     31.539  33.267652    30.9600     5.9754     0.0852     1.0998 2.3095e+02     3.6635      0.328      0.476    27.7340 0.0000e+00
      0.335      0.003     8.3752    106.186     31.558  33.286872    30.9600     5.9335     0.0852     1.0998 2.3327e+02     3.6635      0.329      0.477    27.7338 0.0000e+00
      0.336      0.003     8.3629    106.247     31.575  33.304907    30.9600     5.9602     0.0852     1.0998 2.3281e+02     3.6937      0.329      0.478    27.7336 0.0000e+00
      0.336      0.002     8.3543    106.359     31.578  33.308641    30.8700     6.1433     0.1278     1.0998 2.3418e+02     3.7088      0.330      0.478    27.7334 0.0000e+00
      0.336      0.002     8.3500    106.505     31.573  33.303052    30.8700     6.1471     0.1278     1.0998 2.3489e+02     3.7541      0.330      0.479    27.7332 0.0000e+00
      0.337      0.003     8.3503    106.639     31.572  33.302586    30.8700     6.1433     0.1278     1.0998 2.3418e+02     3.7390      0.331      0.480    27.7330 0.0000e+00
