Data/DataNotYetUploadedToEDI/Raw_CTD/RawDownloads/070824_fcr20_S7809008.cnv
* Sea-Bird SBE19plus  Data File:
* FileName = C:\R\Reservoirs\Data\DataNotYetUploadedToEDI\Raw_CTD\RawDownloads\070824_fcr50_S7809_0008.hex
* Software version 2.8.0.119
* Temperature SN = 7809
* Conductivity SN = 7809
* System UpLoad Time = Jul 10 2024 15:58:09
* <ApplicationData>
* <Seaterm232>
# nquan = 15
# nvalues = 908                         
# units = specified
# name 0 = depFM: Depth [fresh water, m]
# name 1 = dz/dtM: Descent Rate [m/s]
# name 2 = sbeox0Mg/L: Oxygen, SBE 43 [mg/l]
# name 3 = sbeox0PS: Oxygen, SBE 43 [% saturation]
# name 4 = specc: Specific Conductance [uS/cm]
# name 5 = c0uS/cm: Conductivity [uS/cm]
# name 6 = flECO-AFL: Fluorescence, WET Labs ECO-AFL/FL [mg/m^3]
# name 7 = ph: pH
# name 8 = orp: Oxidation Reduction Potential [mV]
# name 9 = par/sat/log: PAR/Logarithmic, Satlantic
# name 10 = turbWETntu0: Turbidity, WET Labs ECO [NTU]
# name 11 = prdM: Pressure, Strain Gauge [db]
# name 12 = prdE: Pressure, Strain Gauge [psi]
# name 13 = tv290C: Temperature [ITS-90, deg C]
# name 14 = flag:  0.000e+00
# span 0 =     -0.635,      2.689       
# span 1 =     -0.309,      0.154       
# span 2 =     0.0797,     9.6645       
# span 3 =      0.932,    122.695       
# span 4 =      1.596,     96.814       
# span 5 =   1.620589,  85.980031       
# span 6 =    -0.1255,   232.7847       
# span 7 =      7.490,      9.351       
# span 8 =  -286.4908,   135.3488       
# span 9 = 3.7550e+00, 2.0479e+03       
# span 10 =    -2.7340,   953.4809      
# span 11 =     -0.624,      2.638      
# span 12 =     -0.905,      3.825      
# span 13 =    18.2258,    29.0583      
# span 14 = 0.0000e+00, 0.0000e+00      
# interval = seconds: 0.25
# start_time = Jul 08 2024 12:45:37 [Instrument's time stamp, header]
# bad_flag = -9.990e-29
*END*
[from data line 97]
     -0.096     -0.012     6.7806     88.367     41.709  44.184998     1.5928      9.065     5.3431 1.0567e+03    20.7404     -0.095     -0.138    27.9632 0.0000e+00
     -0.101     -0.007     6.8345     87.875     41.628  44.099511     1.5935      9.069     5.3677 9.1949e+02    20.6976     -0.100     -0.145    27.9618 0.0000e+00
     -0.101     -0.002     6.8852     86.865     41.607  44.073591     1.6110      9.074     5.5135 6.2141e+02    20.8005     -0.101     -0.145    27.9630 0.0000e+00
     -0.099      0.002     6.9255     85.590     41.605  44.062024     1.6462      9.079     5.5575 4.4511e+02    21.0274     -0.096     -0.139    27.9632 0.0000e+00
     -0.096      0.005     6.9378     84.314     41.576  44.023114     1.6784      9.084     5.4690 4.7068e+02    21.1864     -0.094     -0.136    27.9596 0.0000e+00
     -0.093      0.006     6.8982     83.187     41.542  43.983974     1.7008      9.090     5.3044 5.8937e+02    21.2195     -0.091     -0.132    27.9622 0.0000e+00
     -0.091      0.005     6.8096     82.251     41.529  43.969620     1.6923      9.097     5.1159 7.0381e+02    21.1893     -0.088     -0.128    27.9625 0.0000e+00
     -0.090      0.003     6.7047     81.524     41.475  43.913039     1.6506      9.104     5.0826 7.1135e+02    21.1285     -0.088     -0.128    27.9461 0.0000e+00
     -0.091      0.003     6.6014     81.008     41.376  43.807646     1.6201      9.109     5.3318 6.6687e+02    21.0999     -0.089     -0.129    27.9332 0.0000e+00
     -0.091      0.002     6.5138     80.624     41.286  43.710897     1.6239      9.112     5.7198 7.6214e+02    21.1164     -0.090     -0.131    27.9321 0.0000e+00
     -0.090      0.000     6.4391     80.203     41.213  43.631880     1.6125      9.113     6.0753 9.7439e+02    21.1232     -0.089     -0.130    27.9331 0.0000e+00
     -0.088     -0.004     6.3822     79.663     41.200  43.613935     1.5655      9.114     6.2740 9.6834e+02    21.0795     -0.087     -0.126    27.9334 0.0000e+00
     -0.087     -0.008     6.3425     79.129     41.333  43.747810     1.5312      9.117     6.4024 8.4037e+02    20.9982     -0.084     -0.121    27.9331 0.0000e+00
     -0.089     -0.011     6.3198     78.821     41.498  43.917596     1.5141      9.119     6.7672 7.8351e+02    20.9601     -0.085     -0.123    27.9303 0.0000e+00
     -0.095     -0.012     6.2902     78.899     41.413  43.826063     1.4994      9.118     7.3292 6.3264e+02    20.9597     -0.093     -0.135    27.9277 0.0000e+00
     -0.103     -0.011     6.2433     79.259     41.132  43.529709     1.4864      9.113     7.6902 4.5131e+02    20.9258     -0.103     -0.149    27.9243 0.0000e+00
     -0.108     -0.009     6.1969     79.578     40.930  43.317648     1.4735      9.111     7.6898 3.8491e+02    20.9260     -0.108     -0.156    27.9134 0.0000e+00
     -0.108     -0.006     6.1664     79.602     40.850  43.229712     1.4606      9.111     7.5830 3.7472e+02    20.9274     -0.107     -0.155    27.9055 0.0000e+00
     -0.106     -0.001     6.1756     79.321     40.860  43.228137     1.4388      9.114     7.5180 3.7005e+02    20.8408     -0.103     -0.150    27.9065 0.0000e+00
     -0.104      0.003     6.2154     78.874     40.940  43.298590     1.4348      9.118     7.5059 3.7009e+02    20.7665     -0.101     -0.147    27.9069 0.0000e+00
     -0.103      0.005     6.2481     78.368     40.966  43.319868     1.4609      9.121     7.6086 3.7390e+02    20.7469     -0.101     -0.146    27.9107 0.0000e+00
     -0.103      0.005     6.2492     77.871     40.882  43.231509     1.4802      9.121     7.7273 3.8159e+02    20.7401     -0.101     -0.147    27.9133 0.0000e+00
     -0.103      0.005     6.2236     77.434     40.775  43.118855     1.4681      9.121     7.9948 3.9545e+02    20.7189     -0.102     -0.148    27.8920 0.0000e+00
     -0.101      0.004     6.1890     77.031     40.697  43.036790     1.4486      9.122     8.4339 4.2148e+02    20.7289     -0.099     -0.144    27.8673 0.0000e+00
     -0.097      0.003     6.1484     76.664     40.662  43.000931     1.4686      9.123     8.7351 4.3991e+02    20.8275     -0.095     -0.137    27.8646 0.0000e+00
     -0.096      0.002     6.1059     76.403     40.664  43.002643     1.5099      9.125     8.8829 4.2974e+02    20.9205     -0.093     -0.136    27.8679 0.0000e+00
     -0.097      0.001     6.0741     76.309     40.655  42.994025     1.5322      9.128     8.9304 4.2875e+02    20.9650     -0.094     -0.138    27.8681 0.0000e+00
     -0.098      0.000     6.0426     76.379     40.623  42.960201     1.5472      9.131     8.8797 4.8198e+02    20.9555     -0.096     -0.139    27.8688 0.0000e+00
     -0.100      0.000     6.0109     76.537     40.578  42.911029     1.5581      9.135     8.8718 5.6305e+02    20.8740     -0.098     -0.142    27.8697 0.0000e+00
     -0.100      0.001     5.9886     76.689     40.516  42.843784     1.5559      9.138     9.0067 6.1146e+02    20.8679     -0.098     -0.143    27.8696 0.0000e+00
     -0.099      0.002     5.9810     76.749     40.461  42.781845     1.5614      9.141     9.2197 6.7691e+02    20.9495     -0.097     -0.141    27.8693 0.0000e+00
     -0.098      0.002     5.9894     76.676     40.417  42.733361     1.5757      9.144     9.3832 6.7986e+02    21.0070     -0.096     -0.138    27.8692 0.0000e+00
     -0.096      0.001     6.0042     76.487     40.389  42.701858     1.5699      9.146     9.4337 5.1294e+02    21.0508     -0.094     -0.136    27.8680 0.0000e+00
     -0.096      0.000     6.0192     76.230     40.407  42.718296     1.5491      9.149     9.4011 3.8898e+02    21.0696     -0.093     -0.136    27.8652 0.0000e+00
     -0.096     -0.001     6.0260     75.972     40.432  42.741699     1.5492      9.154     9.3327 3.7924e+02    21.0980     -0.094     -0.136    27.8618 0.0000e+00
     -0.097     -0.003     6.0189     75.734     40.424  42.730943     1.5878      9.159     9.2943 3.8002e+02    21.1543     -0.095     -0.138    27.8591 0.0000e+00
     -0.098     -0.003     6.0040     75.507     40.411  42.715182     1.6333      9.163     9.3673 3.8312e+02    21.1697     -0.096     -0.140    27.8564 0.0000e+00
     -0.100     -0.002     5.9811     75.312     40.378  42.678057     1.6422      9.166     9.6137 3.8806e+02    21.1476     -0.098     -0.142    27.8527 0.0000e+00
     -0.101     -0.001     5.9608     75.137     40.306  42.599420     1.6279      9.170    10.0358 3.9364e+02    21.1257     -0.099     -0.144    27.8493 0.0000e+00
     -0.101      0.001     5.9444     74.948     40.239  42.526018     1.6265      9.171    10.3415 3.9769e+02    21.1446     -0.100     -0.146    27.8469 0.0000e+00
     -0.101      0.003     5.9237     74.679     40.205  42.488727     1.6421      9.170    10.3850 3.9837e+02    21.2053     -0.100     -0.146    27.8446 0.0000e+00
     -0.099      0.004     5.9109     74.269     40.184  42.465879     1.6585      9.170    10.4750 3.9582e+02    21.2445     -0.098     -0.142    27.8415 0.0000e+00
     -0.096      0.004     5.8973     73.766     40.161  42.440172     1.6500      9.170    10.5696 3.9301e+02    21.2091     -0.095     -0.138    27.8385 0.0000e+00
     -0.094      0.003     5.8846     73.251     40.214  42.495252     1.6227      9.170    10.5822 3.9322e+02    21.1188     -0.092     -0.134    27.8355 0.0000e+00
     -0.093      0.003     5.8675     72.836     40.337  42.624082     1.6031      9.169    10.8847 3.9645e+02    20.9720     -0.090     -0.131    27.8332 0.0000e+00
     -0.094      0.004     5.8322     72.674     40.317  42.601509     1.5872      9.167    11.4751 3.9935e+02    20.8007     -0.091     -0.133    27.8321 0.0000e+00
     -0.096      0.006     5.7909     72.781     40.138  42.412737     1.5724      9.165    12.0414 3.9967e+02    20.7214     -0.094     -0.138    27.8313 0.0000e+00
     -0.097      0.010     5.7489     73.024     40.038  42.309205     1.5655      9.165    12.3977 3.9482e+02    20.6964     -0.097     -0.140    27.8293 0.0000e+00
     -0.093      0.011     5.7093     73.177     40.091  42.365226     1.5877      9.165    12.6001 3.8664e+02    20.8736     -0.093     -0.135    27.8265 0.0000e+00
     -0.086      0.011     5.6974     73.108     40.125  42.391930     1.6402      9.166    12.8532 3.8660e+02    21.3275     -0.084     -0.122    27.8258 0.0000e+00
     -0.079      0.007     5.7095     72.939     40.127  42.378187     1.6852      9.167    13.1344 3.8637e+02    21.6409     -0.076     -0.110    27.8260 0.0000e+00
     -0.075      0.002     5.7347     72.859     40.271  42.516382     1.7151      9.167    13.4190 3.8113e+02    21.6907     -0.071     -0.103    27.8290 0.0000e+00
     -0.076     -0.003     5.7540     73.154     40.419  42.666480     1.7854      9.167    13.7130 5.0180e+02    21.4858     -0.072     -0.104    27.8351 0.0000e+00
     -0.084     -0.005     5.7404     73.933     40.359  42.606258     1.8948      9.167    14.1078 6.3534e+02    21.0765     -0.082     -0.118    27.8238 0.0000e+00
     -0.091     -0.005     5.7290     74.909     40.237  42.486410     1.9647      9.164    14.5791 5.1776e+02    20.8754     -0.093     -0.134    27.7960 0.0000e+00
     -0.093     -0.003     5.7144     75.958     40.232  42.486822     1.9969      9.159    14.7648 3.6156e+02    20.9326     -0.093     -0.136    27.7771 0.0000e+00
     -0.089      0.000     5.7296     77.240     40.232  42.484322     1.9933      9.157    14.7190 3.2551e+02    21.2215     -0.088     -0.128    27.7705 0.0000e+00
     -0.084      0.005     5.8074     78.747     40.153  42.392697     1.9459      9.158    14.7135 3.1001e+02    21.6704     -0.081     -0.117    27.7739 0.0000e+00
     -0.081      0.007     5.8861     80.236     40.100  42.331025     1.9067      9.161    14.7844 3.0656e+02    21.8510     -0.076     -0.110    27.7875 0.0000e+00
     -0.083      0.007     5.9569     81.431     40.081  42.309858     1.9019      9.164    14.8878 3.1325e+02    21.8335     -0.082     -0.120    27.8018 0.0000e+00
     -0.083      0.005     6.0589     82.121     40.036  42.263709     1.9128      9.169    14.7596 3.1752e+02    21.8005     -0.084     -0.121    27.7964 0.0000e+00
     -0.079      0.002     6.1885     82.269     39.991  42.217322     1.9061      9.174    14.2667 3.2666e+02    21.5546     -0.077     -0.112    27.7795 0.0000e+00
     -0.076      0.001     6.3128     82.006     39.967  42.193275     1.8788      9.179    13.7471 3.4618e+02    21.1487     -0.074     -0.108    27.7725 0.0000e+00
     -0.076      0.001     6.4142     81.506     39.937  42.163365     1.8571      9.185    13.5531 3.6320e+02    20.8893     -0.074     -0.107    27.7736 0.0000e+00
     -0.078      0.001     6.4691     80.921     39.883  42.109572     1.8602      9.190    13.6413 3.8212e+02    20.8444     -0.076     -0.110    27.7752 0.0000e+00
     -0.081      0.001     6.4752     80.327     39.823  42.050617     1.8493      9.194    13.7811 4.0272e+02    21.0154     -0.080     -0.116    27.7762 0.0000e+00
     -0.082      0.002     6.4500     79.706     39.793  42.021764     1.8002      9.197    13.8673 4.0454e+02    21.3172     -0.082     -0.119    27.7783 0.0000e+00
     -0.079      0.002     6.4056     79.007     39.786  42.014579     1.7579      9.199    14.0809 3.9369e+02    21.4197     -0.078     -0.113    27.7807 0.0000e+00
     -0.075      0.001     6.3569     78.198     39.740  41.963746     1.7377      9.199    14.4706 4.3038e+02    21.3312     -0.072     -0.106    27.7853 0.0000e+00
     -0.073     -0.002     6.3108     77.350     39.695  41.914890     1.7388      9.200    14.7935 5.0882e+02    21.2731     -0.070     -0.102    27.7916 0.0000e+00
     -0.073     -0.005     6.2631     76.655     39.712  41.931603     1.7543      9.201    14.9741 6.3951e+02    21.2287     -0.070     -0.102    27.7948 0.0000e+00
     -0.078     -0.008     6.2096     76.232     39.692  41.911956     1.7590      9.202    15.1911 8.0246e+02    21.1708     -0.075     -0.110    27.7949 0.0000e+00
     -0.083     -0.009     6.1454     76.009     39.588  41.804278     1.7456      9.200    15.6101 7.4001e+02    21.1194     -0.084     -0.121    27.7924 0.0000e+00
     -0.088     -0.008     6.0716     75.817     39.497  41.708620     1.7419      9.197    16.0835 4.8899e+02    21.0850     -0.087     -0.126    27.7883 0.0000e+00
     -0.089     -0.007     6.0128     75.528     39.496  41.707376     1.7728      9.194    16.4402 3.5105e+02    21.1310     -0.087     -0.126    27.7874 0.0000e+00
     -0.088     -0.005     5.9826     75.084     39.514  41.725766     1.8109      9.192    16.7393 3.4387e+02    21.1970     -0.087     -0.127    27.7901 0.0000e+00
     -0.087     -0.005     5.9703     74.483     39.470  41.677106     1.8366      9.190    17.0323 3.5897e+02    21.2001     -0.085     -0.125    27.7914 0.0000e+00
     -0.087     -0.006     5.9592     73.824     39.425  41.626766     1.9168      9.189    17.2307 3.4968e+02    21.1689     -0.084     -0.122    27.7918 0.0000e+00
     -0.089     -0.008     5.9369     73.246     39.484  41.688302     2.0567      9.190    17.1585 3.3373e+02    21.1268     -0.086     -0.125    27.7933 0.0000e+00
     -0.094     -0.010     5.9039     72.857     40.178  42.421129     2.1459      9.193    16.9336 3.3378e+02    21.1357     -0.092     -0.133    27.7927 0.0000e+00
     -0.098     -0.011     5.8526     73.142     41.796  44.140226     2.1720      9.196    16.9207 3.3861e+02    21.1742     -0.098     -0.140    27.7884 0.0000e+00
     -0.101     -0.010     5.7982     75.967     43.252  45.716929     2.1560      9.199    17.0031 3.3936e+02    21.1476     -0.099     -0.143    27.7838 0.0000e+00
     -0.103     -0.008     5.7481     83.135     43.759  46.314357     2.0263      9.202    16.8971 3.3577e+02    21.0870     -0.101     -0.146    27.7845 0.0000e+00
     -0.106     -0.004     5.7186     93.201     43.804  46.412441     1.8279      9.206    16.8441 3.3082e+02    21.0566     -0.105     -0.153    27.7837 0.0000e+00
     -0.106      0.001     5.6874    102.967     43.824  46.458553     1.7381      9.208    16.9648 3.2748e+02    21.0877     -0.106     -0.153    27.7824 0.0000e+00
     -0.105      0.005     5.8092    110.929     43.850  46.491041     1.7889      9.209    17.0653 3.2546e+02    21.1895     -0.103     -0.149    27.8288 0.0000e+00
     -0.104      0.007     6.4211    116.922     43.855  46.487853     2.2510      9.211    17.1992 3.2145e+02    21.3313     -0.103     -0.149    27.9211 0.0000e+00
     -0.100      0.007     7.3291    120.852     43.863  46.483468     3.0725      9.214    17.2927 3.1892e+02    21.4013     -0.100     -0.146    27.9835 0.0000e+00
     -0.095      0.004     8.1135    122.695     43.882  46.501484     3.5070      9.217    17.3364 3.2108e+02    21.3522     -0.091     -0.132    28.0053 0.0000e+00
     -0.092      0.000     8.7295    122.542     43.885  46.515231     3.5015      9.219    17.3833 3.2765e+02    21.3189     -0.088     -0.128    28.0123 0.0000e+00
     -0.094     -0.003     9.2101    120.967     43.880  46.522732     3.0635      9.222    17.3428 3.4200e+02    21.2380     -0.091     -0.132    27.9980 0.0000e+00
     -0.098     -0.005     9.5181    119.069     43.873  46.528724     2.2483      9.225    17.3631 3.6070e+02    21.0571     -0.096     -0.139    27.9726 0.0000e+00
     -0.103     -0.006     9.6645    117.510     43.858  46.524214     1.7934      9.228    17.5431 3.7365e+02    20.9421     -0.103     -0.149    27.9724 0.0000e+00
     -0.105     -0.005     9.6383    116.340     43.850  46.531705     1.7411      9.232    17.7126 3.7551e+02    20.9062     -0.104     -0.150    27.9902 0.0000e+00
     -0.104     -0.001     9.4696    115.538     43.853  46.555835     1.7406      9.233    17.8630 3.7246e+02    21.0672     -0.102     -0.148    28.0046 0.0000e+00
