Data/DataNotYetUploadedToEDI/Raw_CTD/RawDownloads/070824_fcr40_S7809010.cnv
* Sea-Bird SBE19plus  Data File:
* FileName = C:\R\Reservoirs\Data\DataNotYetUploadedToEDI\Raw_CTD\RawDownloads\070824_fcr50_S7809_0010.hex
* Software version 2.8.0.119
* Temperature SN = 7809
* Conductivity SN = 7809
* System UpLoad Time = Jul 10 2024 15:59:36
* <ApplicationData>
* <Seaterm232>
# nquan = 15
# nvalues = 1486                        
# units = specified
# name 0 = depFM: Depth [fresh water, m]
# name 1 = dz/dtM: Descent Rate [m/s]
# name 2 = sbeox0Mg/L: Oxygen, SBE 43 [mg/l]
# name 3 = sbeox0PS: Oxygen, SBE 43 [% saturation]
# name 4 = specc: Specific Conductance [uS/cm]
# name 5 = c0uS/cm: Conductivity [uS/cm]
# name 6 = flECO-AFL: Fluorescence, WET Labs ECO-AFL/FL [mg/m^3]
# name 7 = ph: pH
# name 8 = orp: Oxidation Reduction Potential [mV]
# name 9 = par/sat/log: PAR/Logarithmic, Satlantic
# name 10 = turbWETntu0: Turbidity, WET Labs ECO [NTU]
# name 11 = prdM: Pressure, Strain Gauge [db]
# name 12 = prdE: Pressure, Strain Gauge [psi]
# name 13 = tv290C: Temperature [ITS-90, deg C]
# name 14 = flag:  0.000e+00
# span 0 =     -0.625,      5.995       
# span 1 =     -0.344,      0.161       
# span 2 =     0.0820,     9.4972       
# span 3 =      0.939,    120.064       
# span 4 =   -835.207,     60.025       
# span 5 =-804.978837,  51.750036       
# span 6 =    -0.1185,     3.8342       
# span 7 =      8.032,      9.334       
# span 8 =   -63.0663,   144.3417       
# span 9 = 1.2354e-01, 2.5237e+03       
# span 10 =    -0.3116,   408.8300      
# span 11 =     -0.614,      5.879      
# span 12 =     -0.889,      8.527      
# span 13 =    11.7992,    29.0430      
# span 14 = 0.0000e+00, 0.0000e+00      
# interval = seconds: 0.25
# start_time = Jul 08 2024 13:18:12 [Instrument's time stamp, header]
# bad_flag = -9.990e-29
*END*
[from data line 772]
      5.056      0.037     8.2490     76.336     52.495  38.700296     0.5471      8.636    10.1009 1.0356e+00    28.0878      4.959      7.193    11.8609 0.0000e+00
      5.063      0.034     8.2468     76.369     52.501  38.704381     0.5603      8.636    10.9116 1.0193e+00    28.1506      4.964      7.201    11.8602 0.0000e+00
      5.069      0.033     8.2495     76.415     52.494  38.698497     0.5528      8.636    11.8240 9.9008e-01    28.1352      4.970      7.209    11.8598 0.0000e+00
      5.076      0.033     8.2510     76.459     52.486  38.692618     0.5238      8.634    12.6142 9.6319e-01    28.0388      4.978      7.219    11.8592 0.0000e+00
      5.085      0.034     8.2507     76.498     52.491  38.696762     0.5171      8.631    13.2391 9.4667e-01    27.9762      4.986      7.231    11.8583 0.0000e+00
      5.094      0.034     8.2555     76.538     52.476  38.685128     0.5299      8.629    13.8727 9.2728e-01    27.9937      4.994      7.243    11.8577 0.0000e+00
      5.105      0.033     8.2611     76.562     52.468  38.678877     0.5373      8.628    14.6832 8.9187e-01    28.0109      5.006      7.259    11.8571 0.0000e+00
      5.116      0.032     8.2660     76.545     52.477  38.684652     0.5403      8.628    15.5529 8.5607e-01    28.0127      5.018      7.279    11.8571 0.0000e+00
      5.123      0.029     8.2694     76.504     52.488  38.691484     0.5327      8.628    16.3005 8.4022e-01    27.9813      5.025      7.289    11.8575 0.0000e+00
      5.128      0.026     8.2744     76.464     52.498  38.698020     0.5200      8.626    17.0116 8.3787e-01    27.9393      5.027      7.291    11.8570 0.0000e+00
      5.133      0.022     8.2795     76.419     52.503  38.700212     0.5203      8.625    17.6980 8.3526e-01    27.9492      5.033      7.300    11.8564 0.0000e+00
      5.140      0.019     8.2761     76.371     52.528  38.717993     0.5350      8.625    18.3192 8.2499e-01    28.0319      5.042      7.313    11.8558 0.0000e+00
      5.145      0.018     8.2700     76.316     52.536  38.722613     0.5403      8.624    18.9298 8.1165e-01    28.0850      5.047      7.320    11.8549 0.0000e+00
      5.147      0.019     8.2675     76.249     52.496  38.692613     0.5268      8.623    19.5733 8.0370e-01    28.0451      5.048      7.321    11.8541 0.0000e+00
      5.150      0.020     8.2620     76.199     52.470  38.672574     0.5218      8.623    20.2489 7.9548e-01    28.0280      5.050      7.325    11.8526 0.0000e+00
      5.155      0.023     8.2572     76.165     52.470  38.670701     0.5288      8.622    20.9042 7.8652e-01    28.0489      5.053      7.331    11.8513 0.0000e+00
      5.160      0.027     8.2530     76.145     52.471  38.669964     0.5279      8.621    21.4742 7.7456e-01    28.0237      5.059      7.338    11.8504 0.0000e+00
      5.169      0.031     8.2427     76.145     52.464  38.663665     0.5195      8.620    22.0643 7.4971e-01    27.9963      5.068      7.352    11.8500 0.0000e+00
      5.179      0.034     8.2385     76.156     52.458  38.658000     0.5107      8.620    22.7048 7.2167e-01    28.0598      5.078      7.366    11.8491 0.0000e+00
      5.189      0.035     8.2358     76.170     52.468  38.664928     0.5131      8.619    23.3676 7.0365e-01    28.1764      5.089      7.381    11.8474 0.0000e+00
      5.199      0.035     8.2324     76.189     52.494  38.683976     0.5314      8.618    24.0555 6.9439e-01    28.2791      5.100      7.397    11.8458 0.0000e+00
      5.207      0.035     8.2338     76.204     52.514  38.697916     0.5412      8.618    24.6546 6.8355e-01    28.3110      5.107      7.407    11.8447 0.0000e+00
      5.214      0.036     8.2356     76.224     52.527  38.706560     0.5314      8.617    25.1905 6.7606e-01    28.2892      5.113      7.415    11.8441 0.0000e+00
      5.223      0.037     8.2363     76.257     52.553  38.725018     0.5208      8.617    25.7170 6.6207e-01    28.3577      5.122      7.429    11.8435 0.0000e+00
      5.233      0.039     8.2394     76.247     52.562  38.730707     0.5299      8.617    26.2027 6.2960e-01    28.4898      5.132      7.444    11.8428 0.0000e+00
      5.244      0.042     8.2413     76.194     52.537  38.711888     0.5499      8.618    26.7615 6.0068e-01    28.5543      5.142      7.458    11.8424 0.0000e+00
      5.255      0.044     8.2406     76.163     52.505  38.687857     0.5459      8.618    27.4829 5.8198e-01    28.5215      5.154      7.474    11.8419 0.0000e+00
      5.267      0.045     8.2498     76.159     52.515  38.693994     0.5235      8.618    28.1274 5.6872e-01    28.4358      5.165      7.491    11.8411 0.0000e+00
      5.279      0.045     8.2485     76.169     52.555  38.722627     0.5125      8.618    28.6172 5.5365e-01    28.4064      5.176      7.507    11.8404 0.0000e+00
      5.291      0.044     8.2380     76.183     52.548  38.716753     0.5200      8.617    29.1891 5.3565e-01    28.4731      5.189      7.527    11.8397 0.0000e+00
      5.303      0.042     8.2364     76.190     52.508  38.686433     0.5233      8.616    29.8801 5.1990e-01    28.4897      5.200      7.543    11.8390 0.0000e+00
      5.314      0.039     8.2358     76.186     52.492  38.673323     0.5111      8.614    30.5186 5.0302e-01    28.4377      5.210      7.557    11.8384 0.0000e+00
      5.324      0.034     8.2379     76.182     52.509  38.685173     0.5131      8.612    31.0594 4.9266e-01    28.4587      5.223      7.575    11.8376 0.0000e+00
      5.333      0.029     8.2400     76.180     52.533  38.702783     0.5227      8.611    31.6861 4.9618e-01    28.4711      5.231      7.587    11.8368 0.0000e+00
      5.339      0.027     8.2411     76.165     52.524  38.695859     0.5284      8.609    32.5901 4.8802e-01    28.4157      5.237      7.595    11.8360 0.0000e+00
      5.343      0.030     8.2402     76.143     52.483  38.664919     0.5401      8.606    33.7292 4.7175e-01    28.3359      5.240      7.600    11.8348 0.0000e+00
      5.346      0.040     8.2395     76.118     52.458  38.645984     0.5396      8.601    34.9619 4.7834e-01    28.2243      5.243      7.604    11.8339 0.0000e+00
      5.351      0.051     8.2409     76.106     52.474  38.657304     0.5218      8.595    36.0521 4.7589e-01    28.1593      5.246      7.608    11.8336 0.0000e+00
      5.362      0.061     8.2380     76.114     52.497  38.674865     0.5082      8.589    36.9298 4.3677e-01    28.1640      5.250      7.615    11.8334 0.0000e+00
      5.389      0.071     8.2364     76.109     52.486  38.667927     0.5171      8.584    37.7443 3.8579e-01    28.1446      5.281      7.660    11.8329 0.0000e+00
      5.422      0.081     8.2332     76.084     52.443  38.636882     0.5373      8.578    38.5012 3.5649e-01    28.0617      5.326      7.726    11.8326 0.0000e+00
      5.440      0.086     8.2302     76.057     52.416  38.616815     0.5362      8.573    39.2839 3.4875e-01    27.9808      5.338      7.744    11.8320 0.0000e+00
      5.451      0.081     8.2341     76.026     52.415  38.615672     0.5112      8.570    39.9810 3.1810e-01    27.9523      5.336      7.739    11.8320 0.0000e+00
      5.476      0.071     8.2332     75.987     52.424  38.623068     0.4847      8.567    40.5626 2.6941e-01    27.9572      5.368      7.785    11.8342 0.0000e+00
      5.506      0.060     8.2287     75.942     52.448  38.642783     0.4737      8.565    41.2398 2.5290e-01    28.0054      5.411      7.848    11.8354 0.0000e+00
      5.519      0.051     8.2269     75.905     52.473  38.663655     0.4785      8.564    41.8014 2.5654e-01    28.0568      5.416      7.856    11.8338 0.0000e+00
      5.523      0.041     8.2237     75.898     52.494  38.685047     0.4763      8.563    42.1046 2.5245e-01    28.0320      5.412      7.851    11.8326 0.0000e+00
      5.531      0.028     8.2191     75.899     52.519  38.711054     0.4808      8.561    42.4120 2.4607e-01    27.9450      5.426      7.870    11.8343 0.0000e+00
      5.537      0.019     8.2140     75.894     52.527  38.724276     0.5161      8.560    42.7646 2.4073e-01    27.8580      5.432      7.878    11.8363 0.0000e+00
      5.539      0.016     8.2071     75.910     52.508  38.717997     0.5450      8.560    43.1838 2.3335e-01    27.8348      5.431      7.877    11.8378 0.0000e+00
      5.542      0.015     8.2076     75.951     52.473  38.698599     0.5479      8.560    43.6943 2.3075e-01    27.8350      5.435      7.883    11.8433 0.0000e+00
      5.544      0.015     8.2074     76.006     52.443  38.680127     0.5344      8.560    44.1188 2.3445e-01    27.7920      5.437      7.886    11.8514 0.0000e+00
      5.548      0.017     8.2024     76.050     52.449  38.685048     0.5231      8.560    44.5312 2.3139e-01    27.8277      5.440      7.889    11.8591 0.0000e+00
      5.553      0.020     8.2041     76.067     52.469  38.694643     0.5359      8.559    44.9815 2.1599e-01    27.9934      5.445      7.898    11.8662 0.0000e+00
      5.559      0.022     8.2070     76.057     52.445  38.669198     0.5477      8.559    45.4334 1.9952e-01    28.0876      5.451      7.906    11.8725 0.0000e+00
      5.565      0.024     8.2136     76.032     52.405  38.631232     0.5407      8.560    45.9507 1.9284e-01    28.1123      5.458      7.916    11.8768 0.0000e+00
      5.572      0.026     8.2187     75.994     52.394  38.616350     0.5261      8.560    46.5042 1.8498e-01    28.1210      5.465      7.926    11.8776 0.0000e+00
      5.579      0.028     8.2217     75.944     52.402  38.616174     0.5130      8.559    47.0487 1.8222e-01    28.0569      5.470      7.935    11.8729 0.0000e+00
      5.585      0.030     8.2214     75.901     52.427  38.629106     0.5160      8.558    47.5450 1.8857e-01    28.0199      5.477      7.943    11.8635 0.0000e+00
      5.593      0.031     8.2202     75.869     52.457  38.645783     0.5277      8.558    47.9438 1.9038e-01    28.0496      5.485      7.955    11.8546 0.0000e+00
      5.602      0.032     8.2183     75.854     52.435  38.627425     0.5382      8.558    48.3431 1.8330e-01    28.0061      5.493      7.969    11.8483 0.0000e+00
      5.611      0.032     8.2113     75.852     52.395  38.597521     0.5362      8.557    48.7598 1.6681e-01    27.8358      5.503      7.982    11.8439 0.0000e+00
      5.620      0.031     8.2091     75.850     52.400  38.601518     0.5201      8.556    49.1106 1.6197e-01    27.7668      5.511      7.995    11.8380 0.0000e+00
      5.627      0.030     8.2055     75.846     52.415  38.612284     0.5264      8.555    49.4861 1.6102e-01    27.8208      5.519      8.005    11.8322 0.0000e+00
      5.634      0.029     8.2048     75.833     52.400  38.600780     0.5368      8.555    49.9453 1.4934e-01    27.8051      5.526      8.014    11.8296 0.0000e+00
      5.641      0.028     8.2055     75.833     52.383  38.589340     0.5293      8.555    50.4459 1.5122e-01    27.7485      5.532      8.024    11.8300 0.0000e+00
      5.648      0.027     8.2044     75.866     52.398  38.600887     0.5271      8.554    50.8928 1.6156e-01    27.7168      5.539      8.034    11.8304 0.0000e+00
      5.655      0.026     8.2055     75.885     52.413  38.613474     0.5187      8.553    51.3054 1.5770e-01    27.7290      5.546      8.044    11.8299 0.0000e+00
      5.662      0.024     8.2030     75.883     52.413  38.614609     0.5108      8.553    51.8209 1.4710e-01    27.7251      5.553      8.054    11.8298 0.0000e+00
      5.669      0.022     8.2001     75.894     52.413  38.614609     0.5146      8.553    52.3072 1.4005e-01    27.6018      5.560      8.064    11.8298 0.0000e+00
      5.675      0.021     8.2080     75.910     52.412  38.613474     0.5229      8.552    52.6251 1.3207e-01    27.4682      5.566      8.072    11.8312 0.0000e+00
      5.679      0.020     8.2096     75.927     52.395  38.600888     0.5361      8.551    52.9114 1.2888e-01    27.4753      5.569      8.077    11.8336 0.0000e+00
      5.683      0.020     8.2057     75.942     52.379  38.589350     0.5421      8.550    53.2741 1.2977e-01    27.6195      5.571      8.080    11.8349 0.0000e+00
      5.688      0.019     8.2095     75.938     52.393  38.600893     0.5446      8.550    53.7408 1.2666e-01    27.7770      5.577      8.089    11.8345 0.0000e+00
      5.694      0.018     8.2101     75.924     52.406  38.613532     0.5341      8.549    54.2528 1.2519e-01    27.7744      5.584      8.099    11.8336 0.0000e+00
      5.699      0.017     8.2127     75.929     52.404  38.615248     0.5141      8.548    54.7319 1.2600e-01    27.6903      5.590      8.107    11.8337 0.0000e+00
      5.704      0.016     8.2149     75.936     52.406  38.621645     0.5111      8.547    55.1456 1.2504e-01    27.6831      5.594      8.115    11.8334 0.0000e+00
      5.707      0.015     8.2147     75.923     52.405  38.627423     0.5226      8.547    55.4687 1.2475e-01    27.7209      5.597      8.117    11.8344 0.0000e+00
      5.710      0.013     8.2099     75.925     52.390  38.621659     0.5366      8.547    55.8853 1.2545e-01    27.7724      5.599      8.121    11.8376 0.0000e+00
      5.713      0.013     8.2109     75.934     52.376  38.615418     0.5391      8.547    56.3973 1.2463e-01    27.7930      5.602      8.125    11.8403 0.0000e+00
      5.716      0.014     8.2141     75.931     52.374  38.615428     0.5277      8.546    56.7548 1.2373e-01    27.7307      5.605      8.129    11.8450 0.0000e+00
      5.719      0.015     8.2065     75.932     52.384  38.621773     0.5153      8.545    57.1112 1.2370e-01    27.6679      5.609      8.135    11.8521 0.0000e+00
      5.723      0.017     8.2077     75.928     52.392  38.628683     0.5140      8.544    57.6086 1.2376e-01    27.7167      5.612      8.140    11.8572 0.0000e+00
      5.727      0.018     8.2095     75.907     52.395  38.635506     0.5207      8.544    58.0360 1.2376e-01    27.8089      5.616      8.145    11.8612 0.0000e+00
      5.733      0.019     8.2062     75.890     52.395  38.640812     0.5215      8.543    58.4071 1.2370e-01    27.7918      5.621      8.153    11.8634 0.0000e+00
      5.738      0.020     8.2086     75.892     52.377  38.629387     0.5148      8.542    58.9125 1.2370e-01    27.6471      5.628      8.162    11.8599 0.0000e+00
      5.743      0.022     8.2089     75.904     52.372  38.624289     0.5152      8.542    59.5002 1.2375e-01    27.4941      5.633      8.169    11.8595 0.0000e+00
      5.748      0.022     8.2041     75.921     52.399  38.642641     0.5184      8.541    59.9202 1.2375e-01    27.4780      5.636      8.175    11.8670 0.0000e+00
      5.754      0.021     8.2001     75.948     52.422  38.660893     0.5201      8.539    60.2056 1.2372e-01    27.5546      5.643      8.185    11.8728 0.0000e+00
      5.760      0.021     8.2008     75.968     52.409  38.654588     0.5272      8.539    60.6271 1.2372e-01    27.6697      5.649      8.194    11.8740 0.0000e+00
      5.766      0.025     8.2032     75.978     52.369  38.629880     0.5297      8.539    61.2309 1.2370e-01    27.8449      5.655      8.201    11.8721 0.0000e+00
      5.771      0.036     8.2039     75.986     52.346  38.615992     0.5332      8.537    61.9147 1.2370e-01    27.9991      5.660      8.210    11.8700 0.0000e+00
      5.775      0.051     8.2087     75.958     52.348  38.613596     0.5444      8.532    62.6996 1.2374e-01    28.0999      5.662      8.213    11.8708 0.0000e+00
      5.783      0.065     8.2102     75.899     52.350  38.600896     0.5652      8.528    63.5795 1.2374e-01    28.3454      5.667      8.219    11.8747 0.0000e+00
      5.802      0.074     8.2082     75.853     52.359  38.589350     0.5842      8.525    64.2942 1.2373e-01    28.7474      5.683      8.243    11.8799 0.0000e+00
