Data/DataNotYetUploadedToEDI/Raw_CTD/RawDownloads/070824_fcr50_S8188002.cnv
* Sea-Bird SBE19plus  Data File:
* FileName = C:\R\Reservoirs\Data\DataNotYetUploadedToEDI\Raw_CTD\RawDownloads\070824_bvr50_S8188_0002.hex
* Software version 2.8.0.119
* Temperature SN = 8188
* Conductivity SN = 8188
* System UpLoad Time = Jul 11 2024 15:28:32
* <ApplicationData>
* <Seaterm232>
# nquan = 16
# nvalues = 2285                        
# units = specified
# name 0 = depFM: Depth [fresh water, m]
# name 1 = dz/dtM: Descent Rate [m/s]
# name 2 = sbeox0Mg/L: Oxygen, SBE 43 [mg/l]
# name 3 = sbeox0PS: Oxygen, SBE 43 [% saturation]
# name 4 = specc: Specific Conductance [uS/cm]
# name 5 = c0uS/cm: Conductivity [uS/cm]
# name 6 = wetCDOM: Fluorescence, WET Labs CDOM [mg/m^3]
# name 7 = flECO-AFL: Fluorescence, WET Labs ECO-AFL/FL [mg/m^3]
# name 8 = flECO-AFL1: Fluorescence, WET Labs ECO-AFL/FL, 2 [mg/m^3]
# name 9 = flECO-AFL2: Fluorescence, WET Labs ECO-AFL/FL, 3 [mg/m^3]
# name 10 = par/sat/log: PAR/Logarithmic, Satlantic
# name 11 = turbWETntu0: Turbidity, WET Labs ECO [NTU]
# name 12 = prdM: Pressure, Strain Gauge [db]
# name 13 = prdE: Pressure, Strain Gauge [psi]
# name 14 = tv290C: Temperature [ITS-90, deg C]
# name 15 = flag:  0.000e+00
# span 0 =     -0.619,      9.427       
# span 1 =     -0.346,      0.097       
# span 2 =    -3.0554,    10.7651       
# span 3 =    -28.256,    129.079       
# span 4 =      0.320,    141.835       
# span 5 =   0.339286, 104.429290       
# span 6 =    -4.5000,    93.0600       
# span 7 =    -2.2606,   245.1339       
# span 8 =    -2.1300,     2.2578       
# span 9 =    -5.8374,     8.2908       
# span 10 = 1.1580e-01, 1.9826e+03      
# span 11 =   -11.7300,   971.0038      
# span 12 =     -0.608,      9.245      
# span 13 =     -0.881,     13.409      
# span 14 =    11.8103,    28.7100      
# span 15 = 0.0000e+00, 0.0000e+00      
# interval = seconds: 0.25
# start_time = Jul 08 2024 11:49:32 [Instrument's time stamp, header]
# bad_flag = -9.990e-29
*END*
[from data line 1899]
      4.058     -0.204     8.4915     76.782     51.711  38.231984    36.9000     0.1351     0.4686     0.1269 5.5667e+00    26.5648      3.980      5.772    11.9169 0.0000e+00
      4.005     -0.220     8.4535     76.018     51.679  38.227701    36.9000     0.1427     0.4686     0.1269 5.9262e+00    26.6706      3.927      5.696    11.9240 0.0000e+00
      3.944     -0.234     8.4065     75.030     51.667  38.240443    36.9000     0.1427     0.4686     0.1269 6.3295e+00    26.6101      3.868      5.610    11.9336 0.0000e+00
      3.878     -0.244     8.3497     73.763     51.696  38.287557    36.5400     0.1236     0.5112     0.1692 6.8639e+00    26.5648      3.803      5.516    11.9471 0.0000e+00
      3.810     -0.247     8.2807     72.225     51.731  38.343752    36.5400     0.1885     0.5112     0.1692 7.3902e+00    21.0208      3.736      5.419    11.9641 0.0000e+00
      3.743     -0.243     8.1950     70.451     51.730  38.380181    36.5400     0.1923     0.5112     0.1692 7.8062e+00    21.0510      3.670      5.324    11.9831 0.0000e+00
      3.680     -0.235     8.0847     68.451     51.697  38.396597    36.5400     0.1999     0.5112     0.1692 8.0982e+00    21.0661      3.609      5.234    12.0041 0.0000e+00
      3.622     -0.225     7.9441     66.201     51.640  38.393395    36.5400     0.2075     0.5112     0.1692 8.1991e+00    20.9754      3.552      5.152    12.0284 0.0000e+00
      3.569     -0.215     7.7735     63.651     51.592  38.391639    36.4500     0.2876     0.2982     0.2538 8.2420e+00    14.6760      3.500      5.076    12.0580 0.0000e+00
      3.518     -0.209     7.5766     60.807     51.594  38.420750    36.4500     0.2571     0.2982     0.2538 8.4304e+00    14.6458      3.450      5.004    12.0935 0.0000e+00
      3.468     -0.207     7.3550     57.806     51.640  38.482512    36.4500     0.2800     0.2982     0.2538 8.6681e+00    14.5854      3.401      4.932    12.1330 0.0000e+00
      3.416     -0.210     7.1073     54.884     51.707  38.563509    36.4500     0.2800     0.2982     0.2538 8.8894e+00    14.5552      3.350      4.859    12.1712 0.0000e+00
      3.363     -0.218     6.8285     52.282     51.784  38.661434    36.5400     0.3334     0.1704     0.2115 9.1759e+00    10.8541      3.298      4.784    12.2039 0.0000e+00
      3.308     -0.230     6.5195     50.160     51.862  38.772512    36.5400     0.3296     0.1704     0.2115 9.4491e+00    10.8390      3.244      4.705    12.2312 0.0000e+00
      3.250     -0.245     6.1943     48.550     51.896  38.866593    36.5400     0.3296     0.1704     0.2115 9.5233e+00    10.7484      3.187      4.622    12.2572 0.0000e+00
      3.187     -0.261     5.8774     47.359     51.869  38.934895    36.5400     0.3182     0.1704     0.2115 9.8903e+00    10.7786      3.125      4.532    12.2877 0.0000e+00
      3.117     -0.277     5.5942     46.397     51.775  38.975711    36.1800     0.3029     0.2130     0.1692 1.0621e+01     6.7301      3.057      4.434    12.3271 0.0000e+00
      3.042     -0.292     5.3613     45.403     51.595  38.980002    36.1800     0.3220     0.2130     0.1692 1.1478e+01     6.7452      2.983      4.327    12.3786 0.0000e+00
      2.963     -0.305     5.1819     44.089     51.334  38.956886    36.1800     0.3372     0.2130     0.1692 1.2254e+01     6.6999      2.906      4.215    12.4453 0.0000e+00
      2.883     -0.316     5.0458     42.205     51.005  38.920131    36.1800     0.3411     0.2130     0.1692 1.2536e+01     6.7905      2.827      4.100    12.5317 0.0000e+00
      2.802     -0.324     4.9324     39.603     50.623  38.879865    36.1800     0.2800     0.2130     0.1692 1.3122e+01     3.2103      2.747      3.985    12.6415 0.0000e+00
      2.718     -0.330     4.8138     36.243     50.216  38.847277    35.6400     0.2686     0.1704     0.2538 1.4112e+01     3.2103      2.665      3.866    12.7794 0.0000e+00
      2.633     -0.335     4.6594     32.169     49.818  38.835607    35.6400     0.2724     0.1704     0.2538 1.5434e+01     3.1196      2.582      3.744    12.9515 0.0000e+00
      2.546     -0.339     4.4431     27.487     49.431  38.839761    35.6400     0.2686     0.1704     0.2538 1.6625e+01     3.2103      2.496      3.621    13.1627 0.0000e+00
      2.458     -0.342     4.1506     22.388     49.032  38.846908    35.6400     0.3372     0.1704     0.2538 1.7488e+01     2.1377      2.410      3.496    13.4128 0.0000e+00
      2.370     -0.344     3.7800     17.134     48.634  38.864945    35.2800     0.3334     0.1278     0.1692 1.9006e+01     2.1075      2.324      3.371    13.6935 0.0000e+00
      2.282     -0.345     3.3387     11.985     48.278  38.916624    35.2800     0.3525     0.1278     0.1692 2.0669e+01     1.9866      2.238      3.246    13.9918 0.0000e+00
      2.194     -0.346     2.8395      7.168     47.969  39.005776    35.2800     0.3296     0.1278     0.1692 2.2414e+01     2.0471      2.151      3.120    14.3025 0.0000e+00
      2.106     -0.346     2.3029      2.904     47.691  39.130286    35.2800     0.4898     0.1278     0.1692 2.3831e+01     0.8990      2.065      2.995    14.6301 0.0000e+00
      2.018     -0.346     1.7564     -0.631     47.419  39.277540    35.5500     0.5165     0.1278     0.2961 2.5419e+01     0.8537      1.978      2.869    14.9726 0.0000e+00
      1.929     -0.345     1.2269     -3.391     47.123  39.411107    35.5500     0.5280     0.1278     0.2961 2.7860e+01     0.8839      1.892      2.744    15.3205 0.0000e+00
      1.840     -0.343     0.7373     -5.457     46.823  39.528764    35.5500     0.5013     0.1278     0.2961 3.1268e+01     0.8688      1.805      2.617    15.6724 0.0000e+00
      1.752     -0.341     0.3086     -6.948     46.553  39.645963    35.5500     0.9781     0.1278     0.2961 3.5085e+01     0.7479      1.718      2.492    16.0394 0.0000e+00
      1.666     -0.341    -0.0427     -7.951     46.314  39.762088    35.1900     0.9781     0.0852     0.4653 3.7554e+01     0.8386      1.634      2.370    16.4294 0.0000e+00
      1.581     -0.341    -0.3134     -8.507     46.119  39.890186    35.1900     0.9819     0.0852     0.4653 3.8942e+01     0.8990      1.551      2.249    16.8311 0.0000e+00
      1.496     -0.342    -0.5130     -8.636     45.988  40.052472    35.1900     0.9629     0.0852     0.4653 4.4374e+01     0.8083      1.467      2.128    17.2229 0.0000e+00
      1.409     -0.342    -0.6547     -8.357     45.901  40.240426    35.1900     0.8599     0.0852     0.4653 5.4147e+01     1.0954      1.382      2.004    17.5919 0.0000e+00
      1.320     -0.343    -0.7481     -7.695     45.824  40.438423    35.1900     0.8675     0.0852     0.4653 6.9610e+01     1.0803      1.294      1.877    17.9352 0.0000e+00
      1.230     -0.342    -0.7982     -6.693     45.771  40.667391    34.3800     0.8637     0.0426     0.4653 8.8329e+01     1.0954      1.207      1.750    18.2532 0.0000e+00
      1.142     -0.339    -0.8077     -5.412     45.720  40.912679    34.3800     0.8446     0.0426     0.4653 9.9283e+01     1.1407      1.121      1.625    18.5500 0.0000e+00
      1.056     -0.334    -0.7791     -3.918     45.598  41.112181    34.3800     0.6920     0.0426     0.4653 1.1539e+02     1.9564      1.036      1.503    18.8359 0.0000e+00
      0.972     -0.327    -0.7151     -2.263     45.373  41.233427    34.3800     0.7073     0.0426     0.4653 1.3904e+02     2.0924      0.953      1.383    19.1251 0.0000e+00
      0.889     -0.319    -0.6202     -0.472     45.089  41.300794    33.8400     0.6767     0.1278     0.7191 1.6743e+02     1.9715      0.872      1.264    19.4268 0.0000e+00
      0.808     -0.311    -0.5006      1.458     44.805  41.350196    33.8400     0.6767     0.1278     0.7191 1.8669e+02     2.0320      0.792      1.149    19.7462 0.0000e+00
      0.730     -0.301    -0.3628      3.536     44.521  41.376887    33.8400     1.0010     0.1278     0.7191 1.9647e+02     5.7935      0.716      1.038    20.0875 0.0000e+00
      0.654     -0.289    -0.2119      5.772     44.237  41.382017    33.8400     1.0163     0.1278     0.7191 2.1609e+02     5.8237      0.642      0.931    20.4469 0.0000e+00
      0.581     -0.274    -0.0507      8.201     43.970  41.382907    37.0800     0.9781     0.2130     1.9458 2.3551e+02     5.7028      0.570      0.826    20.8083 0.0000e+00
      0.510     -0.256     0.1208     10.882     43.724  41.387775    37.0800     0.9896     0.2130     1.9458 2.4661e+02     5.7935      0.501      0.726    21.1545 0.0000e+00
      0.444     -0.234     0.3033     13.857     43.489  41.393941    37.0800     1.6037     0.2130     1.9458 2.5852e+02    13.9207      0.436      0.632    21.4784 0.0000e+00
      0.385     -0.209     0.4976     17.140     43.258  41.395090    37.0800     1.6190     0.2130     1.9458 2.7755e+02    13.9812      0.378      0.548    21.7814 0.0000e+00
      0.335     -0.182     0.7067     20.741     43.047  41.403492    43.3800     1.6228     0.2982     4.2300 2.8951e+02    13.9207      0.328      0.476    22.0657 0.0000e+00
      0.293     -0.155     0.9357     24.664     42.875  41.425384    43.3800     1.6190     0.2982     4.2300 2.8812e+02    13.9358      0.288      0.417    22.3355 0.0000e+00
      0.260     -0.130     1.1879     28.832     42.731  41.438717    43.3800     1.7563     0.2982     4.2300 2.8607e+02    16.5341      0.255      0.370    22.5963 0.0000e+00
      0.233     -0.110     1.4645     32.970     42.597  41.423141    43.3800     1.8021     0.2982     4.2300 2.8322e+02    16.5341      0.229      0.331    22.8505 0.0000e+00
      0.210     -0.095     1.7664     36.599     42.463  41.382477    43.3800     1.7792     0.2982     4.2300 2.8869e+02    16.4888      0.206      0.299    23.0933 0.0000e+00
      0.190     -0.086     2.0944     39.271     42.327  41.329794    46.8900     1.7716     0.2982     5.4990 2.8132e+02    16.5039      0.187      0.271    23.3109 0.0000e+00
      0.171     -0.081     2.4428     40.859     42.201  41.280934    46.8900     1.7716     0.2982     5.4990 2.8248e+02    14.1624      0.168      0.244    23.4875 0.0000e+00
      0.152     -0.079     2.7889     41.585     42.098  41.250768    46.8900     1.5961     0.2982     5.4990 2.9051e+02    14.1322      0.149      0.216    23.6205 0.0000e+00
      0.132     -0.078     3.0918     41.810     42.018  41.241218    46.8900     1.6037     0.2982     5.4990 3.0854e+02    14.1322      0.129      0.187    23.7251 0.0000e+00
      0.110     -0.077     3.3133     41.881     41.952  41.243763    46.1700     1.6114     0.3834     5.5836 3.2435e+02    14.1926      0.108      0.157    23.8186 0.0000e+00
      0.089     -0.075     3.4428     42.115     41.886  41.243142    46.1700     1.5656     0.3834     5.5836 3.7412e+02    14.2229      0.088      0.127    23.9065 0.0000e+00
      0.070     -0.073     3.4993     42.754     41.803  41.221260    46.1700     1.7182     0.3834     5.5836 3.7145e+02    13.9358      0.068      0.099    23.9900 0.0000e+00
      0.052     -0.069     3.5133     43.875     41.703  41.182247    46.1700     1.7220     0.3834     5.5836 3.7969e+02    13.8603      0.051      0.074    24.0715 0.0000e+00
      0.035     -0.067     3.5142     45.376     41.615  41.163523    48.2400     1.7220     0.4260     5.6259 3.7283e+02    13.8301      0.035      0.050    24.1517 0.0000e+00
      0.020     -0.066     3.5287     47.101     41.540  41.174044    48.2400     1.7144     0.4260     5.6259 3.7706e+02    13.8603      0.019      0.028    24.2285 0.0000e+00
      0.005     -0.068     3.5773     49.013     41.452  41.180754    48.2400     1.6762     0.4260     5.6259 3.6001e+02    13.3769      0.004      0.006    24.3004 0.0000e+00
     -0.011     -0.074     3.6660     51.227     41.351  41.169507    48.2400     1.6800     0.4260     5.6259 3.3612e+02    13.5280     -0.011     -0.016    24.3715 0.0000e+00
     -0.029     -0.084     3.7854     53.776     41.251  41.145282    48.2400     1.6495     0.4260     5.6259 3.2336e+02    13.4222     -0.029     -0.042    24.4533 0.0000e+00
     -0.050     -0.097     3.9217     56.411     41.164  41.117561    48.8700     1.6648     0.3834     5.8374 3.8560e+02    13.3769     -0.049     -0.072    24.5546 0.0000e+00
     -0.075     -0.114     4.0722     58.752     41.104  41.098882    48.8700     1.4626     0.3834     5.8374 3.6952e+02    12.2439     -0.074     -0.107    24.6681 0.0000e+00
     -0.105     -0.133     4.2477     60.537     41.063  41.084266    48.8700     1.4931     0.3834     5.8374 3.5565e+02    12.2137     -0.103     -0.150    24.7766 0.0000e+00
     -0.141     -0.153     4.4518     61.638     41.034  41.069815    48.8700     1.4321     0.3834     5.8374 3.6056e+02    12.2137     -0.138     -0.201    24.8679 0.0000e+00
     -0.184     -0.170     4.6642     61.982     41.022  41.063632    48.8700     1.4435     0.4686     5.5836 3.4515e+02    12.1533     -0.180     -0.262    24.9385 0.0000e+00
     -0.233     -0.181     4.8538     61.535     41.030  41.072037    48.8700     1.5465     0.4686     5.5836 3.4380e+02    16.5039     -0.228     -0.332    24.9890 0.0000e+00
     -0.286     -0.186     4.9987     60.374     41.064  41.097272    48.8700     1.5236     0.4686     5.5836 1.0846e+03    16.5946     -0.280     -0.407    25.0211 0.0000e+00
     -0.339     -0.183     5.0883     58.740     41.107  41.118172    48.8700     1.5503     0.4686     5.5836 5.6413e+02    16.5492     -0.332     -0.482    25.0381 0.0000e+00
     -0.388     -0.172     5.1162     56.979     41.121  41.094478    93.0600     1.5274     0.2982     4.5261 9.0400e+02    16.4737     -0.381     -0.552    25.0448 0.0000e+00
     -0.432     -0.155     5.0794     55.428     41.066  40.991974    93.0600     1.2871     0.2982     4.5261 9.0459e+02    18.8907     -0.424     -0.615    25.0444 0.0000e+00
     -0.470     -0.134     4.9845     54.341     40.886  40.761403    93.0600     1.2757     0.2982     4.5261 8.7729e+02    18.9210     -0.461     -0.669    25.0337 0.0000e+00
     -0.501     -0.112     4.8520     53.918     40.427  40.257583    93.0600     1.2986     0.2982     4.5261 2.8913e+02    18.9210     -0.491     -0.712    25.0055 0.0000e+00
     -0.525     -0.091     4.7106     54.396     39.429  39.222614    61.7400     1.2680     0.0852     3.9762 2.9197e+02    18.7699     -0.515     -0.746    24.9583 0.0000e+00
     -0.543     -0.072     4.5877     56.137     37.546  37.312751    61.7400    -0.1663     0.0852     3.9762 1.0137e+03     6.4884     -0.533     -0.773    24.8979 0.0000e+00
     -0.558     -0.056     4.5035     59.568     34.258  34.014708    61.7400    -0.1701     0.0852     3.9762 2.7551e+02     6.3675     -0.547     -0.794    24.8327 0.0000e+00
     -0.569     -0.044     4.4742     64.823     28.666  28.441033    61.7400    -0.1625     0.0852     3.9762 2.7384e+02     6.6243     -0.558     -0.810    24.7693 0.0000e+00
     -0.578     -0.034     4.5195     71.435     21.403  21.222008    61.7400    -0.1739     0.0852     3.9762 1.7936e+03     6.6545     -0.567     -0.822    24.7090 0.0000e+00
     -0.585     -0.027     4.6700     78.553     15.216  15.077636     0.9000   245.1110    -0.2130    -1.9035 1.7870e+03   970.8376     -0.573     -0.832    24.6498 0.0000e+00
     -0.590     -0.021     4.9616     85.325     11.331  11.218158     0.9000   245.1110    -0.2130    -1.9035 2.6587e+02   971.0038     -0.579     -0.839    24.5908 0.0000e+00
     -0.594     -0.016     5.4055     91.072      9.017   8.916766     0.9000   245.1263    -0.2130    -1.9035 2.6385e+02   970.8527     -0.583     -0.845    24.5329 0.0000e+00
     -0.598     -0.013     5.9630     95.333      7.590   7.496104     0.9000   245.1034    -0.2130    -1.9035 2.6616e+02   970.9585     -0.586     -0.850    24.4778 0.0000e+00
