Data/DataNotYetUploadedToEDI/Raw_CTD/RawDownloads/070824_fcr50_S8188002.cnv
* Sea-Bird SBE19plus  Data File:
* FileName = C:\R\Reservoirs\Data\DataNotYetUploadedToEDI\Raw_CTD\RawDownloads\070824_bvr50_S8188_0002.hex
* Software version 2.8.0.119
* Temperature SN = 8188
* Conductivity SN = 8188
* System UpLoad Time = Jul 11 2024 15:28:32
* <ApplicationData>
* <Seaterm232>
# nquan = 16
# nvalues = 2285                        
# units = specified
# name 0 = depFM: Depth [fresh water, m]
# name 1 = dz/dtM: Descent Rate [m/s]
# name 2 = sbeox0Mg/L: Oxygen, SBE 43 [mg/l]
# name 3 = sbeox0PS: Oxygen, SBE 43 [% saturation]
# name 4 = specc: Specific Conductance [uS/cm]
# name 5 = c0uS/cm: Conductivity [uS/cm]
# name 6 = wetCDOM: Fluorescence, WET Labs CDOM [mg/m^3]
# name 7 = flECO-AFL: Fluorescence, WET Labs ECO-AFL/FL [mg/m^3]
# name 8 = flECO-AFL1: Fluorescence, WET Labs ECO-AFL/FL, 2 [mg/m^3]
# name 9 = flECO-AFL2: Fluorescence, WET Labs ECO-AFL/FL, 3 [mg/m^3]
# name 10 = par/sat/log: PAR/Logarithmic, Satlantic
# name 11 = turbWETntu0: Turbidity, WET Labs ECO [NTU]
# name 12 = prdM: Pressure, Strain Gauge [db]
# name 13 = prdE: Pressure, Strain Gauge [psi]
# name 14 = tv290C: Temperature [ITS-90, deg C]
# name 15 = flag:  0.000e+00
# span 0 =     -0.619,      9.427       
# span 1 =     -0.346,      0.097       
# span 2 =    -3.0554,    10.7651       
# span 3 =    -28.256,    129.079       
# span 4 =      0.320,    141.835       
# span 5 =   0.339286, 104.429290       
# span 6 =    -4.5000,    93.0600       
# span 7 =    -2.2606,   245.1339       
# span 8 =    -2.1300,     2.2578       
# span 9 =    -5.8374,     8.2908       
# span 10 = 1.1580e-01, 1.9826e+03      
# span 11 =   -11.7300,   971.0038      
# span 12 =     -0.608,      9.245      
# span 13 =     -0.881,     13.409      
# span 14 =    11.8103,    28.7100      
# span 15 = 0.0000e+00, 0.0000e+00      
# interval = seconds: 0.25
# start_time = Jul 08 2024 11:49:32 [Instrument's time stamp, header]
# bad_flag = -9.990e-29
*END*
[from data line 1718]
      8.918      0.065     8.6352     79.872     51.845  38.190448    36.9900     0.1503     0.5112     0.1269 1.1585e-01    30.2206      8.746     12.685    11.8291 0.0000e+00
      8.935      0.068     8.6332     79.922     51.845  38.190217    37.0800     0.1694     0.5112     0.1269 1.1602e-01    30.2357      8.762     12.709    11.8288 0.0000e+00
      8.953      0.070     8.6333     79.974     51.824  38.175091    37.0800     0.1351     0.5112     0.1269 1.1597e-01    30.2357      8.780     12.734    11.8287 0.0000e+00
      8.971      0.071     8.6359     80.029     51.818  38.170922    37.0800     0.1465     0.5112     0.1269 1.1607e-01    30.2206      8.798     12.760    11.8286 0.0000e+00
      8.991      0.072     8.6403     80.080     51.845  38.190544    37.0800     0.1694     0.5112     0.1269 1.1600e-01    29.9638      8.817     12.788    11.8286 0.0000e+00
      9.010      0.072     8.6457     80.122     51.895  38.227237    37.1700     0.1427     0.5112     0.2115 1.1615e-01    29.9940      8.836     12.815    11.8286 0.0000e+00
      9.028      0.072     8.6513     80.151     51.930  38.252928    37.1700     0.1312     0.5112     0.2115 1.1595e-01    30.0091      8.854     12.841    11.8286 0.0000e+00
      9.046      0.070     8.6572     80.165     51.916  38.242590    37.1700     0.1351     0.5112     0.2115 1.1600e-01    29.9335      8.872     12.867    11.8287 0.0000e+00
      9.064      0.068     8.6627     80.163     51.882  38.217375    37.1700     0.1351     0.5112     0.2115 1.1605e-01    29.8429      8.889     12.892    11.8286 0.0000e+00
      9.081      0.066     8.6673     80.142     51.857  38.198454    37.1700     0.1694     0.5112     0.2115 1.1600e-01    29.8127      8.906     12.917    11.8286 0.0000e+00
      9.098      0.065     8.6705     80.107     51.830  38.178788    37.0800     0.1236     0.5538     0.2961 1.1600e-01    29.7674      8.922     12.941    11.8285 0.0000e+00
      9.114      0.063     8.6720     80.063     51.800  38.157118    37.0800     0.1503     0.5538     0.2961 1.1605e-01    29.7069      8.938     12.963    11.8283 0.0000e+00
      9.130      0.062     8.6718     80.015     51.792  38.151574    37.0800     0.1122     0.5538     0.2961 1.1592e-01    30.4774      8.953     12.986    11.8282 0.0000e+00
      9.145      0.061     8.6696     79.964     51.831  38.180600    37.0800     0.1084     0.5538     0.2961 1.1590e-01    30.5378      8.968     13.007    11.8282 0.0000e+00
      9.160      0.060     8.6658     79.913     51.882  38.218068    37.0800     0.1351     0.5112     0.1692 1.1605e-01    30.4623      8.983     13.029    11.8282 0.0000e+00
      9.175      0.060     8.6610     79.869     51.890  38.224157    37.0800     0.1503     0.5112     0.1692 1.1612e-01    30.5227      8.998     13.050    11.8283 0.0000e+00
      9.191      0.060     8.6558     79.837     51.882  38.218424    37.0800     0.1312     0.5112     0.1692 1.1590e-01    30.4321      9.013     13.072    11.8285 0.0000e+00
      9.206      0.059     8.6502     79.812     51.897  38.229226    37.0800     0.1312     0.5112     0.1692 1.1602e-01    30.7946      9.029     13.095    11.8287 0.0000e+00
      9.222      0.058     8.6446     79.789     51.943  38.263428    37.0800     0.1579     0.5538     0.2961 1.1615e-01    30.7040      9.044     13.116    11.8290 0.0000e+00
      9.237      0.057     8.6398     79.770     52.039  38.334135    37.0800     0.1541     0.5538     0.2961 1.1617e-01    30.7493      9.058     13.138    11.8291 0.0000e+00
      9.251      0.055     8.6363     79.759     52.194  38.448249    37.0800     0.1389     0.5538     0.2961 1.1600e-01    30.6587      9.072     13.158    11.8291 0.0000e+00
      9.265      0.054     8.6337     79.757     52.425  38.618268    37.0800     0.2075     0.5538     0.2961 1.1605e-01    32.1240      9.086     13.178    11.8290 0.0000e+00
      9.279      0.052     8.6312     79.756     52.786  38.883553    36.9900     0.2190     0.5538     0.2115 1.1610e-01    32.1844      9.099     13.197    11.8290 0.0000e+00
      9.291      0.050     8.6291     79.742     53.386  39.324809    36.9900     0.2037     0.5538     0.2115 1.1595e-01    32.1995      9.112     13.215    11.8290 0.0000e+00
      9.304      0.048     8.6279     79.701     54.410  40.077636    36.9900     0.2152     0.5538     0.2115 1.1597e-01    32.0182      9.124     13.233    11.8290 0.0000e+00
      9.316      0.047     8.6277     79.610     56.136  41.346772    36.9900     0.3411     0.5538     0.2115 1.1590e-01    43.4991      9.136     13.250    11.8290 0.0000e+00
      9.328      0.045     8.6277     79.431     58.947  43.414866    36.9900     0.3029     0.5538     0.2115 1.1607e-01    43.3632      9.147     13.267    11.8286 0.0000e+00
      9.339      0.042     8.6263     79.096     63.131  46.492678    36.9000     0.3334     0.5112     0.2115 1.1595e-01    43.3632      9.158     13.283    11.8279 0.0000e+00
      9.350      0.040     8.6220     78.497     68.962  50.783230    36.9000     0.3220     0.5112     0.2115 1.1602e-01    43.4689      9.169     13.298    11.8270 0.0000e+00
      9.360      0.037     8.6124     77.471     76.971  56.677334    36.9000     3.1640     0.5112     0.2115 1.1612e-01   352.4105      9.179     13.312    11.8256 0.0000e+00
      9.369      0.033     8.5935     75.776     87.920  64.736161    36.9000     3.1220     0.5112     0.2115 1.1592e-01   352.2595      9.188     13.325    11.8234 0.0000e+00
      9.377      0.030     8.5576     73.110    101.497  74.729383    36.9900     3.1373     0.5538     0.1269 1.1605e-01   352.3501      9.196     13.337    11.8206 0.0000e+00
      9.384      0.027     8.4932     69.201    115.303  84.892192    36.9900     3.1411     0.5538     0.1269 1.1592e-01   352.2897      9.202     13.347    11.8181 0.0000e+00
      9.390      0.024     8.3824     63.879    127.626  93.964263    36.9900     0.2838     0.5538     0.1269 1.1600e-01   232.6165      9.208     13.356    11.8161 0.0000e+00
      9.396      0.021     8.1991     57.077    137.289 101.079657    36.9900     0.2648     0.5538     0.1269 1.1617e-01   232.6316      9.214     13.364    11.8141 0.0000e+00
      9.401      0.019     7.9107     48.810    141.835 104.429290    36.9900     0.2800     0.5538     0.2538 1.1590e-01   232.5561      9.219     13.371    11.8122 0.0000e+00
      9.405      0.016     7.4878     39.183    140.732 103.621039    36.9900     0.2724     0.5538     0.2538 1.1605e-01   232.5108      9.223     13.377    11.8108 0.0000e+00
      9.409      0.014     6.9118     28.444    136.092 100.209189    36.9900    -0.2998     0.5538     0.2538 1.1595e-01    -0.6872      9.227     13.383    11.8103 0.0000e+00
      9.412      0.012     6.1757     17.026    130.924  96.410319    36.9900    -0.2884     0.5538     0.2538 1.1605e-01    -0.6570      9.230     13.387    11.8106 0.0000e+00
      9.415      0.011     5.2811      5.552    126.536  93.185925    37.0800    -0.2998     0.5112     0.2538 1.1617e-01    -0.5966      9.233     13.391    11.8115 0.0000e+00
      9.417      0.009     4.2394     -5.239    121.445  89.444552    37.0800    -0.2769     0.5112     0.2538 1.1602e-01    -0.6419      9.235     13.395    11.8129 0.0000e+00
      9.419      0.007     3.0775    -14.591    114.365  84.238591    37.0800    -0.2922     0.5112     0.2538 1.1600e-01    -0.7778      9.237     13.397    11.8149 0.0000e+00
      9.421      0.006     1.8423    -21.825    104.541  77.010876    37.0800    -0.2808     0.5112     0.2538 1.1585e-01    -0.8383      9.238     13.399    11.8175 0.0000e+00
      9.422      0.005     0.6011    -26.457     92.666  68.271790    37.0800    -0.2808     0.5112     0.2538 1.1612e-01    -0.8383      9.240     13.401    11.8207 0.0000e+00
      9.423      0.004    -0.5663    -28.256     81.669  60.179471    36.9900    -0.2769     0.5112     0.1692 1.1595e-01    -0.8080      9.241     13.403    11.8244 0.0000e+00
      9.424      0.003    -1.5778    -27.210     73.526  54.188755    36.9900    -0.2922     0.5112     0.1692 1.1612e-01    -0.8685      9.242     13.404    11.8285 0.0000e+00
      9.425      0.003    -2.3601    -23.423     68.174  50.255311    36.9900    -0.2998     0.5112     0.1692 1.1600e-01    -0.9440      9.242     13.405    11.8333 0.0000e+00
      9.425      0.002    -2.8610    -17.001     64.927  47.872369    36.9900    -0.2960     0.5112     0.1692 1.1592e-01    -0.9289      9.243     13.406    11.8388 0.0000e+00
      9.426      0.002    -3.0554     -8.050     63.114  46.545987    36.9900    -0.2655     0.5112     0.2115 1.1600e-01    -0.7929      9.243     13.406    11.8449 0.0000e+00
      9.426      0.001    -2.9422      3.193     62.106  45.812846    36.9900    -0.2808     0.5112     0.2115 1.1607e-01    -0.9289      9.244     13.407    11.8516 0.0000e+00
      9.426      0.001    -2.5327     16.236     61.220  45.168514    36.9900    -0.3075     0.5112     0.2115 1.1597e-01    -0.8231      9.244     13.407    11.8587 0.0000e+00
      9.427      0.001    -1.8385     30.308     60.125  44.369406    36.9900    -0.3036     0.5112     0.2115 1.1600e-01    -0.9138      9.244     13.408    11.8661 0.0000e+00
      9.427      0.001    -0.8712     44.433     59.095  43.616984    36.9900    -0.2769     0.5112     0.2538 1.1610e-01    -0.7476      9.245     13.408    11.8737 0.0000e+00
      9.427      0.000     0.3435     57.575     58.325  43.055394    36.9900    -0.2884     0.5112     0.2538 1.1605e-01    -1.1857      9.245     13.408    11.8813 0.0000e+00
      9.427      0.000     1.7524     68.830     57.758  42.642496    36.9900    -0.2960     0.5112     0.2538 1.1617e-01    -1.0951      9.245     13.409    11.8886 0.0000e+00
      9.427      0.000     3.2721     77.615     57.343  42.339923    36.9900    -0.2846     0.5112     0.2538 1.1600e-01    -1.0951      9.245     13.409    11.8956 0.0000e+00
      9.427     -0.001     4.7971     83.779     57.069  42.140722    36.9900    -0.2655     0.5112     0.2538 1.1595e-01    -1.1404      9.245     13.409    11.9020 0.0000e+00
      9.427     -0.001     6.2157     87.573     56.919  42.031628    36.9900    -0.3036     0.5112     0.2961 1.1585e-01    -1.2008      9.245     13.408    11.9076 0.0000e+00
      9.427     -0.002     7.4306     89.502     56.863  41.991521    36.9900    -0.2731     0.5112     0.2961 1.1602e-01    -1.0951      9.244     13.408    11.9122 0.0000e+00
      9.426     -0.003     8.3786     90.144     56.915  42.031626    36.9900    -0.2693     0.5112     0.2961 1.1605e-01    -1.2008      9.244     13.407    11.9157 0.0000e+00
      9.425     -0.004     9.0438     90.009     56.911  42.029117    36.9900    -0.2846     0.5112     0.2961 1.1610e-01    -1.0195      9.243     13.406    11.9180 0.0000e+00
      9.424     -0.005     9.4533     89.454     56.674  41.855784    37.0800    -0.2769     0.5112     0.2115 1.1612e-01    -1.1555      9.242     13.405    11.9197 0.0000e+00
      9.423     -0.007     9.6614     88.658     56.421  41.670661    37.0800    -0.2922     0.5112     0.2115 1.1617e-01    -1.1404      9.241     13.403    11.9209 0.0000e+00
      9.422     -0.008     9.7305     87.666     56.417  41.669494    37.0800    -0.2998     0.5112     0.2115 1.1597e-01    -1.1102      9.240     13.401    11.9219 0.0000e+00
      9.419     -0.011     9.7158     86.464     56.735  41.907767    37.0800    -0.2808     0.5112     0.2115 1.1602e-01    -1.1706      9.237     13.398    11.9229 0.0000e+00
      9.417     -0.014     9.6557     85.068     57.424  42.419130    36.9900    -0.2998     0.5538     0.1692 1.1620e-01    -1.1555      9.235     13.394    11.9239 0.0000e+00
      9.413     -0.018     9.5695     83.564     58.569  43.268209    36.9900    -0.2808     0.5538     0.1692 1.1597e-01    -0.9138      9.231     13.389    11.9253 0.0000e+00
      9.409     -0.023     9.4621     82.062     60.428  44.643565    36.9900    -0.2808     0.5538     0.1692 1.1587e-01    -1.1706      9.227     13.383    11.9273 0.0000e+00
      9.403     -0.029     9.3318     80.648     62.028  45.827483    36.9900    -0.2808     0.5538     0.1692 1.1595e-01    -1.1253      9.221     13.374    11.9296 0.0000e+00
      9.395     -0.037     9.1806     79.347     61.259  45.259877    37.0800    -0.2655     0.5112     0.2538 1.1605e-01    -1.1102      9.214     13.363    11.9321 0.0000e+00
      9.385     -0.047     9.0177     78.115     58.517  43.233975    37.0800    -0.2769     0.5112     0.2538 1.1600e-01    -1.0195      9.204     13.349    11.9345 0.0000e+00
      9.373     -0.058     8.8553     76.835     56.003  41.376257    37.0800    -0.2846     0.5112     0.2538 1.1607e-01    -1.0951      9.192     13.332    11.9364 0.0000e+00
      9.357     -0.070     8.7024     75.350     54.398  40.189876    37.0800    -0.2655     0.5112     0.2538 1.1612e-01    -1.1102      9.177     13.309    11.9376 0.0000e+00
      9.338     -0.083     8.5619     73.607     53.409  39.460079    37.0800     0.3372     0.5112     0.2538 1.1595e-01    68.6664      9.158     13.282    11.9381 0.0000e+00
      9.315     -0.096     8.4290     71.827     52.840  39.040074    37.0800     0.3334     0.5112     0.2115 1.1615e-01    68.6664      9.135     13.249    11.9380 0.0000e+00
      9.288     -0.109     8.2910     70.436     52.519  38.803911    37.0800     0.2953     0.5112     0.2115 1.1605e-01    68.5305      9.109     13.211    11.9378 0.0000e+00
      9.258     -0.120     8.1308     69.834     52.309  38.650757    37.0800     0.3220     0.5112     0.2115 1.1605e-01    68.6060      9.079     13.168    11.9379 0.0000e+00
      9.225     -0.129     7.9426     70.242     52.164  38.545750    37.0800     0.4631     0.5112     0.2115 1.1592e-01    91.4167      9.047     13.121    11.9382 0.0000e+00
      9.190     -0.137     7.7504     71.658     52.057  38.468856    37.0800     0.4631     0.5538     0.2115 1.1607e-01    91.4318      9.012     13.071    11.9388 0.0000e+00
      9.154     -0.144     7.6002     73.896     51.959  38.397580    37.0800     0.4517     0.5538     0.2115 1.1602e-01    91.4923      8.977     13.020    11.9398 0.0000e+00
      9.117     -0.150     7.5350     76.630     51.886  38.342800    37.0800     0.4860     0.5538     0.2115 1.1587e-01    91.4016      8.941     12.967    11.9416 0.0000e+00
      9.079     -0.157     7.5786     79.437     51.844  38.309832    37.0800     0.4440     0.5538     0.2115 1.1597e-01    70.8720      8.903     12.913    11.9439 0.0000e+00
      9.039     -0.164     7.7310     81.888     51.831  38.295863    37.0800     0.4555     0.5538     0.1692 1.1628e-01    70.8418      8.864     12.856    11.9460 0.0000e+00
      8.996     -0.173     7.9723     83.695     51.839  38.297167    37.0800     0.4517     0.5538     0.1692 1.1610e-01    70.9022      8.822     12.795    11.9469 0.0000e+00
      8.951     -0.181     8.2674     84.779     51.852  38.302137    37.0800     0.4784     0.5538     0.1692 1.1605e-01    70.8115      8.777     12.731    11.9462 0.0000e+00
      8.903     -0.189     8.5707     85.228     51.872  38.312098    37.0800     0.1999     0.5538     0.1692 1.1590e-01    35.8704      8.731     12.663    11.9440 0.0000e+00
      8.853     -0.196     8.8359     85.219     51.905  38.331698    37.0800     0.1961     0.5538     0.2115 1.1607e-01    35.9157      8.682     12.592    11.9404 0.0000e+00
      8.801     -0.201     9.0318     84.927     51.934  38.348234    37.0800     0.2152     0.5538     0.2115 1.1595e-01    35.9308      8.631     12.518    11.9359 0.0000e+00
      8.749     -0.204     9.1497     84.490     51.945  38.352167    37.0800     0.2304     0.5538     0.2115 1.1580e-01    35.9610      8.579     12.443    11.9311 0.0000e+00
