Data/DataNotYetUploadedToEDI/Raw_CTD/RawDownloads/070824_fcr50_S8188002.cnv
* Sea-Bird SBE19plus  Data File:
* FileName = C:\R\Reservoirs\Data\DataNotYetUploadedToEDI\Raw_CTD\RawDownloads\070824_bvr50_S8188_0002.hex
* Software version 2.8.0.119
* Temperature SN = 8188
* Conductivity SN = 8188
* System UpLoad Time = Jul 11 2024 15:28:32
* <ApplicationData>
* <Seaterm232>
# nquan = 16
# nvalues = 2285                        
# units = specified
# name 0 = depFM: Depth [fresh water, m]
# name 1 = dz/dtM: Descent Rate [m/s]
# name 2 = sbeox0Mg/L: Oxygen, SBE 43 [mg/l]
# name 3 = sbeox0PS: Oxygen, SBE 43 [% saturation]
# name 4 = specc: Specific Conductance [uS/cm]
# name 5 = c0uS/cm: Conductivity [uS/cm]
# name 6 = wetCDOM: Fluorescence, WET Labs CDOM [mg/m^3]
# name 7 = flECO-AFL: Fluorescence, WET Labs ECO-AFL/FL [mg/m^3]
# name 8 = flECO-AFL1: Fluorescence, WET Labs ECO-AFL/FL, 2 [mg/m^3]
# name 9 = flECO-AFL2: Fluorescence, WET Labs ECO-AFL/FL, 3 [mg/m^3]
# name 10 = par/sat/log: PAR/Logarithmic, Satlantic
# name 11 = turbWETntu0: Turbidity, WET Labs ECO [NTU]
# name 12 = prdM: Pressure, Strain Gauge [db]
# name 13 = prdE: Pressure, Strain Gauge [psi]
# name 14 = tv290C: Temperature [ITS-90, deg C]
# name 15 = flag:  0.000e+00
# span 0 =     -0.619,      9.427       
# span 1 =     -0.346,      0.097       
# span 2 =    -3.0554,    10.7651       
# span 3 =    -28.256,    129.079       
# span 4 =      0.320,    141.835       
# span 5 =   0.339286, 104.429290       
# span 6 =    -4.5000,    93.0600       
# span 7 =    -2.2606,   245.1339       
# span 8 =    -2.1300,     2.2578       
# span 9 =    -5.8374,     8.2908       
# span 10 = 1.1580e-01, 1.9826e+03      
# span 11 =   -11.7300,   971.0038      
# span 12 =     -0.608,      9.245      
# span 13 =     -0.881,     13.409      
# span 14 =    11.8103,    28.7100      
# span 15 = 0.0000e+00, 0.0000e+00      
# interval = seconds: 0.25
# start_time = Jul 08 2024 11:49:32 [Instrument's time stamp, header]
# bad_flag = -9.990e-29
*END*
[from data line 452]
     -0.023 9.1950e-09     8.6742    109.346     41.696  43.546551    47.5200     1.1650     0.3834     5.3298 5.6156e+02    22.0480     -0.023     -0.033    27.2019 0.0000e+00
     -0.023 1.1822e-08     8.6768    109.391     41.672  43.522950    47.5200     1.1269     0.3834     5.3298 5.5913e+02    21.5193     -0.023     -0.033    27.2048 0.0000e+00
     -0.023 1.5200e-08     8.6773    109.460     41.647  43.498292    47.5200     1.1078     0.3834     5.3298 5.5913e+02    21.5948     -0.023     -0.033    27.2076 0.0000e+00
     -0.023 1.9543e-08     8.6773    109.548     41.640  43.491909    47.5200     1.1231     0.3834     5.3298 5.5105e+02    21.5948     -0.023     -0.033    27.2101 0.0000e+00
     -0.023 2.5126e-08     8.6787    109.644     41.635  43.488148    47.5200     1.1307     0.3834     5.3298 5.4973e+02    21.5797     -0.023     -0.033    27.2124 0.0000e+00
     -0.023 3.2305e-08     8.6820    109.738     41.627  43.480030    47.5200     1.1765     0.3834     5.3298 5.4214e+02    21.0812     -0.023     -0.033    27.2143 0.0000e+00
     -0.023 4.1535e-08     8.6872    109.819     41.620  43.473360    47.5200     1.1879     0.3834     5.3298 5.3990e+02    21.0812     -0.023     -0.033    27.2160 0.0000e+00
     -0.023 5.3403e-08     8.6939    109.861     41.617  43.470345    47.5200     1.1689     0.3834     5.3298 5.4037e+02    21.0963     -0.023     -0.033    27.2173 0.0000e+00
     -0.023 6.8661e-08     8.7014    109.856     41.620  43.474167    47.5200     1.1727     0.3834     5.3721 5.3885e+02    21.0963     -0.023     -0.033    27.2184 0.0000e+00
     -0.023 8.8278e-08     8.7088    109.824     41.619  43.473887    47.5200     1.1727     0.3834     5.3721 5.2841e+02    21.1869     -0.023     -0.033    27.2192 0.0000e+00
     -0.023 1.1350e-07     8.7150    109.793     41.615  43.471426    47.5200     1.2070     0.3834     5.3721 5.2830e+02    21.0208     -0.023     -0.033    27.2200 0.0000e+00
     -0.023 1.4593e-07     8.7183    109.777     41.623  43.480075    47.5200     1.1727     0.3834     5.3721 5.2692e+02    21.0812     -0.023     -0.033    27.2208 0.0000e+00
     -0.023 1.8762e-07     8.7177    109.778     41.626  43.484205    47.4300     1.1650     0.4260     5.5413 5.2236e+02    21.0510     -0.023     -0.033    27.2216 0.0000e+00
     -0.023 2.4123e-07     8.7151    109.794     41.616  43.474955    47.4300     1.1917     0.4260     5.5413 5.2327e+02    20.7488     -0.023     -0.033    27.2226 0.0000e+00
     -0.023 3.1015e-07     8.7124    109.826     41.607  43.465801    47.4300     1.2032     0.4260     5.5413 5.1481e+02    20.8244     -0.023     -0.033    27.2239 0.0000e+00
     -0.023 3.9877e-07     8.7109    109.873     41.608  43.466257    47.4300     1.1956     0.4260     5.5413 5.1840e+02    20.7790     -0.023     -0.033    27.2251 0.0000e+00
     -0.023 5.1270e-07     8.7109    109.931     41.625  43.484417    47.4300     1.1879     0.3834     5.5836 5.1436e+02    20.7488     -0.023     -0.033    27.2262 0.0000e+00
     -0.023 6.5919e-07     8.7120    109.987     41.653  43.513166    47.4300     1.1765     0.3834     5.5836 5.1124e+02    21.0359     -0.023     -0.033    27.2268 0.0000e+00
     -0.023 8.4753e-07     8.7145    110.020     41.672  43.532272    47.4300     1.1803     0.3834     5.5836 5.1080e+02    21.1114     -0.023     -0.033    27.2270 0.0000e+00
     -0.023      0.000     8.7183    110.019     41.683  43.542844    47.4300     1.1650     0.3834     5.5836 5.0627e+02    21.0510     -0.023     -0.033    27.2268 0.0000e+00
     -0.023      0.000     8.7229    109.989     41.696  43.555671    47.4300     1.1803     0.3834     5.5836 5.0825e+02    21.1114     -0.023     -0.033    27.2264 0.0000e+00
     -0.023      0.000     8.7275    109.938     41.703  43.562219    47.5200     1.1956     0.4260     5.4990 5.0265e+02    20.7488     -0.023     -0.033    27.2259 0.0000e+00
     -0.023      0.000     8.7302    109.876     41.695  43.552275    47.5200     1.1994     0.4260     5.4990 5.0091e+02    20.7790     -0.023     -0.033    27.2252 0.0000e+00
     -0.023      0.000     8.7302    109.814     41.679  43.535146    47.5200     1.1803     0.4260     5.4990 5.0331e+02    20.8244     -0.023     -0.033    27.2244 0.0000e+00
     -0.023      0.000     8.7280    109.757     41.667  43.522205    47.5200     1.1841     0.4260     5.4990 4.9302e+02    20.7790     -0.023     -0.033    27.2235 0.0000e+00
     -0.023      0.000     8.7241    109.706     41.663  43.517973    47.7000     1.1460     0.3834     5.5413 4.9809e+02    21.0963     -0.023     -0.033    27.2225 0.0000e+00
     -0.023      0.000     8.7194    109.673     41.667  43.521322    47.7000     1.1078     0.3834     5.5413 4.9420e+02    21.1416     -0.023     -0.033    27.2215 0.0000e+00
     -0.023      0.000     8.7146    109.671     41.675  43.529159    47.7000     1.1269     0.3834     5.5413 4.9324e+02    21.0812     -0.023     -0.033    27.2205 0.0000e+00
     -0.023      0.000     8.7102    109.693     41.681  43.535602    47.7000     1.1345     0.3834     5.5413 4.9195e+02    21.0963     -0.023     -0.033    27.2197 0.0000e+00
     -0.023      0.000     8.7062    109.727     41.676  43.530414    47.7900     1.1994     0.4260     5.4567 4.9410e+02    21.3531     -0.023     -0.033    27.2191 0.0000e+00
     -0.023      0.000     8.7037    109.768     41.673  43.528152    47.7900     1.1917     0.4260     5.4567 4.8993e+02    21.3833     -0.022     -0.033    27.2187 0.0000e+00
     -0.023      0.000     8.7035    109.812     41.685  43.540170    47.7900     1.1650     0.4260     5.4567 4.8833e+02    21.4286     -0.022     -0.033    27.2185 0.0000e+00
     -0.023      0.000     8.7053    109.846     41.690  43.545760    47.7900     1.1803     0.4260     5.4567 4.8844e+02    21.4437     -0.022     -0.032    27.2185 0.0000e+00
     -0.023      0.000     8.7079    109.860     41.683  43.538441    47.7900     1.1650     0.4260     5.4567 4.9260e+02    21.0208     -0.022     -0.032    27.2187 0.0000e+00
     -0.023      0.000     8.7111    109.856     41.677  43.532204    47.7000     1.1803     0.4260     5.3298 4.8844e+02    20.9754     -0.022     -0.032    27.2190 0.0000e+00
     -0.023      0.000     8.7146    109.845     41.682  43.537343    47.7000     1.1956     0.4260     5.3298 4.8876e+02    21.1869     -0.022     -0.032    27.2193 0.0000e+00
     -0.023      0.000     8.7172    109.829     41.699  43.555227    47.7000     1.1803     0.4260     5.3298 4.8749e+02    21.0510     -0.022     -0.032    27.2195 0.0000e+00
     -0.023      0.000     8.7183    109.798     41.715  43.570698    47.7000     1.1650     0.4260     5.3298 4.8421e+02    20.7639     -0.022     -0.032    27.2196 0.0000e+00
     -0.023      0.000     8.7180    109.741     41.712  43.567954    47.7900     1.1879     0.3834     5.4144 4.8432e+02    20.7790     -0.022     -0.032    27.2195 0.0000e+00
     -0.023      0.000     8.7172    109.667     41.700  43.554232    47.7900     1.1841     0.3834     5.4144 4.9057e+02    20.8244     -0.022     -0.032    27.2191 0.0000e+00
     -0.023      0.000     8.7161    109.601     41.692  43.545804    47.7900     1.1841     0.3834     5.4144 4.9302e+02    20.9301     -0.022     -0.032    27.2185 0.0000e+00
     -0.023      0.000     8.7137    109.556     41.690  43.544407    47.7900     1.1765     0.3834     5.4144 4.7752e+02    20.7942     -0.022     -0.032    27.2180 0.0000e+00
     -0.023      0.000     8.7092    109.522     41.692  43.545682    47.9700     1.1574     0.4260     5.3298 4.8264e+02    20.8697     -0.022     -0.032    27.2175 0.0000e+00
     -0.023      0.000     8.7034    109.490     41.692  43.545984    47.9700     1.1994     0.4260     5.3298 4.8169e+02    20.8848     -0.022     -0.031    27.2171 0.0000e+00
     -0.022      0.001     8.6982    109.464     41.688  43.541409    47.9700     1.1917     0.4260     5.3298 4.7721e+02    20.7186     -0.022     -0.031    27.2170 0.0000e+00
     -0.022      0.001     8.6946    109.463     41.682  43.534720    47.9700     1.1841     0.4260     5.3298 4.8484e+02    20.8697     -0.021     -0.031    27.2168 0.0000e+00
     -0.022      0.001     8.6920    109.501     41.672  43.524136    47.8800     1.1956     0.3834     5.2875 4.8128e+02    20.8395     -0.021     -0.031    27.2167 0.0000e+00
     -0.022      0.001     8.6895    109.571     41.659  43.510819    47.8800     1.1689     0.3834     5.2875 4.7971e+02    20.7790     -0.021     -0.030    27.2165 0.0000e+00
     -0.021      0.002     8.6875    109.654     41.648  43.499188    47.8800     1.1803     0.3834     5.2875 4.7971e+02    20.9150     -0.021     -0.030    27.2163 0.0000e+00
     -0.021      0.002     8.6874    109.740     41.636  43.486144    47.8800     1.2604     0.3834     5.2875 4.7825e+02    20.8546     -0.020     -0.029    27.2161 0.0000e+00
     -0.021      0.003     8.6905    109.820     41.627  43.476177    47.8800     1.2299     0.3834     5.2875 4.7721e+02    20.7488     -0.020     -0.029    27.2159 0.0000e+00
     -0.020      0.003     8.6961    109.881     41.623  43.470617    47.8800     1.2337     0.3408     5.4144 4.7711e+02    20.8093     -0.019     -0.028    27.2157 0.0000e+00
     -0.019      0.004     8.7027    109.913     41.618  43.463994    47.8800     1.2566     0.3408     5.4144 4.7401e+02    20.9150     -0.018     -0.026    27.2153 0.0000e+00
     -0.018      0.005     8.7096    109.908     41.618  43.462515    47.8800     1.2566     0.3408     5.4144 4.7680e+02    21.1416     -0.017     -0.025    27.2148 0.0000e+00
     -0.016      0.007     8.7161    109.870     41.628  43.469769    47.8800     1.2451     0.3408     5.4144 4.7195e+02    21.0661     -0.016     -0.023    27.2140 0.0000e+00
     -0.014      0.008     8.7211    109.818     41.636  43.475735    47.7900     1.2413     0.3834     5.3298 4.6767e+02    21.0510     -0.014     -0.020    27.2129 0.0000e+00
     -0.012      0.008     8.7239    109.782     41.637  43.474032    47.7900     1.2528     0.3834     5.3298 4.3749e+02    21.1416     -0.012     -0.017    27.2112 0.0000e+00
     -0.009      0.008     8.7239    109.778     41.641  43.476163    47.7900     1.2947     0.3834     5.3298 4.4246e+02    21.8667     -0.009     -0.013    27.2089 0.0000e+00
     -0.007      0.008     8.7213    109.799     41.657  43.490666    47.7900     1.2871     0.3834     5.3298 4.4807e+02    21.8063     -0.007     -0.010    27.2058 0.0000e+00
     -0.005      0.007     8.7178    109.818     41.671  43.505466    48.1500     1.2986     0.4260     5.4144 4.5012e+02    21.7912     -0.005     -0.007    27.2023 0.0000e+00
     -0.003      0.006     8.7154    109.815     41.681  43.516540    48.1500     1.2986     0.4260     5.4144 4.4836e+02    21.8063     -0.003     -0.004    27.1990 0.0000e+00
     -0.002      0.005     8.7155    109.789     41.683  43.518868    48.1500     1.3520     0.4260     5.4144 4.4496e+02    21.5193     -0.002     -0.002    27.1963 0.0000e+00
     -0.001      0.004     8.7174    109.740     41.672  43.509086    48.1500     1.3825     0.4260     5.4144 4.4525e+02    21.4739     -0.001     -0.001    27.1946 0.0000e+00
      0.000      0.003     8.7190    109.675     41.666  43.504514    48.1500     1.3672     0.4260     5.4567 4.4284e+02    21.5042      0.000      0.001    27.1941 0.0000e+00
      0.001      0.002     8.7187    109.604     41.667  43.507918    48.1500     1.3443     0.4260     5.4567 4.4073e+02    21.4739      0.001      0.002    27.1946 0.0000e+00
      0.001      0.002     8.7164    109.544     41.670  43.512236    48.1500     1.2871     0.4260     5.4567 4.3853e+02    21.8667      0.001      0.002    27.1959 0.0000e+00
      0.002      0.001     8.7123    109.510     41.671  43.514632    48.1500     1.3100     0.4260     5.4567 4.3427e+02    21.8516      0.002      0.003    27.1978 0.0000e+00
      0.002      0.001     8.7067    109.510     41.664  43.507775    48.1500     1.3024     0.4260     5.4567 4.3285e+02    21.8516      0.002      0.003    27.2000 0.0000e+00
      0.003      0.001     8.7008    109.533     41.654  43.497807    47.7000     1.3024     0.3834     5.2875 4.3013e+02    21.7308      0.002      0.004    27.2020 0.0000e+00
      0.003      0.001     8.6957    109.563     41.654  43.498013    47.7000     1.2604     0.3834     5.2875 4.2512e+02    21.8365      0.003      0.004    27.2036 0.0000e+00
      0.003      0.001     8.6929    109.584     41.659  43.504462    47.7000     1.2451     0.3834     5.2875 4.2235e+02    21.8063      0.003      0.004    27.2047 0.0000e+00
      0.003      0.000     8.6927    109.583     41.669  43.514889    47.7000     1.2451     0.3834     5.2875 4.2144e+02    21.7459      0.003      0.005    27.2056 0.0000e+00
      0.003      0.000     8.6944    109.563     41.670  43.516131    47.7000     1.2299     0.4260     5.2875 4.1879e+02    21.8365      0.003      0.005    27.2066 0.0000e+00
      0.003      0.000     8.6967    109.529     41.645  43.488591    47.7000     1.1956     0.4260     5.2875 4.1535e+02    21.6250      0.003      0.005    27.2076 0.0000e+00
      0.003 1.9658e-09     8.6982    109.489     41.616  43.456810    47.7000     1.1956     0.4260     5.2875 4.1095e+02    21.6250      0.003      0.005    27.2086 0.0000e+00
      0.004 2.5275e-09     8.6980    109.454     41.605  43.444198    47.7000     1.1803     0.4260     5.2875 4.0194e+02    21.5344      0.003      0.005    27.2091 0.0000e+00
      0.004 3.2496e-09     8.6965    109.429     41.610  43.447393    47.7900     1.1917     0.4260     5.2875 3.9872e+02    21.5042      0.004      0.005    27.2089 0.0000e+00
      0.004 4.1781e-09     8.6940    109.412     41.635  43.471231    47.7900     1.1345     0.4260     5.2875 3.9553e+02    21.6250      0.004      0.005    27.2077 0.0000e+00
      0.004 5.3718e-09     8.6911    109.402     41.665  43.502141    47.7900     1.1078     0.4260     5.2875 3.9270e+02    21.5646      0.004      0.005    27.2057 0.0000e+00
      0.004 6.9066e-09     8.6887    109.389     41.675  43.512496    47.7900     1.0926     0.4260     5.2875 3.9015e+02    21.5193      0.004      0.005    27.2032 0.0000e+00
      0.004 8.8800e-09     8.6870    109.374     41.661  43.497084    47.7000     1.1269     0.4260     5.2875 3.9049e+02    21.5042      0.004      0.005    27.2009 0.0000e+00
      0.004 1.1417e-08     8.6860    109.366     41.628  43.463753    47.7000     1.1879     0.4260     5.2875 3.9006e+02    21.0510      0.004      0.005    27.1991 0.0000e+00
      0.004 1.4679e-08     8.6853    109.378     41.597  43.431515    47.7000     1.1727     0.4260     5.2875 3.8896e+02    21.0056      0.004      0.005    27.1981 0.0000e+00
      0.004 1.8873e-08     8.6844    109.418     41.581  43.415687    47.7000     1.1689     0.4260     5.2875 3.9066e+02    21.0812      0.004      0.005    27.1977 0.0000e+00
      0.004 2.4266e-08     8.6832    109.485     41.587  43.422011    47.7000     1.1803     0.4260     5.2875 3.9074e+02    21.0359      0.004      0.005    27.1978 0.0000e+00
      0.004 3.1199e-08     8.6826    109.568     41.613  43.450180    47.6100     1.1879     0.3408     5.2029 3.9074e+02    22.3501      0.004      0.006    27.1981 0.0000e+00
      0.004 4.0112e-08     8.6834    109.652     41.644  43.481801    47.6100     1.1536     0.3408     5.2029 3.9159e+02    22.2293      0.004      0.006    27.1986 0.0000e+00
      0.004 5.1573e-08     8.6865    109.716     41.664  43.503386    47.6100     1.1612     0.3408     5.2029 3.9193e+02    22.3199      0.004      0.006    27.1992 0.0000e+00
      0.004 6.6308e-08     8.6917    109.743     41.677  43.516703    47.6100     1.1650     0.3408     5.2029 3.9227e+02    22.2897      0.004      0.006    27.1998 0.0000e+00
      0.004 8.5253e-08     8.6982    109.725     41.686  43.525304    47.6100     1.2566     0.3408     5.3298 3.9304e+02    21.5042      0.004      0.006    27.2002 0.0000e+00
