Data/DataNotYetUploadedToEDI/Raw_CTD/RawDownloads/070824_bvr50_S8188001.cnv
* Sea-Bird SBE19plus  Data File:
* FileName = C:\R\Reservoirs\Data\DataNotYetUploadedToEDI\Raw_CTD\RawDownloads\070824_bvr50_S8188_0001.hex
* Software version 2.8.0.119
* Temperature SN = 8188
* Conductivity SN = 8188
* System UpLoad Time = Jul 11 2024 15:27:59
* <ApplicationData>
* <Seaterm232>
# nquan = 16
# nvalues = 2510                        
# units = specified
# name 0 = depFM: Depth [fresh water, m]
# name 1 = dz/dtM: Descent Rate [m/s]
# name 2 = sbeox0Mg/L: Oxygen, SBE 43 [mg/l]
# name 3 = sbeox0PS: Oxygen, SBE 43 [% saturation]
# name 4 = specc: Specific Conductance [uS/cm]
# name 5 = c0uS/cm: Conductivity [uS/cm]
# name 6 = wetCDOM: Fluorescence, WET Labs CDOM [mg/m^3]
# name 7 = flECO-AFL: Fluorescence, WET Labs ECO-AFL/FL [mg/m^3]
# name 8 = flECO-AFL1: Fluorescence, WET Labs ECO-AFL/FL, 2 [mg/m^3]
# name 9 = flECO-AFL2: Fluorescence, WET Labs ECO-AFL/FL, 3 [mg/m^3]
# name 10 = par/sat/log: PAR/Logarithmic, Satlantic
# name 11 = turbWETntu0: Turbidity, WET Labs ECO [NTU]
# name 12 = prdM: Pressure, Strain Gauge [db]
# name 13 = prdE: Pressure, Strain Gauge [psi]
# name 14 = tv290C: Temperature [ITS-90, deg C]
# name 15 = flag:  0.000e+00
# span 0 =     -0.709,      9.571       
# span 1 =     -0.218,      0.123       
# span 2 =     0.0132,    10.1385       
# span 3 =      0.157,    128.994       
# span 4 =   -616.075,    213.970       
# span 5 =-440.157215, 154.842249       
# span 6 =    -4.5000,    48.9600       
# span 7 =    -0.2960,    16.5538       
# span 8 =    -2.1300,     0.5538       
# span 9 =    -2.0304,     3.9762       
# span 10 = 1.1577e-01, 9.4251e+02      
# span 11 =    -1.6087,    49.8438      
# span 12 =     -0.695,      9.386      
# span 13 =     -1.008,     13.614      
# span 14 =    10.1139,    28.1835      
# span 15 = 0.0000e+00, 0.0000e+00      
# interval = seconds: 0.25
# start_time = Jul 08 2024 09:47:53 [Instrument's time stamp, header]
# bad_flag = -9.990e-29
*END*
[from data line 543]
      0.283      0.001     8.4505    107.273     31.614  33.356015    30.7800     5.6741     0.1278     1.1421 2.1769e+02     3.8901      0.278      0.402    27.7499 0.0000e+00
      0.283      0.001     8.4485    107.188     31.591  33.332030    30.7800     5.6283     0.1278     1.1421 2.1760e+02     3.9656      0.278      0.403    27.7500 0.0000e+00
      0.283      0.001     8.4446    107.114     31.560  33.298986    30.7800     5.5978     0.1278     0.9729 2.1741e+02     3.8901      0.278      0.403    27.7498 0.0000e+00
      0.283      0.000     8.4395    107.080     31.543  33.279939    30.7800     5.5825     0.1278     0.9729 2.1632e+02     3.9354      0.278      0.403    27.7495 0.0000e+00
      0.283      0.000     8.4334    107.110     31.544  33.281761    30.7800     5.6016     0.1278     0.9729 2.1651e+02     3.9656      0.278      0.403    27.7489 0.0000e+00
      0.283     -0.001     8.4268    107.195     31.559  33.296970    30.7800     5.6092     0.1278     0.9729 2.1665e+02     3.8296      0.278      0.403    27.7484 0.0000e+00
      0.283     -0.002     8.4211    107.297     31.573  33.311697    30.7800     5.7237     0.1278     0.9306 2.1741e+02     3.7541      0.278      0.403    27.7478 0.0000e+00
      0.283     -0.002     8.4185    107.377     31.567  33.305967    30.7800     5.7237     0.1278     0.9306 2.1864e+02     3.7390      0.278      0.402    27.7474 0.0000e+00
      0.282     -0.003     8.4209    107.413     31.550  33.288209    30.7800     5.7084     0.1278     0.9306 2.1812e+02     3.7239      0.277      0.401    27.7471 0.0000e+00
      0.281     -0.003     8.4275    107.411     31.546  33.283567    30.7800     5.7122     0.1278     0.9306 2.1902e+02     3.7239      0.276      0.400    27.7471 0.0000e+00
      0.280     -0.003     8.4355    107.386     31.556  33.294786    30.7800     5.7351     0.1278     1.0575 2.2079e+02     4.0260      0.275      0.398    27.7472 0.0000e+00
      0.279     -0.002     8.4418    107.356     31.570  33.308922    30.7800     5.7160     0.1278     1.0575 2.2369e+02     3.8598      0.274      0.397    27.7476 0.0000e+00
      0.279     -0.002     8.4446    107.336     31.573  33.311821    30.7800     5.7237     0.1278     1.0575 2.2160e+02     4.0411      0.273      0.396    27.7479 0.0000e+00
      0.278     -0.001     8.4444    107.331     31.576  33.314212    30.7800     5.7313     0.1278     1.0575 2.1816e+02     3.9052      0.273      0.396    27.7480 0.0000e+00
      0.279     -0.001     8.4424    107.340     31.589  33.328686    30.7800     5.9602     0.1278     1.0575 2.1931e+02     3.9656      0.273      0.396    27.7479 0.0000e+00
      0.279     -0.001     8.4401    107.363     31.596  33.335201    30.6900     5.9602     0.1704     1.0152 2.2098e+02     4.0260      0.273      0.396    27.7475 0.0000e+00
      0.278     -0.000     8.4386    107.392     31.583  33.321549    30.6900     5.9602     0.1704     1.0152 2.2151e+02     3.8145      0.273      0.396    27.7471 0.0000e+00
      0.278     -0.000     8.4382    107.407     31.564  33.302017    30.6900     5.9526     0.1704     1.0152 2.2199e+02     3.9505      0.273      0.395    27.7468 0.0000e+00
      0.278     -0.000     8.4390    107.387     31.541  33.277373    30.6900     5.7733     0.1704     1.0152 2.2088e+02     3.9656      0.273      0.395    27.7467 0.0000e+00
      0.278     -0.000     8.4408    107.336     31.518  33.252996    30.6900     5.7694     0.1704     1.2267 2.1931e+02     3.9203      0.273      0.396    27.7466 0.0000e+00
      0.278      0.000     8.4431    107.272     31.511  33.246286    30.6900     5.7809     0.1704     1.2267 2.2079e+02     4.0411      0.273      0.396    27.7466 0.0000e+00
      0.278      0.000     8.4442    107.209     31.520  33.255455    30.6900     5.7694     0.1704     1.2267 2.2136e+02     3.8901      0.273      0.396    27.7466 0.0000e+00
      0.278      0.000     8.4426    107.157     31.531  33.267013    30.6900     5.5367     0.1704     1.2267 2.2122e+02     3.6181      0.273      0.396    27.7466 0.0000e+00
      0.278      0.000     8.4386    107.122     31.530  33.266116    30.7800     5.5215     0.1278     1.0998 2.2160e+02     3.6484      0.273      0.396    27.7465 0.0000e+00
      0.279      0.001     8.4336    107.099     31.523  33.258500    30.7800     5.5329     0.1278     1.0998 2.2160e+02     3.6937      0.273      0.396    27.7465 0.0000e+00
      0.279      0.001     8.4287    107.091     31.530  33.266036    30.7800     5.5329     0.1278     1.0998 2.2132e+02     3.7390      0.273      0.396    27.7464 0.0000e+00
      0.279      0.001     8.4246    107.091     31.550  33.286750    30.7800     5.6970     0.1278     1.0998 2.2093e+02     3.9656      0.274      0.397    27.7464 0.0000e+00
      0.279      0.001     8.4218    107.082     31.565  33.302264    30.7800     5.7199     0.0852     1.1844 2.2108e+02     3.9354      0.274      0.397    27.7464 0.0000e+00
      0.279      0.001     8.4200    107.062     31.576  33.314723    30.7800     5.7008     0.0852     1.1844 2.2069e+02     3.9807      0.274      0.397    27.7464 0.0000e+00
      0.279      0.001     8.4194    107.046     31.596  33.335418    30.7800     5.7237     0.0852     1.1844 2.2108e+02     3.8750      0.274      0.398    27.7464 0.0000e+00
      0.280      0.001     8.4194    107.051     31.617  33.357915    30.7800     5.6321     0.0852     1.1844 2.2060e+02     3.6332      0.274      0.398    27.7464 0.0000e+00
      0.280      0.001     8.4187    107.077     31.627  33.368295    30.7800     5.6359     0.0852     1.1844 2.2055e+02     3.6635      0.274      0.398    27.7463 0.0000e+00
      0.280      0.001     8.4171    107.120     31.613  33.353392    30.7800     5.6283     0.0852     1.0998 2.2026e+02     3.7239      0.275      0.398    27.7463 0.0000e+00
      0.280      0.001     8.4159    107.176     31.578  33.317198    30.7800     5.6626     0.0852     1.0998 2.2017e+02     3.6332      0.275      0.398    27.7462 0.0000e+00
      0.280      0.001     8.4163    107.240     31.554  33.291892    30.7800     5.7084     0.0852     1.0998 2.2060e+02     3.8901      0.275      0.399    27.7461 0.0000e+00
      0.280      0.001     8.4184    107.308     31.551  33.288649    30.7800     5.6970     0.0852     1.0998 2.2112e+02     3.9052      0.275      0.399    27.7460 0.0000e+00
      0.280      0.000     8.4218    107.365     31.552  33.288681    30.8700     5.6893     0.1278     1.0998 2.2088e+02     3.8901      0.275      0.399    27.7460 0.0000e+00
      0.280      0.000     8.4262    107.396     31.563  33.299961    30.8700     5.7199     0.1278     1.0998 2.2160e+02     3.9807      0.275      0.399    27.7462 0.0000e+00
      0.281      0.001     8.4312    107.390     31.597  33.335458    30.8700     5.5291     0.1278     1.0998 2.2160e+02     3.6937      0.276      0.399    27.7463 0.0000e+00
      0.281      0.001     8.4365    107.356     31.642  33.382727    30.8700     5.5024     0.1278     1.0998 2.2194e+02     3.6937      0.276      0.399    27.7462 0.0000e+00
      0.281      0.001     8.4411    107.314     31.676  33.418520    30.7800     5.5024     0.1278     1.1844 2.2079e+02     3.6030      0.276      0.400    27.7457 0.0000e+00
      0.281      0.001     8.4436    107.288     31.673  33.414537    30.7800     5.5367     0.1278     1.1844 2.2103e+02     3.6937      0.276      0.400    27.7451 0.0000e+00
      0.282      0.002     8.4433    107.286     31.647  33.387643    30.7800     5.7656     0.1278     1.1844 2.2084e+02     3.8598      0.276      0.401    27.7445 0.0000e+00
      0.282      0.002     8.4407    107.303     31.633  33.372494    30.7800     5.7656     0.1278     1.1844 2.2069e+02     3.9505      0.277      0.402    27.7440 0.0000e+00
      0.283      0.002     8.4374    107.334     31.622  33.361068    30.7800     5.7962     0.1278     1.1844 2.2060e+02     4.0109      0.277      0.402    27.7437 0.0000e+00
      0.284      0.002     8.4353    107.378     31.608  33.346334    30.7800     5.8038     0.1704     1.2267 2.2031e+02     3.9505      0.278      0.403    27.7434 0.0000e+00
      0.284      0.002     8.4353    107.410     31.598  33.336313    30.7800     5.5863     0.1704     1.2267 2.1902e+02     4.0109      0.279      0.404    27.7431 0.0000e+00
      0.285      0.002     8.4366    107.395     31.591  33.328333    30.7800     5.5940     0.1704     1.2267 2.1869e+02     3.9656      0.280      0.405    27.7428 0.0000e+00
      0.285      0.001     8.4391    107.319     31.587  33.324250    30.7800     5.5825     0.1704     1.2267 2.1859e+02     3.8901      0.280      0.406    27.7426 0.0000e+00
      0.286      0.001     8.4426    107.206     31.585  33.322975    30.8700     5.5749     0.1278     1.2690 2.1802e+02     3.9958      0.281      0.406    27.7425 0.0000e+00
      0.286      0.000     8.4451    107.097     31.571  33.308233    30.8700     5.5596     0.1278     1.2690 2.1873e+02     3.9203      0.281      0.407    27.7426 0.0000e+00
      0.286      0.000     8.4439    107.026     31.547  33.284061    30.8700     5.5863     0.1278     1.2690 2.1950e+02     3.8598      0.281      0.406    27.7429 0.0000e+00
      0.286      0.000     8.4378    106.997     31.532  33.267914    30.8700     5.5940     0.1278     1.2690 2.1964e+02     3.9958      0.280      0.406    27.7435 0.0000e+00
      0.285     -0.001     8.4288    107.002     31.527  33.263453    30.7800     5.5902     0.0852     1.1844 2.1926e+02     3.9052      0.280      0.406    27.7443 0.0000e+00
      0.285     -0.001     8.4201    107.040     31.534  33.271482    30.7800     6.0250     0.0852     1.1844 2.1945e+02     3.9354      0.280      0.406    27.7451 0.0000e+00
      0.285     -0.001     8.4144    107.108     31.550  33.288166    30.7800     6.0174     0.0852     1.1844 2.2040e+02     3.9354      0.280      0.405    27.7459 0.0000e+00
      0.285     -0.001     8.4120    107.176     31.565  33.304011    30.7800     6.0479     0.0852     1.1844 2.2050e+02     3.9203      0.280      0.405    27.7466 0.0000e+00
      0.284     -0.002     8.4123    107.209     31.570  33.309299    30.7800     6.0365     0.1704     1.0998 2.2069e+02     3.9203      0.279      0.404    27.7471 0.0000e+00
      0.284     -0.002     8.4153    107.199     31.559  33.297474    30.7800     5.6588     0.1704     1.0998 2.2007e+02     3.9958      0.279      0.404    27.7475 0.0000e+00
      0.283     -0.003     8.4206    107.178     31.540  33.277333    30.7800     5.6397     0.1704     1.0998 2.2007e+02     3.9807      0.278      0.403    27.7478 0.0000e+00
      0.283     -0.004     8.4259    107.176     31.523  33.259440    30.7800     5.6664     0.1704     1.0998 2.2160e+02     3.9052      0.277      0.402    27.7480 0.0000e+00
      0.282     -0.005     8.4284    107.200     31.511  33.246991    30.7800     5.6817     0.1704     1.0998 2.2007e+02     3.8901      0.276      0.400    27.7481 0.0000e+00
      0.280     -0.006     8.4277    107.233     31.505  33.240648    30.8700     5.5329     0.1278     1.0998 2.1964e+02     3.7692      0.275      0.398    27.7481 0.0000e+00
      0.279     -0.007     8.4260    107.262     31.504  33.238722    30.8700     5.5444     0.1278     1.0998 2.2151e+02     3.6937      0.273      0.396    27.7481 0.0000e+00
      0.277     -0.008     8.4259    107.293     31.515  33.250658    30.8700     5.5215     0.1278     1.0998 2.1978e+02     3.7692      0.271      0.393    27.7480 0.0000e+00
      0.274     -0.009     8.4278    107.322     31.541  33.277646    30.8700     5.5367     0.1278     1.0998 2.2310e+02     3.7692      0.269      0.390    27.7478 0.0000e+00
      0.271     -0.010     8.4304    107.322     31.563  33.300990    30.7800     5.7084     0.1278     1.0575 2.2900e+02     3.6786      0.266      0.386    27.7475 0.0000e+00
      0.268     -0.010     8.4328    107.291     31.578  33.316955    30.7800     5.7084     0.1278     1.0575 2.2786e+02     3.7390      0.263      0.382    27.7471 0.0000e+00
      0.266     -0.009     8.4353    107.251     31.590  33.329800    30.7800     5.7237     0.1278     1.0575 2.2677e+02     3.7541      0.261      0.378    27.7466 0.0000e+00
      0.263     -0.009     8.4376    107.225     31.588  33.327015    30.7800     5.7237     0.1278     1.0575 2.2815e+02     3.7239      0.258      0.375    27.7461 0.0000e+00
      0.261     -0.008     8.4377    107.213     31.566  33.303873    30.7800     5.7809     0.1278     1.0152 2.3125e+02     3.7239      0.256      0.372    27.7457 0.0000e+00
      0.259     -0.008     8.4353    107.208     31.545  33.282089    30.7800     5.7733     0.1278     1.0152 2.3190e+02     3.7088      0.254      0.369    27.7455 0.0000e+00
      0.257     -0.007     8.4322    107.208     31.541  33.277764    30.7800     5.7504     0.1278     1.0152 2.3387e+02     3.7088      0.252      0.366    27.7456 0.0000e+00
      0.255     -0.006     8.4300    107.226     31.560  33.297712    30.7800     5.7809     0.1278     1.0152 2.3561e+02     3.7692      0.250      0.363    27.7458 0.0000e+00
      0.254     -0.005     8.4290    107.264     31.599  33.339284    30.8700     5.8724     0.1278     1.0998 2.3551e+02     3.6937      0.249      0.361    27.7462 0.0000e+00
      0.253     -0.003     8.4286    107.306     31.632  33.373731    30.8700     5.8839     0.1278     1.0998 2.3520e+02     3.6635      0.248      0.360    27.7465 0.0000e+00
      0.252     -0.002     8.4286    107.324     31.643  33.384344    30.8700     5.9106     0.1278     1.0998 2.3190e+02     3.6937      0.247      0.359    27.7467 0.0000e+00
      0.252     -0.001     8.4299    107.298     31.641  33.381921    30.8700     5.9182     0.1278     1.0998 2.3049e+02     3.6332      0.247      0.359    27.7467 0.0000e+00
      0.252     -0.001     8.4330    107.225     31.626  33.365817    30.8700     5.7656     0.1278     1.0998 2.3220e+02     3.9958      0.247      0.359    27.7466 0.0000e+00
      0.252      0.000     8.4364    107.116     31.594  33.331735    30.7800     5.7962     0.1278     1.2267 2.3090e+02     3.9203      0.247      0.359    27.7462 0.0000e+00
      0.252      0.000     8.4379    107.006     31.563  33.298474    30.7800     5.7809     0.1278     1.2267 2.3332e+02     3.9807      0.247      0.359    27.7456 0.0000e+00
      0.252      0.001     8.4359    106.924     31.543  33.277081    30.7800     5.7962     0.1278     1.2267 2.3372e+02     3.9052      0.247      0.359    27.7448 0.0000e+00
      0.252      0.001     8.4303    106.880     31.542  33.275796    30.7800     5.7771     0.1278     1.2267 2.3210e+02     3.8901      0.247      0.359    27.7441 0.0000e+00
      0.253      0.001     8.4218    106.876     31.558  33.292283    30.7800     5.7656     0.1278     1.1421 2.3090e+02     3.8598      0.248      0.360    27.7433 0.0000e+00
      0.253      0.001     8.4133    106.916     31.568  33.303053    30.7800     5.7962     0.1278     1.1421 2.2999e+02     3.9656      0.248      0.360    27.7427 0.0000e+00
      0.253      0.001     8.4069    106.999     31.572  33.306994    30.7800     5.7847     0.1278     1.1421 2.3311e+02     3.9656      0.248      0.360    27.7421 0.0000e+00
      0.253      0.000     8.4035    107.113     31.569  33.303167    30.7800     5.7580     0.1278     1.1421 2.3135e+02     3.9052      0.248      0.360    27.7418 0.0000e+00
      0.253      0.000     8.4033    107.233     31.561  33.294533    30.8700     5.5940     0.1278     1.1844 2.3105e+02     3.7390      0.248      0.360    27.7414 0.0000e+00
      0.253      0.000     8.4065    107.335     31.567  33.300701    30.8700     5.5940     0.1278     1.1844 2.3135e+02     3.7390      0.248      0.360    27.7411 0.0000e+00
