Data/DataNotYetUploadedToEDI/Raw_CTD/RawDownloads/070824_fcr30_S7809009.cnv
* Sea-Bird SBE19plus  Data File:
* FileName = C:\R\Reservoirs\Data\DataNotYetUploadedToEDI\Raw_CTD\RawDownloads\070824_fcr50_S7809_0009.hex
* Software version 2.8.0.119
* Temperature SN = 7809
* Conductivity SN = 7809
* System UpLoad Time = Jul 10 2024 15:58:56
* <ApplicationData>
* <Seaterm232>
# nquan = 15
# nvalues = 1847                        
# units = specified
# name 0 = depFM: Depth [fresh water, m]
# name 1 = dz/dtM: Descent Rate [m/s]
# name 2 = sbeox0Mg/L: Oxygen, SBE 43 [mg/l]
# name 3 = sbeox0PS: Oxygen, SBE 43 [% saturation]
# name 4 = specc: Specific Conductance [uS/cm]
# name 5 = c0uS/cm: Conductivity [uS/cm]
# name 6 = flECO-AFL: Fluorescence, WET Labs ECO-AFL/FL [mg/m^3]
# name 7 = ph: pH
# name 8 = orp: Oxidation Reduction Potential [mV]
# name 9 = par/sat/log: PAR/Logarithmic, Satlantic
# name 10 = turbWETntu0: Turbidity, WET Labs ECO [NTU]
# name 11 = prdM: Pressure, Strain Gauge [db]
# name 12 = prdE: Pressure, Strain Gauge [psi]
# name 13 = tv290C: Temperature [ITS-90, deg C]
# name 14 = flag:  0.000e+00
# span 0 =     -0.635,      5.371       
# span 1 =     -0.352,      0.209       
# span 2 =     0.0763,     9.4730       
# span 3 =      0.877,    119.935       
# span 4 =   -103.522,     66.202       
# span 5 =-105.871534,  52.560617       
# span 6 =    -1.3275,     6.6571       
# span 7 =      8.019,      9.939       
# span 8 =  -101.4844,   120.4191       
# span 9 = 1.4576e-01, 1.1941e+03       
# span 10 =    -3.0469,   375.8014      
# span 11 =     -0.624,      5.267      
# span 12 =     -0.905,      7.639      
# span 13 =    11.8319,    29.0984      
# span 14 = 0.0000e+00, 0.0000e+00      
# interval = seconds: 0.25
# start_time = Jul 08 2024 13:07:16 [Instrument's time stamp, header]
# bad_flag = -9.990e-29
*END*
[from data line 386]
      0.560      0.019     6.9052     90.301     41.569  42.786506     2.9090      9.693    27.0414 7.2820e+01    21.1912      0.550      0.798    26.5507 0.0000e+00
      0.564      0.018     6.9493     91.043     41.604  42.806156     2.9065      9.695    26.9808 7.3129e+01    21.1972      0.553      0.802    26.5175 0.0000e+00
      0.567      0.016     7.0578     91.157     41.549  42.741091     2.8725      9.697    27.0113 7.3141e+01    21.1080      0.555      0.805    26.5036 0.0000e+00
      0.571      0.016     7.1734     90.517     41.518  42.697974     2.8220      9.699    27.1513 7.2790e+01    21.0009      0.560      0.812    26.4903 0.0000e+00
      0.575      0.017     7.2769     89.324     41.617  42.792581     2.8036      9.701    27.2112 7.2186e+01    20.9272      0.564      0.818    26.4561 0.0000e+00
      0.579      0.017     7.3448     87.910     41.678  42.869446     2.8243      9.701    27.3057 7.1309e+01    20.8653      0.567      0.822    26.4302 0.0000e+00
      0.584      0.016     7.3622     86.467     41.656  42.865706     2.8733      9.700    27.5194 7.0199e+01    20.1168      0.573      0.831    26.4335 0.0000e+00
      0.589      0.015     7.3042     85.241     41.599  42.810862     2.9381      9.699    27.6449 6.9034e+01    18.7432      0.578      0.839    26.4148 0.0000e+00
      0.594      0.014     7.1986     84.561     41.517  42.714110     2.9671      9.697    27.7894 6.7973e+01    18.0231      0.583      0.846    26.3916 0.0000e+00
      0.597      0.013     7.0790     84.478     41.412  42.584447     2.9658      9.695    28.0621 6.7168e+01    17.9682      0.586      0.850    26.4217 0.0000e+00
      0.599      0.012     6.9522     84.708     41.310  42.449021     2.9303      9.693    28.2753 6.6574e+01    18.1483      0.587      0.852    26.4566 0.0000e+00
      0.600      0.012     6.8401     84.912     41.245  42.346040     2.8467      9.691    28.3873 6.6041e+01    18.4927      0.588      0.853    26.4570 0.0000e+00
      0.603      0.013     6.7853     84.782     41.225  42.291300     2.7948      9.691    28.5566 6.5495e+01    18.6826      0.590      0.856    26.4389 0.0000e+00
      0.607      0.015     6.7945     84.080     41.250  42.294857     2.7948      9.690    28.6011 6.4830e+01    18.7361      0.594      0.862    26.4116 0.0000e+00
      0.612      0.017     6.8255     82.802     41.289  42.325538     2.8463      9.690    28.4959 6.4130e+01    18.6264      0.600      0.870    26.3775 0.0000e+00
      0.617      0.019     6.8568     81.135     41.304  42.344907     2.9427      9.689    28.8331 6.3428e+01    18.3474      0.605      0.877    26.3278 0.0000e+00
      0.622      0.020     6.8609     79.319     41.287  42.338650     2.9864      9.687    29.4945 6.2659e+01    18.1641      0.609      0.884    26.2800 0.0000e+00
      0.627      0.020     6.8071     77.666     41.255  42.313374     2.9751      9.685    29.7817 6.1728e+01    18.0834      0.613      0.890    26.2543 0.0000e+00
      0.632      0.020     6.6978     76.480     41.237  42.293180     2.9649      9.683    29.6393 6.0573e+01    17.9863      0.619      0.897    26.2432 0.0000e+00
      0.638      0.020     6.5572     75.876     41.236  42.284898     2.9125      9.681    29.4934 5.9537e+01    17.5703      0.627      0.909    26.2494 0.0000e+00
      0.643      0.021     6.3990     75.754     41.237  42.276692     2.8162      9.678    29.6523 5.8768e+01    16.8465      0.632      0.916    26.2694 0.0000e+00
      0.647      0.023     6.2534     75.898     41.226  42.257407     2.7577      9.676    30.0972 5.7809e+01    16.4081      0.634      0.918    26.2819 0.0000e+00
      0.652      0.025     6.1555     76.124     41.219  42.242128     2.7379      9.673    30.5707 5.6463e+01    16.2669      0.639      0.927    26.2770 0.0000e+00
      0.659      0.025     6.1111     76.284     41.208  42.218883     2.7262      9.670    30.8175 5.4924e+01    16.1299      0.646      0.937    26.2652 0.0000e+00
      0.667      0.025     6.1106     76.236     41.171  42.166742     2.7331      9.667    30.8439 5.3349e+01    16.0493      0.654      0.948    26.2532 0.0000e+00
      0.675      0.024     6.1278     75.920     41.140  42.119421     2.7460      9.665    30.9768 5.1983e+01    16.0774      0.662      0.960    26.2443 0.0000e+00
      0.681      0.021     6.1504     75.358     41.125  42.090983     2.7409      9.663    31.3915 5.0960e+01    16.0597      0.670      0.971    26.2361 0.0000e+00
      0.686      0.018     6.1703     74.627     41.120  42.076754     2.7048      9.662    31.6416 5.0308e+01    15.7328      0.674      0.977    26.2217 0.0000e+00
      0.689      0.015     6.1696     73.808     41.126  42.074308     2.6503      9.659    31.5920 4.9968e+01    15.1995      0.675      0.979    26.2027 0.0000e+00
      0.691      0.014     6.1458     72.963     41.124  42.061384     2.6234      9.658    31.6521 4.9719e+01    14.9068      0.676      0.981    26.1825 0.0000e+00
      0.694      0.015     6.0994     72.114     41.121  42.047424     2.6296      9.657    31.7665 4.9480e+01    14.8919      0.680      0.987    26.1665 0.0000e+00
      0.698      0.016     6.0389     71.230     41.118  42.032433     2.6000      9.655    31.8565 4.9232e+01    14.7795      0.684      0.992    26.1565 0.0000e+00
      0.702      0.019     5.9723     70.338     41.103  42.007046     2.5326      9.652    32.2239 4.8814e+01    14.5041      0.687      0.996    26.1473 0.0000e+00
      0.707      0.020     5.9033     69.470     41.097  41.994335     2.4974      9.649    32.5952 4.8169e+01    14.3300      0.692      1.004    26.1343 0.0000e+00
      0.713      0.019     5.8396     68.586     41.114  42.005667     2.4895      9.645    32.6456 4.7389e+01    14.3143      0.699      1.014    26.1200 0.0000e+00
      0.720      0.017     5.7677     67.674     41.134  42.017116     2.4294      9.641    32.6607 4.6567e+01    14.0403      0.706      1.025    26.1053 0.0000e+00
      0.726      0.013     5.6944     66.754     41.135  42.005815     2.3036      9.638    32.6925 4.5871e+01    13.4084      0.714      1.035    26.0918 0.0000e+00
      0.729      0.009     5.6284     65.886     41.140  41.995953     2.2167      9.635    32.7718 4.5391e+01    13.0277      0.716      1.039    26.0844 0.0000e+00
      0.729      0.006     5.5564     65.104     41.181  42.024786     2.2109      9.631    33.0179 4.5024e+01    13.0579      0.715      1.037    26.0781 0.0000e+00
      0.728      0.006     5.4838     64.336     41.271  42.100531     2.2337      9.625    33.3444 4.4732e+01    13.4662      0.714      1.035    26.0686 0.0000e+00
      0.726      0.007     5.4088     63.553     41.344  42.150137     2.2422      9.619    33.7076 4.4429e+01    14.1043      0.711      1.031    26.0536 0.0000e+00
      0.727      0.009     5.3374     62.784     41.343  42.116782     2.2309      9.613    33.9685 4.3924e+01    14.3860      0.710      1.029    26.0331 0.0000e+00
      0.732      0.010     5.2803     61.960     41.322  42.078007     2.2133      9.609    33.9179 4.3333e+01    14.3445      0.717      1.040    26.0173 0.0000e+00
      0.739      0.009     5.2200     60.905     41.291  42.062089     2.2206      9.606    33.7835 4.2991e+01    14.3539      0.727      1.054    26.0032 0.0000e+00
      0.744      0.007     5.1563     59.555     41.242  42.051283     2.3277      9.601    33.7207 4.3081e+01    14.4650      0.733      1.063    25.9755 0.0000e+00
      0.744      0.005     5.1009     58.257     41.232  42.074355     2.4932      9.596    33.6749 4.3521e+01    14.5613      0.731      1.061    25.9248 0.0000e+00
      0.740      0.003     5.0430     57.578     41.240  42.087223     2.5649      9.592    33.9176 4.3945e+01    14.5958      0.725      1.051    25.8888 0.0000e+00
      0.737      0.003     4.9601     57.651     41.246  42.079944     2.5533      9.589    34.3326 4.3980e+01    14.6085      0.721      1.045    25.9169 0.0000e+00
      0.738      0.004     4.8352     58.055     41.291  42.113257     2.5111      9.587    34.5624 4.3624e+01    14.3738      0.723      1.048    25.9787 0.0000e+00
      0.743      0.005     4.7012     58.266     41.357  42.172634     2.4461      9.585    34.6312 4.3150e+01    13.9103      0.729      1.058    26.0292 0.0000e+00
      0.748      0.007     4.6424     58.069     41.426  42.226647     2.4164      9.583    34.5617 4.2809e+01    13.6494      0.734      1.066    26.0323 0.0000e+00
      0.750      0.008     4.6677     57.572     41.485  42.258549     2.4020      9.581    34.3248 4.2639e+01    13.5083      0.736      1.068    25.9974 0.0000e+00
      0.749      0.007     4.7181     56.797     41.503  42.240964     2.3387      9.579    34.0904 4.2449e+01    12.9554      0.735      1.066    25.9876 0.0000e+00
      0.749      0.006     4.7434     55.543     41.490  42.204381     2.2588      9.578    34.0506 4.2136e+01    12.1222      0.733      1.064    25.9840 0.0000e+00
      0.751      0.005     4.7205     53.680     41.486  42.197007     2.2270      9.575    34.2734 4.1740e+01    11.7008      0.736      1.067    25.9649 0.0000e+00
      0.754      0.005     4.6814     51.444     41.503  42.215268     2.2288      9.573    34.6339 4.1350e+01    11.6520      0.740      1.073    25.9328 0.0000e+00
      0.756      0.006     4.6321     49.399     41.525  42.234778     2.2629      9.572    34.9673 4.1127e+01    11.6003      0.742      1.076    25.8761 0.0000e+00
      0.758      0.006     4.5384     47.964     41.539  42.242487     2.3317      9.570    35.2072 4.1108e+01    11.5545      0.744      1.078    25.8414 0.0000e+00
      0.759      0.006     4.3807     47.151     41.552  42.244995     2.3787      9.568    35.2971 4.1222e+01    11.5762      0.744      1.079    25.8506 0.0000e+00
      0.759      0.006     4.1772     46.735     41.590  42.265091     2.3979      9.566    35.3657 4.1344e+01    11.6234      0.744      1.079    25.8562 0.0000e+00
      0.760      0.006     3.9976     46.507     41.642  42.295021     2.3970      9.564    35.5209 4.1387e+01    11.7490      0.744      1.079    25.8464 0.0000e+00
      0.762      0.006     3.8832     46.389     41.660  42.289500     2.3604      9.562    35.6246 4.1374e+01    11.9344      0.747      1.083    25.8441 0.0000e+00
      0.764      0.007     3.8256     46.374     41.645  42.261764     2.3209      9.561    35.5871 4.1331e+01    11.9857      0.750      1.088    25.8318 0.0000e+00
      0.766      0.007     3.8010     46.421     41.657  42.276995     2.3192      9.559    35.4978 4.1241e+01    11.9941      0.752      1.090    25.8052 0.0000e+00
      0.768      0.008     3.7852     46.448     41.713  42.346724     2.3309      9.556    35.4056 4.1070e+01    12.0012      0.754      1.092    25.7797 0.0000e+00
      0.770      0.008     3.7774     46.429     41.763  42.406719     2.2875      9.553    35.3320 4.0824e+01    11.8672      0.755      1.094    25.7460 0.0000e+00
      0.771      0.008     3.7785     46.370     41.786  42.431174     2.1945      9.549    35.3826 4.0539e+01    11.6722      0.756      1.096    25.7262 0.0000e+00
      0.773      0.008     3.7851     46.166     41.810  42.452004     2.1383      9.546    35.4152 4.0244e+01    11.5556      0.758      1.101    25.7344 0.0000e+00
      0.776      0.008     3.7867     45.640     41.837  42.468154     2.1406      9.544    35.2964 3.9940e+01    11.5508      0.761      1.104    25.7560 0.0000e+00
      0.778      0.007     3.7820     44.744     41.889  42.499486     2.1476      9.542    35.4085 3.9673e+01    11.4097      0.763      1.106    25.7699 0.0000e+00
      0.780      0.007     3.7809     43.612     41.925  42.513459     2.1321      9.541    35.8239 3.9459e+01    11.0111      0.765      1.109    25.7659 0.0000e+00
      0.782      0.006     3.7714     42.376     41.870  42.446649     2.1116      9.537    36.1886 3.9306e+01    10.7273      0.767      1.112    25.7632 0.0000e+00
      0.783      0.006     3.7315     41.098     41.813  42.389840     2.0989      9.534    36.3770 3.9248e+01    10.6434      0.768      1.113    25.7538 0.0000e+00
      0.784      0.006     3.6539     39.849     41.813  42.397822     2.1025      9.532    36.3812 3.9238e+01    10.6794      0.768      1.114    25.7255 0.0000e+00
      0.785      0.006     3.5604     38.830     41.824  42.416237     2.1146      9.529    36.4114 3.9226e+01    10.8553      0.770      1.117    25.6896 0.0000e+00
      0.787      0.005     3.4592     38.332     41.825  42.422089     2.1204      9.527    36.7414 3.9197e+01    10.9592      0.772      1.120    25.6740 0.0000e+00
      0.789      0.005     3.3534     38.468     41.805  42.405115     2.1149      9.524    37.1880 3.9163e+01    10.9109      0.774      1.122    25.6822 0.0000e+00
      0.791      0.005     3.2457     39.078     41.803  42.401419     2.0889      9.523    37.3381 3.9149e+01    10.9209      0.775      1.124    25.6954 0.0000e+00
      0.791      0.005     3.1502     39.908     41.844  42.440865     2.0640      9.522    37.0933 3.9120e+01    11.0801      0.776      1.125    25.7047 0.0000e+00
      0.792      0.005     3.1062     40.751     41.901  42.501240     2.0552      9.520    36.7237 3.9022e+01    11.1960      0.776      1.126    25.7076 0.0000e+00
      0.794      0.005     3.1228     41.461     41.953  42.560175     2.0572      9.517    36.4820 3.8824e+01    11.1608      0.778      1.128    25.7136 0.0000e+00
      0.795      0.006     3.1815     41.883     41.973  42.582228     2.0800      9.514    36.3218 3.8568e+01    11.0982      0.780      1.131    25.7102 0.0000e+00
      0.796      0.006     3.2550     41.842     41.968  42.577483     2.1238      9.512    36.3358 3.8317e+01    11.1219      0.781      1.133    25.7030 0.0000e+00
      0.798      0.006     3.3274     41.273     41.956  42.566271     2.1613      9.511    36.5644 3.8045e+01    11.1739      0.783      1.135    25.7084 0.0000e+00
      0.799      0.006     3.3879     40.293     41.963  42.573598     2.1761      9.508    36.7639 3.7762e+01    11.1805      0.784      1.138    25.7186 0.0000e+00
      0.801      0.006     3.4291     39.158     41.993  42.602603     2.1777      9.506    37.0272 3.7546e+01    11.1680      0.786      1.140    25.7218 0.0000e+00
      0.803      0.006     3.4280     38.167     41.994  42.599616     2.1811      9.504    37.3388 3.7403e+01    11.0571      0.787      1.142    25.7189 0.0000e+00
      0.804      0.006     3.3776     37.482     42.002  42.600942     2.1997      9.502    37.3474 3.7278e+01    10.8984      0.789      1.144    25.7208 0.0000e+00
      0.805      0.006     3.2903     37.084     42.027  42.618634     2.2206      9.499    37.1324 3.7135e+01    10.8888      0.789      1.144    25.7241 0.0000e+00
      0.807      0.006     3.1871     36.851     42.044  42.623106     2.2247      9.496    36.8030 3.6956e+01    10.9071      0.790      1.146    25.7219 0.0000e+00
      0.808      0.007     3.1025     36.671     42.092  42.654988     2.2075      9.495    36.2902 3.6768e+01    10.7093      0.793      1.151    25.7146 0.0000e+00
      0.810      0.009     3.0479     36.496     42.138  42.686746     2.1879      9.493    35.8359 3.6589e+01    10.4110      0.795      1.153    25.7067 0.0000e+00
      0.811      0.011     3.0205     36.368     42.153  42.689707     2.1953      9.490    35.6989 3.6294e+01    10.3401      0.795      1.153    25.7014 0.0000e+00
      0.814      0.012     3.0052     36.290     42.163  42.690774     2.2134      9.488    35.9242 3.5804e+01    10.4326      0.798      1.157    25.6848 0.0000e+00
      0.818      0.013     2.9942     36.127     42.178  42.699631     2.1829      9.485    36.3224 3.5259e+01    10.4026      0.802      1.164    25.6601 0.0000e+00
