Data/DataNotYetUploadedToEDI/Raw_CTD/RawDownloads/070824_fcr10_S7809007.cnv
* Sea-Bird SBE19plus  Data File:
* FileName = C:\R\Reservoirs\Data\DataNotYetUploadedToEDI\Raw_CTD\RawDownloads\070824_fcr50_S7809_0007.hex
* Software version 2.8.0.119
* Temperature SN = 7809
* Conductivity SN = 7809
* System UpLoad Time = Jul 10 2024 15:57:43
* <ApplicationData>
* <Seaterm232>
# nquan = 15
# nvalues = 1075                        
# units = specified
# name 0 = depFM: Depth [fresh water, m]
# name 1 = dz/dtM: Descent Rate [m/s]
# name 2 = sbeox0Mg/L: Oxygen, SBE 43 [mg/l]
# name 3 = sbeox0PS: Oxygen, SBE 43 [% saturation]
# name 4 = specc: Specific Conductance [uS/cm]
# name 5 = c0uS/cm: Conductivity [uS/cm]
# name 6 = flECO-AFL: Fluorescence, WET Labs ECO-AFL/FL [mg/m^3]
# name 7 = ph: pH
# name 8 = orp: Oxidation Reduction Potential [mV]
# name 9 = par/sat/log: PAR/Logarithmic, Satlantic
# name 10 = turbWETntu0: Turbidity, WET Labs ECO [NTU]
# name 11 = prdM: Pressure, Strain Gauge [db]
# name 12 = prdE: Pressure, Strain Gauge [psi]
# name 13 = tv290C: Temperature [ITS-90, deg C]
# name 14 = flag:  0.000e+00
# span 0 =     -0.638,      2.197       
# span 1 =     -0.313,      0.146       
# span 2 =     0.0720,    10.3978       
# span 3 =      0.850,    131.654       
# span 4 =      0.560,    104.947       
# span 5 =   0.592528,  97.564898       
# span 6 =    -1.1554,    29.6310       
# span 7 =      6.238,      9.852       
# span 8 =  -273.8461,   963.8968       
# span 9 = 1.2358e-01, 3.0975e+03       
# span 10 =    -4.9902,   155.1463      
# span 11 =     -0.627,      2.158      
# span 12 =     -0.909,      3.130      
# span 13 =    21.3906,    33.6956      
# span 14 = 0.0000e+00, 0.0000e+00      
# interval = seconds: 0.25
# start_time = Jul 08 2024 12:36:19 [Instrument's time stamp, header]
# bad_flag = -9.990e-29
*END*
[from data line 675]
      2.141      0.008     0.1231      1.481     88.444  83.285798     2.7138      8.738  -171.7245 7.0271e-01    10.6874      2.099      3.045    22.0856 0.0000e+00
      2.142      0.007     0.1262      1.507     88.559  83.364629     2.6318      8.733  -172.3238 6.7462e-01    10.0085      2.101      3.047    22.0924 0.0000e+00
      2.144      0.007     0.1262      1.514     88.456  83.243634     2.4756      8.727  -172.7918 6.4837e-01     8.7672      2.103      3.050    22.0941 0.0000e+00
      2.146      0.007     0.1269      1.494     88.507  83.285596     2.3899      8.722  -173.1677 6.2587e-01     8.0786      2.104      3.052    22.0910 0.0000e+00
      2.148      0.007     0.1289      1.469     88.864  83.617588     2.3868      8.716  -173.5994 6.0474e-01     7.9682      2.106      3.055    22.0832 0.0000e+00
      2.149      0.007     0.1322      1.448     89.308  84.014133     2.3959      8.710  -174.1397 5.7769e-01     7.6720      2.108      3.057    22.0601 0.0000e+00
      2.151      0.006     0.1334      1.415     89.614  84.264137     2.4089      8.705  -174.7099 5.5415e-01     7.1276      2.110      3.060    22.0427 0.0000e+00
      2.153      0.006     0.1303      1.358     89.821  84.414264     2.4191      8.700  -175.3318 5.3241e-01     6.7834      2.112      3.064    22.0453 0.0000e+00
      2.155      0.005     0.1280      1.280     89.950  84.493598     2.4109      8.695  -175.8941 5.0884e-01     6.6529      2.113      3.065    22.0466 0.0000e+00
      2.156      0.005     0.1269      1.190     90.016  84.523666     2.3767      8.690  -176.3467 4.9538e-01     6.4383      2.114      3.066    22.0343 0.0000e+00
      2.156      0.004     0.1245      1.113     90.112  84.586965     2.3387      8.686  -176.9317 4.9484e-01     6.2029      2.115      3.067    22.0117 0.0000e+00
      2.157      0.004     0.1195      1.063     90.173  84.622875     2.3336      8.681  -177.5476 4.8415e-01     6.1641      2.116      3.068    21.9837 0.0000e+00
      2.158      0.004     0.1124      1.020     90.138  84.576199     2.3483      8.675  -178.0286 4.6124e-01     6.2419      2.117      3.070    21.9593 0.0000e+00
      2.160      0.004     0.1038      0.975     90.095  84.531421     2.3840      8.670  -178.5317 4.4334e-01     6.3576      2.118      3.072    21.9435 0.0000e+00
      2.161      0.004     0.0963      0.942     90.085  84.526681     2.4405      8.666  -178.9840 4.2847e-01     6.5391      2.119      3.073    21.9287 0.0000e+00
      2.161      0.004     0.0928      0.929     90.070  84.518890     2.4650      8.661  -179.2810 4.2019e-01     6.6256      2.120      3.074    21.9152 0.0000e+00
      2.162      0.004     0.0900      0.939     90.183  84.628039     2.4646      8.657  -179.6282 4.1545e-01     6.6178      2.121      3.076    21.9080 0.0000e+00
      2.164      0.004     0.0845      0.974     90.539  84.955952     2.4523      8.652  -180.0845 4.0810e-01     6.5815      2.122      3.078    21.9057 0.0000e+00
      2.165      0.004     0.0820      1.005     90.930  85.303457     2.3994      8.647  -180.4095 3.8886e-01     6.4942      2.123      3.080    21.9087 0.0000e+00
      2.166      0.004     0.0808      1.031     91.125  85.458612     2.3324      8.642  -180.5461 3.6967e-01     6.4168      2.124      3.081    21.9138 0.0000e+00
      2.166      0.003     0.0807      1.066     91.264  85.559790     2.3078      8.636  -180.7051 3.6939e-01     6.4313      2.125      3.081    21.9169 0.0000e+00
      2.167      0.003     0.0859      1.095     91.511  85.763471     2.3108      8.631  -181.0408 3.7144e-01     6.4639      2.125      3.082    21.9142 0.0000e+00
      2.168      0.003     0.0883      1.099     92.011  86.203899     2.2925      8.626  -181.4212 3.6127e-01     6.2984      2.126      3.083    21.9031 0.0000e+00
      2.169      0.003     0.0896      1.094     93.106  87.195654     2.2613      8.620  -181.6915 3.3610e-01     6.0026      2.127      3.085    21.8855 0.0000e+00
      2.170      0.004     0.0933      1.102     94.451  88.403857     2.2504      8.615  -181.8996 3.1105e-01     5.8591      2.128      3.087    21.8692 0.0000e+00
      2.171      0.004     0.0974      1.118     95.213  89.043749     2.2364      8.611  -181.7864 3.1254e-01     5.8610      2.129      3.088    21.8555 0.0000e+00
      2.172      0.004     0.0966      1.129     95.336  89.079903     2.2162      8.608  -180.8388 3.2367e-01     5.9235      2.130      3.089    21.8398 0.0000e+00
      2.173      0.003     0.0951      1.127     95.209  88.904492     2.2225      8.604  -179.2180 3.0572e-01     5.9994      2.131      3.090    21.8242 0.0000e+00
      2.174      0.003     0.0967      1.124     94.950  88.640442     2.2379      8.600  -177.9350 2.7890e-01     5.9933      2.132      3.092    21.7992 0.0000e+00
      2.174      0.003     0.0980      1.114     94.654  88.368293     2.2438      8.596  -177.4565 2.7964e-01     5.9522      2.132      3.093    21.7567 0.0000e+00
      2.175      0.003     0.1003      1.088     94.546  88.285815     2.2353      8.592  -178.1654 2.8519e-01     5.9803      2.133      3.094    21.7087 0.0000e+00
      2.176      0.004     0.0986      1.067     94.654  88.406620     2.2111      8.587  -181.1719 2.7949e-01     6.0588      2.134      3.095    21.6768 0.0000e+00
      2.177      0.004     0.0989      1.051     94.804  88.556666     2.2011      8.582  -186.2751 2.7001e-01     6.0818      2.135      3.097    21.6678 0.0000e+00
      2.178      0.004     0.0993      1.025     94.889  88.636874     2.2216      8.578  -191.9443 2.5417e-01     6.0880      2.136      3.098    21.6720 0.0000e+00
      2.179      0.003     0.0948      1.005     94.930  88.676646     2.2849      8.574  -197.1477 2.4334e-01     6.2369      2.136      3.098    21.6841 0.0000e+00
      2.180      0.003     0.0937      1.014     95.035  88.783083     2.3749      8.569  -201.6089 2.3813e-01     6.4467      2.138      3.101    21.6969 0.0000e+00
      2.181      0.002     0.0931      1.041     95.225  88.969555     2.4275      8.564  -205.1022 2.3237e-01     6.5077      2.139      3.103    21.7019 0.0000e+00
      2.181      0.002     0.0902      1.064     95.415  89.150017     2.4295      8.560  -207.3780 2.3092e-01     6.4274      2.138      3.101    21.7001 0.0000e+00
      2.182      0.001     0.0870      1.073     95.662  89.374608     2.3917      8.555  -208.9930 2.2090e-01     6.2264      2.139      3.103    21.6990 0.0000e+00
      2.182      0.001     0.0884      1.058     95.975  89.649287     2.3450      8.550  -210.9481 2.0775e-01     5.9915      2.140      3.104    21.7052 0.0000e+00
      2.182      0.001     0.0920      1.038     96.167  89.799136     2.3224      8.545  -213.2071 2.1099e-01     5.9103      2.140      3.103    21.7123 0.0000e+00
      2.182      0.001     0.0936      1.049     96.258  89.850391     2.3171      8.540  -215.1410 2.1561e-01     5.9273      2.140      3.104    21.7128 0.0000e+00
      2.182      0.000     0.0956      1.074     96.398  89.950861     2.3229      8.535  -216.6924 2.1550e-01     5.9582      2.139      3.103    21.7104 0.0000e+00
      2.182 4.2676e-07     0.0935      1.084     96.542  90.059569     2.3260      8.531  -218.0264 2.1528e-01     5.9763      2.140      3.103    21.7024 0.0000e+00
      2.182      0.000     0.0896      1.086     96.523  90.019566     2.3216      8.526  -219.0527 2.1261e-01     5.9415      2.140      3.104    21.6845 0.0000e+00
      2.183      0.000     0.0917      1.072     96.359  89.848879     2.3041      8.521  -219.8951 2.1095e-01     5.8791      2.140      3.104    21.6652 0.0000e+00
      2.183      0.001     0.0958      1.047     96.226  89.713510     2.2803      8.516  -221.0709 2.0897e-01     5.8361      2.140      3.104    21.6503 0.0000e+00
      2.183      0.001     0.0951      1.040     96.099  89.591589     2.3001      8.511  -222.5142 1.9866e-01     5.8664      2.140      3.104    21.6369 0.0000e+00
      2.183      0.001     0.0963      1.038     95.950  89.456262     2.3681      8.506  -223.6650 1.9745e-01     5.9381      2.141      3.105    21.6249 0.0000e+00
      2.183      0.001     0.0953      1.021     95.896  89.413279     2.4206      8.501  -224.6613 2.1482e-01     5.9849      2.140      3.104    21.6156 0.0000e+00
      2.183      0.001     0.0908      1.001     95.936  89.453604     2.4261      8.496  -226.1286 2.2288e-01     5.9887      2.141      3.105    21.6091 0.0000e+00
      2.183      0.001     0.0915      0.996     95.983  89.498510     2.3690      8.491  -228.1548 2.1735e-01     5.9492      2.141      3.105    21.6072 0.0000e+00
      2.183      0.001     0.0921      1.010     95.994  89.510913     2.2785      8.487  -230.4895 1.9817e-01     5.9175      2.141      3.106    21.6104 0.0000e+00
      2.184      0.001     0.0901      1.027     95.951  89.476324     2.2400      8.482  -233.1061 1.8207e-01     5.9127      2.142      3.107    21.6154 0.0000e+00
      2.184      0.001     0.0873      1.023     95.999  89.525629     2.2356      8.478  -235.8724 1.9296e-01     5.9254      2.142      3.106    21.6174 0.0000e+00
      2.184      0.001     0.0872      1.006     96.274  89.788976     2.2926      8.474  -238.3839 1.9485e-01     5.9001      2.142      3.107    21.6162 0.0000e+00
      2.184      0.001     0.0882      0.989     96.680  90.179284     2.4381      8.470  -240.3278 1.7765e-01     5.8111      2.142      3.107    21.6171 0.0000e+00
      2.185      0.001     0.0919      0.983     97.070  90.554861     2.5384      8.466  -241.9955 1.6411e-01     5.7720      2.143      3.108    21.6210 0.0000e+00
      2.185      0.001     0.0902      1.001     97.360  90.830907     2.5489      8.461  -243.8346 1.6105e-01     5.7699      2.143      3.108    21.6234 0.0000e+00
      2.186      0.001     0.0884      1.016     97.515  90.972060     2.4643      8.456  -245.7873 1.6247e-01     5.7170      2.144      3.109    21.6258 0.0000e+00
      2.186      0.001     0.0875      1.035     97.610  91.052693     2.3062      8.452  -247.5376 1.5801e-01     5.6454      2.143      3.110    21.6325 0.0000e+00
      2.186      0.001     0.0845      1.063     97.742  91.169591     2.2185      8.449  -248.9084 1.5426e-01     5.6206      2.144      3.109    21.6407 0.0000e+00
      2.186      0.001     0.0893      1.080     97.890  91.303852     2.2189      8.446  -250.1436 1.5269e-01     5.6567      2.144      3.109    21.6443 0.0000e+00
      2.187      0.001     0.0891      1.101     98.000  91.403544     2.2199      8.441  -251.2871 1.5088e-01     5.6713      2.145      3.110    21.6406 0.0000e+00
      2.187      0.001     0.0902      1.115     98.086  91.484205     2.2058      8.437  -252.1512 1.3976e-01     5.5926      2.144      3.111    21.6349 0.0000e+00
      2.187      0.001     0.0952      1.109     98.252  91.642876     2.1986      8.434  -252.9338 1.3278e-01     5.4913      2.145      3.110    21.6322 0.0000e+00
      2.187      0.001     0.0942      1.105     98.620  91.985908     2.1996      8.431  -253.7797 1.4176e-01     5.4708      2.144      3.111    21.6308 0.0000e+00
      2.188      0.001     0.0972      1.099     99.059  92.386836     2.1843      8.428  -254.5494 1.4671e-01     5.4811      2.145      3.111    21.6288 0.0000e+00
      2.188      0.001     0.0997      1.094     99.179  92.481959     2.1549      8.426  -255.1859 1.4054e-01     5.4449      2.145      3.112    21.6290 0.0000e+00
      2.188      0.001     0.0967      1.094     98.945  92.245233     2.1444      8.422  -255.7961 1.3442e-01     5.4096      2.146      3.113    21.6318 0.0000e+00
      2.188      0.001     0.0978      1.086     98.704  92.006045     2.1573      8.418  -256.5075 1.3335e-01     5.4300      2.146      3.113    21.6325 0.0000e+00
      2.188      0.001     0.0969      1.086     98.575  91.880505     2.2027      8.414  -257.2481 1.2871e-01     5.5554      2.146      3.112    21.6284 0.0000e+00
      2.188      0.000     0.0956      1.099     98.497  91.808986     2.2686      8.410  -257.8671 1.2412e-01     5.6959      2.146      3.113    21.6188 0.0000e+00
      2.188 1.1472e-12     0.0971      1.091     98.458  91.777572     2.3037      8.406  -258.4001 1.2381e-01     5.6940      2.146      3.113    21.6079 0.0000e+00
      2.189 1.2619e-11     0.0955      1.072     98.494  91.818822     2.3117      8.402  -258.8733 1.2552e-01     5.6350      2.146      3.113    21.6003 0.0000e+00
      2.189 1.3881e-10     0.0943      1.064     98.602  91.925991     2.3066      8.399  -259.2009 1.2941e-01     5.6310      2.147      3.114    21.5981 0.0000e+00
      2.189 1.5269e-09     0.0985      1.051     98.738  92.055336     2.3004      8.396  -259.5216 1.3041e-01     5.6462      2.146      3.113    21.5995 0.0000e+00
      2.189 1.6796e-08     0.0966      1.046     98.868  92.173825     2.3122      8.394  -259.9980 1.2815e-01     5.6474      2.147      3.114    21.6022 0.0000e+00
      2.189 1.8475e-07     0.0929      1.048     98.922  92.213341     2.3326      8.391  -260.4014 1.2698e-01     5.6795      2.147      3.114    21.6063 0.0000e+00
      2.189 1.6937e-07     0.0954      1.050     98.872  92.151351     2.3563      8.388  -260.6992 1.2557e-01     5.7615      2.147      3.114    21.6102 0.0000e+00
      2.189 1.3993e-10     0.0912      1.056     98.793  92.060559     2.4237      8.384  -261.0168 1.2418e-01     5.7846      2.147      3.114    21.6122 0.0000e+00
      2.189 1.5393e-09     0.0922      1.049     98.750  92.006327     2.5317      8.380  -261.3167 1.2381e-01     5.7195      2.147      3.114    21.6111 0.0000e+00
      2.189 1.6932e-08     0.0924      1.033     98.760  92.004632     2.5792      8.377  -261.6579 1.2361e-01     5.6577      2.148      3.115    21.6052 0.0000e+00
      2.189 1.8625e-07     0.0918      1.035     98.803  92.040048     2.5570      8.373  -262.0439 1.2363e-01     5.6523      2.147      3.114    21.5963 0.0000e+00
      2.189 1.8597e-07     0.0940      1.047     98.817  92.052776     2.4640      8.370  -262.4567 1.2363e-01     5.7568      2.148      3.115    21.5874 0.0000e+00
      2.189 1.3548e-08     0.0929      1.032     98.790  92.031265     2.3110      8.367  -262.8641 1.2361e-01     5.8970      2.147      3.114    21.5792 0.0000e+00
      2.189 -3.572e-08     0.0902      1.023     98.788  92.034477     2.2389      8.364  -263.2701 1.2364e-01     5.9460      2.147      3.114    21.5737 0.0000e+00
      2.190 -4.097e-07     0.0899      1.034     98.843  92.091616     2.2490      8.360  -263.6652 1.2370e-01     5.9735      2.147      3.115    21.5715 0.0000e+00
      2.190      0.000     0.0946      1.029     98.970  92.213117     2.2502      8.356  -263.9419 1.2372e-01     5.9561      2.147      3.115    21.5716 0.0000e+00
      2.189      0.000     0.0903      1.010     99.123  92.358267     2.2292      8.354  -264.2061 1.2372e-01     5.8045      2.147      3.114    21.5734 0.0000e+00
      2.189     -0.001     0.0884      1.000     99.148  92.383187     2.2037      8.351  -264.6230 1.2372e-01     5.6435      2.147      3.114    21.5765 0.0000e+00
      2.189     -0.001     0.0928      0.997     98.947  92.196282     2.1994      8.347  -265.0247 1.2372e-01     5.5808      2.147      3.114    21.5802 0.0000e+00
      2.189     -0.001     0.0910      1.002     98.672  91.943597     2.2181      8.345  -265.1911 1.2374e-01     5.6270      2.146      3.113    21.5814 0.0000e+00
      2.189     -0.001     0.0884      1.022     98.580  91.873072     2.2381      8.342  -265.2583 1.2378e-01     5.7245      2.147      3.114    21.5822 0.0000e+00
      2.189     -0.001     0.0879      1.034     98.737  92.043469     2.2511      8.339  -265.3211 1.2377e-01     5.7690      2.146      3.113    21.5842 0.0000e+00
      2.189     -0.001     0.0878      1.032     98.977  92.285976     2.2661      8.336  -265.3478 1.2369e-01     5.7544      2.147      3.114    21.5831 0.0000e+00
