Data/DataNotYetUploadedToEDI/Raw_CTD/RawDownloads/070824_fcr40_S7809010.cnv
* Sea-Bird SBE19plus  Data File:
* FileName = C:\R\Reservoirs\Data\DataNotYetUploadedToEDI\Raw_CTD\RawDownloads\070824_fcr50_S7809_0010.hex
* Software version 2.8.0.119
* Temperature SN = 7809
* Conductivity SN = 7809
* System UpLoad Time = Jul 10 2024 15:59:36
* <ApplicationData>
* <Seaterm232>
# nquan = 15
# nvalues = 1486                        
# units = specified
# name 0 = depFM: Depth [fresh water, m]
# name 1 = dz/dtM: Descent Rate [m/s]
# name 2 = sbeox0Mg/L: Oxygen, SBE 43 [mg/l]
# name 3 = sbeox0PS: Oxygen, SBE 43 [% saturation]
# name 4 = specc: Specific Conductance [uS/cm]
# name 5 = c0uS/cm: Conductivity [uS/cm]
# name 6 = flECO-AFL: Fluorescence, WET Labs ECO-AFL/FL [mg/m^3]
# name 7 = ph: pH
# name 8 = orp: Oxidation Reduction Potential [mV]
# name 9 = par/sat/log: PAR/Logarithmic, Satlantic
# name 10 = turbWETntu0: Turbidity, WET Labs ECO [NTU]
# name 11 = prdM: Pressure, Strain Gauge [db]
# name 12 = prdE: Pressure, Strain Gauge [psi]
# name 13 = tv290C: Temperature [ITS-90, deg C]
# name 14 = flag:  0.000e+00
# span 0 =     -0.625,      5.995       
# span 1 =     -0.344,      0.161       
# span 2 =     0.0820,     9.4972       
# span 3 =      0.939,    120.064       
# span 4 =   -835.207,     60.025       
# span 5 =-804.978837,  51.750036       
# span 6 =    -0.1185,     3.8342       
# span 7 =      8.032,      9.334       
# span 8 =   -63.0663,   144.3417       
# span 9 = 1.2354e-01, 2.5237e+03       
# span 10 =    -0.3116,   408.8300      
# span 11 =     -0.614,      5.879      
# span 12 =     -0.889,      8.527      
# span 13 =    11.7992,    29.0430      
# span 14 = 0.0000e+00, 0.0000e+00      
# interval = seconds: 0.25
# start_time = Jul 08 2024 13:18:12 [Instrument's time stamp, header]
# bad_flag = -9.990e-29
*END*
[from data line 868]
      5.872      0.071     8.2078     75.830     52.405  38.613464     0.5771      8.519    64.9713 1.2374e-01    28.9392      5.766      8.362    11.8842 0.0000e+00
      5.892      0.060     8.2026     75.827     52.399  38.614493     0.5947      8.518    65.1528 1.2374e-01    28.9698      5.785      8.391    11.8665 0.0000e+00
      5.897      0.045     8.2008     75.846     52.389  38.613338     0.5967      8.517    65.2746 1.2371e-01    29.0266      5.781      8.386    11.8447 0.0000e+00
      5.897      0.030     8.2026     75.885     52.364  38.599501     0.5929      8.515    65.4119 1.2369e-01    29.1466      5.782      8.387    11.8349 0.0000e+00
      5.898      0.021     8.2017     75.929     52.333  38.574118     0.5823      8.514    65.6085 1.2364e-01    29.1917      5.785      8.390    11.8369 0.0000e+00
      5.901      0.021     8.1984     75.945     52.325  38.560273     0.5844      8.512    65.9301 1.2359e-01    29.2985      5.784      8.391    11.8429 0.0000e+00
      5.908      0.024     8.2002     75.925     52.334  38.559018     0.6359      8.512    66.4616 1.2362e-01    30.6434      5.793      8.402    11.8507 0.0000e+00
      5.918      0.027     8.2024     75.885     52.342  38.558933     0.7132      8.513    67.0448 1.2367e-01    33.0184      5.804      8.418    11.8575 0.0000e+00
      5.927      0.028     8.2108     75.829     52.347  38.559246     0.7455      8.513    67.4749 1.2371e-01    34.3069      5.812      8.430    11.8534 0.0000e+00
      5.936      0.028     8.2142     75.784     52.351  38.562789     0.7591      8.512    67.7895 1.2368e-01    35.3265      5.822      8.444    11.8440 0.0000e+00
      5.943      0.026     8.2122     75.768     52.402  38.601764     1.0362      8.511    68.1823 1.2363e-01    45.8586      5.828      8.453    11.8359 0.0000e+00
      5.947      0.022     8.2101     75.760     52.643  38.776652     1.5570      8.511    68.6103 1.2365e-01    65.1147      5.831      8.457    11.8297 0.0000e+00
      5.952      0.019     8.2029     75.751     53.078  39.090817     1.8462      8.510    68.9211 1.2364e-01    75.7993      5.837      8.465    11.8261 0.0000e+00
      5.957      0.017     8.1963     75.744     53.449  39.354144     1.9031      8.509    69.1864 1.2360e-01    79.3303      5.843      8.475    11.8274 0.0000e+00
      5.961      0.015     8.1957     75.707     53.725  39.548949     2.2783      8.508    69.4947 1.2363e-01   108.6274      5.847      8.479    11.8317 0.0000e+00
      5.964      0.014     8.1958     75.580     53.977  39.732655     2.9699      8.507    69.8100 1.2368e-01   162.3884      5.849      8.483    11.8289 0.0000e+00
      5.968      0.012     8.1950     75.323     54.060  39.798332     3.3487      8.507    70.1592 1.2373e-01   191.9547      5.853      8.488    11.8223 0.0000e+00
      5.971      0.010     8.1972     74.918     54.017  39.771879     3.3957      8.506    70.6194 1.2375e-01   196.7985      5.856      8.493    11.8128 0.0000e+00
      5.974      0.009     8.1987     74.342     53.958  39.730149     3.5129      8.506    70.9859 1.2370e-01   220.8856      5.859      8.497    11.8013 0.0000e+00
      5.976      0.007     8.1864     73.616     53.884  39.674562     3.7089      8.507    71.2351 1.2362e-01   264.6380      5.861      8.500    11.7992 0.0000e+00
      5.976      0.006     8.1578     72.825     53.790  39.607491     3.8103      8.507    71.5675 1.2358e-01   288.5296      5.861      8.501    11.8065 0.0000e+00
      5.977      0.005     8.1138     72.053     53.705  39.553832     3.8317      8.506    71.9085 1.2354e-01   290.8637      5.863      8.502    11.8130 0.0000e+00
      5.979      0.005     8.0513     71.373     53.660  39.533504     3.8342      8.505    72.2597 1.2356e-01   292.5514      5.864      8.504    11.8150 0.0000e+00
      5.980      0.005     7.9685     70.870     53.587  39.488644     3.7406      8.504    72.6307 1.2364e-01   309.2774      5.864      8.505    11.8116 0.0000e+00
      5.982      0.005     7.8799     70.571     53.457  39.392221     3.5826      8.504    72.9527 1.2369e-01   339.9939      5.866      8.507    11.8104 0.0000e+00
      5.983      0.005     7.7935     70.456     53.363  39.319607     3.4971      8.503    73.3133 1.2373e-01   356.8146      5.867      8.509    11.8200 0.0000e+00
      5.984      0.004     7.7117     70.527     53.434  39.372224     3.4800      8.502    73.7214 1.2378e-01   359.1429      5.869      8.511    11.8360 0.0000e+00
      5.985      0.004     7.6553     70.783     53.632  39.520709     3.3847      8.501    74.1017 1.2376e-01   368.0080      5.870      8.513    11.8466 0.0000e+00
      5.986      0.003     7.6249     71.132     53.724  39.591811     3.2025      8.500    74.4692 1.2371e-01   383.9325      5.871      8.514    11.8431 0.0000e+00
      5.986      0.002     7.6137     71.476     53.643  39.533822     3.0995      8.500    74.7235 1.2371e-01   392.5709      5.871      8.515    11.8374 0.0000e+00
      5.986      0.002     7.6189     71.813     53.538  39.454211     3.0711      8.500    74.9391 1.2374e-01   393.5791      5.871      8.515    11.8383 0.0000e+00
      5.987      0.002     7.6509     72.124     53.464  39.390794     2.9756      8.499    75.3555 1.2375e-01   396.6693      5.872      8.516    11.8414 0.0000e+00
      5.988      0.002     7.6946     72.341     53.405  39.338208     2.8279      8.498    75.8003 1.2374e-01   402.1968      5.872      8.517    11.8438 0.0000e+00
      5.988      0.002     7.7279     72.467     53.391  39.326097     2.7501      8.497    76.1008 1.2371e-01   405.2092      5.872      8.517    11.8476 0.0000e+00
      5.988      0.002     7.7651     72.537     53.357  39.307812     2.7338      8.497    76.4078 1.2368e-01   405.5594      5.872      8.517    11.8476 0.0000e+00
      5.989      0.001     7.8053     72.554     53.257  39.244059     2.6639      8.497    76.7594 1.2359e-01   406.3294      5.873      8.518    11.8367 0.0000e+00
      5.989      0.001     7.8303     72.572     53.168  39.189904     2.5543      8.496    77.0829 1.2355e-01   407.7902      5.874      8.519    11.8239 0.0000e+00
      5.989      0.001     7.8412     72.642     53.106  39.160738     2.5077      8.495    77.3937 1.2361e-01   408.6356      5.874      8.519    11.8217 0.0000e+00
      5.990      0.001     7.8496     72.745     53.057  39.145288     2.5080      8.495    77.7642 1.2361e-01   408.6939      5.874      8.519    11.8315 0.0000e+00
      5.990      0.001     7.8461     72.881     53.016  39.130046     2.4740      8.494    78.2067 1.2355e-01   408.7339      5.874      8.520    11.8424 0.0000e+00
      5.990      0.001     7.8431     73.062     52.963  39.103387     2.4045      8.494    78.6147 1.2356e-01   408.8129      5.874      8.519    11.8492 0.0000e+00
      5.990      0.001     7.8515     73.272     52.908  39.076827     2.3759      8.493    78.9971 1.2362e-01   408.8294      5.874      8.520    11.8656 0.0000e+00
      5.990      0.001     7.8567     73.493     52.868  39.062768     2.3939      8.492    79.3882 1.2362e-01   408.8300      5.875      8.520    11.8901 0.0000e+00
      5.990      0.001     7.8687     73.728     52.848  39.060346     2.3891      8.492    79.7292 1.2372e-01   408.7525      5.874      8.520    11.9027 0.0000e+00
      5.991      0.001     7.8874     73.971     52.821  39.047547     2.3260      8.491    80.0230 1.2385e-01   408.0287      5.875      8.521    11.9117 0.0000e+00
      5.991      0.001     7.9084     74.191     52.801  39.034947     2.2382      8.490    80.2737 1.2385e-01   406.8076      5.875      8.521    11.9269 0.0000e+00
      5.991      0.001     7.9293     74.388     52.802  39.034936     2.2016      8.489    80.5234 1.2384e-01   406.2514      5.876      8.522    11.9416 0.0000e+00
      5.991      0.001     7.9516     74.560     52.820  39.047419     2.2086      8.489    80.8911 1.2384e-01   406.2564      5.876      8.522    11.9546 0.0000e+00
      5.991      0.001     7.9795     74.686     52.831  39.058947     2.1976      8.488    81.2776 1.2379e-01   405.3310      5.876      8.522    11.9614 0.0000e+00
      5.991      0.000     8.0019     74.775     52.800  39.047406     2.1606      8.488    81.5833 1.2376e-01   403.5348      5.876      8.522    11.9622 0.0000e+00
      5.991      0.000     8.0231     74.849     52.753  39.034807     2.1359      8.487    81.9206 1.2371e-01   402.5743      5.876      8.522    11.9617 0.0000e+00
      5.992      0.001     8.0440     74.895     52.710  39.033555     2.1397      8.485    82.2586 1.2367e-01   402.4287      5.876      8.522    11.9582 0.0000e+00
      5.992      0.001     8.0568     74.895     52.669  39.032302     2.1403      8.485    82.5714 1.2369e-01   401.0231      5.877      8.523    11.9600 0.0000e+00
      5.992      0.001     8.0628     74.868     52.625  39.019693     2.1188      8.484    82.8636 1.2370e-01   398.2857      5.876      8.522    11.9706 0.0000e+00
      5.992      0.001     8.0678     74.836     52.598  39.008048     2.1040      8.483    83.1248 1.2373e-01   396.7274      5.877      8.523    11.9911 0.0000e+00
      5.992      0.001     8.0683     74.797     52.609  39.018442     2.0953      8.482    83.4921 1.2379e-01   396.4952      5.877      8.523    12.0251 0.0000e+00
      5.992      0.001     8.0607     74.730     52.602  39.018442     2.0710      8.482    83.9490 1.2374e-01   395.6825      5.877      8.523    12.0557 0.0000e+00
      5.992      0.001     8.0540     74.653     52.572  39.008046     2.0513      8.481    84.1753 1.2361e-01   394.2457      5.877      8.524    12.0748 0.0000e+00
      5.993      0.001     8.0483     74.606     52.567  39.019685     2.0407      8.480    84.1628 1.2361e-01   393.4361      5.878      8.525    12.0814 0.0000e+00
      5.993      0.000     8.0472     74.579     52.569  39.032270     2.0341      8.479    84.4002 1.2368e-01   393.1688      5.877      8.524    12.0787 0.0000e+00
      5.993 1.8628e-08     8.0386     74.564     52.571  39.033293     2.0221      8.478    84.8943 1.2368e-01   391.8679      5.877      8.524    12.0822 0.0000e+00
      5.993 2.0490e-07     8.0242     74.571     52.585  39.032044     1.9869      8.478    85.2337 1.2363e-01   389.6292      5.877      8.524    12.0957 0.0000e+00
      5.993 2.0490e-07     8.0185     74.584     52.582  39.017169     1.9667      8.478    85.4923 1.2358e-01   388.4409      5.878      8.525    12.1121 0.0000e+00
      5.993 1.8627e-08     8.0130     74.583     52.545  38.980343     1.9773      8.477    85.7841 1.2364e-01   388.3288      5.877      8.524    12.1257 0.0000e+00
      5.993 1.6934e-09     8.0105     74.578     52.537  38.967548     1.9737      8.476    86.0939 1.2374e-01   388.2055      5.878      8.525    12.1259 0.0000e+00
      5.993 1.5395e-10     8.0149     74.564     52.577  38.989376     1.9393      8.476    86.4859 1.2376e-01   387.1214      5.878      8.525    12.1102 0.0000e+00
      5.993 1.3995e-11     8.0205     74.551     52.587  38.990416     1.9029      8.475    86.8243 1.2376e-01   385.1618      5.878      8.525    12.0965 0.0000e+00
      5.993 1.2723e-12     8.0199     74.563     52.581  38.980107     1.9002      8.475    87.1734 1.2371e-01   384.1190      5.878      8.525    12.0894 0.0000e+00
      5.993 1.1566e-13     8.0213     74.571     52.603  38.991643     1.9224      8.474    87.6098 1.2366e-01   384.0084      5.878      8.525    12.0831 0.0000e+00
      5.994 1.0515e-14     8.0218     74.559     52.625  39.002974     1.9224      8.473    87.9707 1.2368e-01   383.4153      5.878      8.525    12.0757 0.0000e+00
      5.994 9.5446e-16     8.0183     74.549     52.613  38.990178     1.8998      8.473    88.2670 1.2368e-01   382.3104      5.878      8.525    12.0685 0.0000e+00
      5.994 7.1100e-17     8.0238     74.541     52.583  38.963848     1.8903      8.472    88.6116 1.2359e-01   381.7172      5.878      8.525    12.0635 0.0000e+00
      5.994 -1.659e-16     8.0261     74.535     52.554  38.938465     1.8996      8.470    89.0396 1.2356e-01   381.6752      5.878      8.525    12.0590 0.0000e+00
      5.994 -1.911e-15     8.0234     74.542     52.559  38.937112     1.9034      8.470    89.4844 1.2363e-01   381.5629      5.879      8.526    12.0543 0.0000e+00
      5.994 -2.103e-14     8.0239     74.564     52.581  38.947488     1.8781      8.470    89.9459 1.2370e-01   381.3154      5.878      8.525    12.0511 0.0000e+00
      5.994 -2.313e-13     8.0232     74.576     52.576  38.936989     1.8441      8.470    90.4037 1.2375e-01   381.1766      5.879      8.526    12.0476 0.0000e+00
      5.994 -2.545e-12     8.0236     74.576     52.582  38.937083     1.8336      8.469    90.8030 1.2379e-01   381.2163      5.878      8.525    12.0428 0.0000e+00
      5.994 -2.799e-11     8.0237     74.578     52.601  38.948622     1.8588      8.467    91.1606 1.2372e-01   381.4888      5.879      8.526    12.0385 0.0000e+00
      5.994 -3.079e-10     8.0294     74.573     52.604  38.949577     1.8997      8.467    91.4578 1.2362e-01   381.9436      5.878      8.526    12.0328 0.0000e+00
      5.994 -3.387e-09     8.0320     74.556     52.602  38.948632     1.9109      8.467    91.7300 1.2360e-01   382.1725      5.878      8.525    12.0261 0.0000e+00
      5.994 -3.726e-08     8.0311     74.528     52.583  38.937196     1.9029      8.466    92.0422 1.2368e-01   382.2059      5.879      8.526    12.0211 0.0000e+00
      5.994 -4.098e-07     8.0332     74.502     52.586  38.938236     1.9027      8.465    92.3923 1.2375e-01   382.8595      5.878      8.525    12.0194 0.0000e+00
      5.995     -0.000     8.0324     74.497     52.628  38.961210     1.9088      8.464    92.7804 1.2379e-01   384.1663      5.879      8.526    12.0180 0.0000e+00
      5.995     -0.000     8.0314     74.513     52.646  38.961106     1.9179      8.464    93.1214 1.2381e-01   384.9568      5.879      8.527    12.0179 0.0000e+00
      5.995     -0.001     8.0262     74.529     52.630  38.936972     1.9133      8.464    93.3310 1.2376e-01   385.0736      5.879      8.526    12.0231 0.0000e+00
      5.994     -0.001     8.0227     74.541     52.618  38.923241     1.9038      8.464    93.5070 1.2368e-01   385.4760      5.878      8.526    12.0237 0.0000e+00
      5.994     -0.001     8.0233     74.546     52.610  38.921992     1.9435      8.463    93.7878 1.2365e-01   390.5399      5.878      8.526    12.0143 0.0000e+00
      5.994     -0.001     8.0299     74.556     52.598  38.921878     2.0355      8.461    94.1445 1.2368e-01   399.8774      5.878      8.525    11.9996 0.0000e+00
      5.993     -0.001     8.0332     74.593     52.590  38.921878     2.1010      8.460    94.4653 1.2374e-01   404.9838      5.877      8.524    11.9858 0.0000e+00
      5.993     -0.001     8.0359     74.623     52.588  38.922002     2.1185      8.459    94.8270 1.2378e-01   405.4140      5.877      8.524    11.9807 0.0000e+00
      5.993     -0.001     8.0360     74.633     52.585  38.923375     2.2316      8.459    95.3344 1.2379e-01   404.8395      5.878      8.525    11.9867 0.0000e+00
      5.993     -0.002     8.0312     74.653     52.589  38.938477     2.4618      8.458    95.8681 1.2380e-01   403.6741      5.877      8.524    11.9983 0.0000e+00
      5.993     -0.007     8.0379     74.696     52.618  38.977694     2.5959      8.456    96.5474 1.2381e-01   402.5274      5.877      8.524    12.0042 0.0000e+00
      5.992     -0.021     8.0420     74.740     52.657  39.016803     2.5954      8.456    97.5256 1.2381e-01   396.1339      5.876      8.523    12.0027 0.0000e+00
      5.991     -0.046     8.0408     74.780     52.671  39.030568     2.3809      8.457    98.4892 1.2372e-01   325.7209      5.875      8.521    12.0026 0.0000e+00
