Data/DataNotYetUploadedToEDI/Raw_CTD/RawDownloads/071124_ccr50_S8188003.cnv
* Sea-Bird SBE19plus  Data File:
* FileName = C:\R\Reservoirs\Data\DataNotYetUploadedToEDI\Raw_CTD\RawDownloads\070824_bvr50_S8188_0003.hex
* Software version 2.8.0.119
* Temperature SN = 8188
* Conductivity SN = 8188
* System UpLoad Time = Jul 11 2024 15:29:32
* <ApplicationData>
* <Seaterm232>
# nquan = 16
# nvalues = 4182                        
# units = specified
# name 0 = depFM: Depth [fresh water, m]
# name 1 = dz/dtM: Descent Rate [m/s]
# name 2 = sbeox0Mg/L: Oxygen, SBE 43 [mg/l]
# name 3 = sbeox0PS: Oxygen, SBE 43 [% saturation]
# name 4 = specc: Specific Conductance [uS/cm]
# name 5 = c0uS/cm: Conductivity [uS/cm]
# name 6 = wetCDOM: Fluorescence, WET Labs CDOM [mg/m^3]
# name 7 = flECO-AFL: Fluorescence, WET Labs ECO-AFL/FL [mg/m^3]
# name 8 = flECO-AFL1: Fluorescence, WET Labs ECO-AFL/FL, 2 [mg/m^3]
# name 9 = flECO-AFL2: Fluorescence, WET Labs ECO-AFL/FL, 3 [mg/m^3]
# name 10 = par/sat/log: PAR/Logarithmic, Satlantic
# name 11 = turbWETntu0: Turbidity, WET Labs ECO [NTU]
# name 12 = prdM: Pressure, Strain Gauge [db]
# name 13 = prdE: Pressure, Strain Gauge [psi]
# name 14 = tv290C: Temperature [ITS-90, deg C]
# name 15 = flag:  0.000e+00
# span 0 =     -0.472,     20.463       
# span 1 =     -0.306,      0.222       
# span 2 =    -0.2026,    11.6751       
# span 3 =     -1.824,    134.076       
# span 4 =   -672.038,    167.659       
# span 5 =-490.019386, 125.044447       
# span 6 =    -4.5000,    40.4100       
# span 7 =    -0.3418,     5.3079       
# span 8 =    -2.5986,     2.1726       
# span 9 =    -4.0608,     5.1606       
# span 10 = 1.1580e-01, 3.8440e+03      
# span 11 =    -1.3066,   971.0038      
# span 12 =     -0.463,     20.067      
# span 13 =     -0.672,     29.105      
# span 14 =    10.3237,    28.2734      
# span 15 = 0.0000e+00, 0.0000e+00      
# interval = seconds: 0.25
# start_time = Jul 11 2024 09:11:41 [Instrument's time stamp, header]
# bad_flag = -9.990e-29
*END*
[from data line 1447]
      0.520     -0.001     7.8510    100.890    116.169 123.777934    12.6000     0.2342     0.0426     0.1269 6.4241e+02     0.0983      0.510      0.739    28.2655 0.0000e+00
      0.520      0.000     7.8483    100.960    116.193 123.803542    12.6000     0.2533     0.0426     0.1269 1.3475e+03     0.3249      0.510      0.739    28.2660 0.0000e+00
      0.521      0.002     7.8480    101.001    116.226 123.839308    12.6000     0.2266     0.0426     0.1269 6.5510e+02     0.1890      0.511      0.740    28.2667 0.0000e+00
      0.521      0.002     7.8515    101.016    116.238 123.852757    12.6000     0.2152     0.0852     0.0846 1.4274e+03     0.2192      0.511      0.741    28.2673 0.0000e+00
      0.522      0.003     7.8575    101.011    116.239 123.853478    12.6000     0.2342     0.0852     0.0846 7.9747e+02     0.1588      0.512      0.743    28.2679 0.0000e+00
      0.523      0.003     7.8629    100.981    116.249 123.863670    12.6000     0.2075     0.0852     0.0846 1.0921e+03     0.2494      0.513      0.744    28.2683 0.0000e+00
      0.524      0.003     7.8661    100.923    116.272 123.888052    12.6000     0.2533     0.0852     0.0846 9.3172e+02     0.1890      0.514      0.745    28.2685 0.0000e+00
      0.524      0.004     7.8672    100.855    116.298 123.915118    12.6000     0.2304     0.0852     0.0846 7.9678e+02     0.2494      0.514      0.746    28.2685 0.0000e+00
      0.525      0.004     7.8668    100.803    116.314 123.932081    12.6000     0.2419     0.0426     0.1692 4.9217e+02     0.1890      0.515      0.747    28.2684 0.0000e+00
      0.526      0.005     7.8645    100.770    116.314 123.931460    12.6000     0.2228     0.0426     0.1692 8.5008e+02     0.2494      0.516      0.748    28.2682 0.0000e+00
      0.528      0.006     7.8600    100.745    116.293 123.909087    12.6000     0.2304     0.0426     0.1692 1.1493e+03     0.1739      0.518      0.751    28.2680 0.0000e+00
      0.530      0.008     7.8547    100.717    116.257 123.871001    12.6000     0.2075     0.0426     0.1692 9.1546e+02     0.2192      0.520      0.754    28.2679 0.0000e+00
      0.532      0.009     7.8507    100.691    116.222 123.833054    12.6000     0.2228     0.0426     0.2961 4.5120e+02     0.1437      0.522      0.756    28.2679 0.0000e+00
      0.534      0.009     7.8481    100.677    116.196 123.805133    12.6000     0.2037     0.0426     0.2961 4.4632e+02     0.1437      0.524      0.759    28.2679 0.0000e+00
      0.537      0.008     7.8462    100.677    116.176 123.783794    12.6000     0.2381     0.0426     0.2961 7.4779e+02     0.1739      0.526      0.763    28.2679 0.0000e+00
      0.540      0.007     7.8440    100.676    116.170 123.777352    12.6000     0.3029     0.0426     0.2961 8.1641e+02     0.2192      0.530      0.768    28.2679 0.0000e+00
      0.543      0.005     7.8420    100.661    116.188 123.796091    12.6000     0.2800     0.0426     0.0846 5.1526e+02     0.0832      0.533      0.772    28.2678 0.0000e+00
      0.543      0.003     7.8410    100.610    116.206 123.815000    12.6000     0.2876     0.0426     0.0846 1.5709e+03     0.1890      0.533      0.773    28.2676 0.0000e+00
      0.543      0.001     7.8410    100.504    116.208 123.817113    12.6000     0.2876     0.0426     0.0846 8.2050e+02     0.2041      0.533      0.772    28.2675 0.0000e+00
      0.542     -0.002     7.8409    100.378    116.206 123.814998    12.6000     0.2762     0.0426     0.0846 1.0459e+03     0.1890      0.531      0.771    28.2674 0.0000e+00
      0.541     -0.004     7.8398    100.307    116.199 123.808091    12.6000     0.2953     0.0426     0.1692 4.8780e+02     0.2494      0.531      0.770    28.2674 0.0000e+00
      0.541     -0.005     7.8357    100.322    116.196 123.804554    12.6000     0.2953     0.0426     0.1692 1.0128e+03     0.1739      0.531      0.769    28.2673 0.0000e+00
      0.540     -0.006     7.8275    100.396    116.216 123.825451    12.6000     0.2800     0.0426     0.1692 7.4974e+02     0.1437      0.530      0.768    28.2672 0.0000e+00
      0.538     -0.006     7.8177    100.502    116.239 123.850345    12.6000     0.2762     0.0426     0.1692 8.3253e+02     0.0983      0.528      0.765    28.2672 0.0000e+00
      0.535     -0.006     7.8122    100.623    116.248 123.859866    12.6000     0.2762     0.0426     0.1692 5.0451e+02     0.1437      0.525      0.761    28.2672 0.0000e+00
      0.533     -0.006     7.8133    100.742    116.252 123.864557    12.5100     0.2991     0.0852     0.1692 4.3606e+02     0.1437      0.523      0.758    28.2671 0.0000e+00
      0.532     -0.005     7.8191    100.830    116.253 123.865667    12.5100     0.2991     0.0852     0.1692 1.4040e+03     0.2192      0.522      0.757    28.2671 0.0000e+00
      0.532     -0.005     7.8274    100.867    116.256 123.869495    12.5100     0.2266     0.0852     0.1692 6.3340e+02     0.2192      0.521      0.756    28.2672 0.0000e+00
      0.531     -0.004     7.8368    100.850    116.273 123.887066    12.5100     0.2495     0.0852     0.1692 1.2810e+03     0.1588      0.520      0.755    28.2673 0.0000e+00
      0.529     -0.003     7.8460    100.791    116.293 123.909060    12.6000     0.2342     0.0426     0.1269 5.0980e+02     0.2041      0.519      0.753    28.2674 0.0000e+00
      0.528     -0.002     7.8529    100.710    116.299 123.915333    12.6000     0.2304     0.0426     0.1269 1.6368e+03     0.1134      0.518      0.751    28.2674 0.0000e+00
      0.528     -0.002     7.8558    100.622    116.291 123.907559    12.6000     0.2800     0.0426     0.1269 1.1978e+03     0.2041      0.517      0.751    28.2675 0.0000e+00
      0.528     -0.001     7.8544    100.546    116.291 123.907672    12.6000     0.3067     0.0426     0.1269 7.7408e+02     0.0983      0.517      0.751    28.2676 0.0000e+00
      0.528      0.000     7.8499    100.493    116.302 123.919703    12.6000     0.2800     0.0426     0.1692 1.0317e+03     0.2192      0.517      0.751    28.2677 0.0000e+00
      0.528      0.001     7.8435    100.469    116.316 123.934857    12.6000     0.2915     0.0426     0.1692 8.7977e+02     0.1890      0.517      0.751    28.2678 0.0000e+00
      0.528      0.002     7.8366    100.487    116.322 123.941170    12.6000     0.2228     0.0426     0.1692 5.9666e+02     0.2494      0.517      0.751    28.2679 0.0000e+00
      0.528      0.002     7.8307    100.541    116.314 123.932323    12.6000     0.2075     0.0426     0.1692 1.0477e+03     0.1437      0.518      0.751    28.2679 0.0000e+00
      0.529      0.002     7.8265    100.607    116.313 123.931965    12.6000     0.2381     0.0426     0.1692 1.3361e+03     0.2796      0.519      0.753    28.2680 0.0000e+00
      0.530      0.003     7.8247    100.675    116.330 123.950003    12.6000     0.2381     0.0000     0.0846 6.1697e+02     0.0983      0.520      0.754    28.2681 0.0000e+00
      0.531      0.003     7.8261    100.758    116.340 123.961239    12.6000     0.2648     0.0000     0.0846 1.7331e+03     0.1286      0.521      0.755    28.2682 0.0000e+00
      0.531      0.002     7.8303    100.851    116.338 123.958664    12.6000     0.2800     0.0000     0.0846 8.7045e+02     0.2796      0.521      0.756    28.2683 0.0000e+00
      0.532      0.002     7.8354    100.923    116.322 123.941593    12.6000     0.2953     0.0000     0.0846 4.3427e+02     0.2041      0.522      0.756    28.2683 0.0000e+00
      0.533      0.001     7.8407    100.956    116.289 123.907473    12.6000     0.2724     0.0426     0.1692 6.1563e+02     0.0681      0.522      0.757    28.2684 0.0000e+00
      0.533      0.000     7.8471    100.961    116.261 123.877215    12.6000     0.3067     0.0426     0.1692 5.3245e+02     0.1739      0.523      0.758    28.2684 0.0000e+00
      0.533      0.000     7.8543    100.959    116.246 123.860758    12.6000     0.2800     0.0426     0.1692 4.2244e+02     0.1890      0.523      0.758    28.2685 0.0000e+00
      0.532     -0.001     7.8599    100.962    116.230 123.843710    12.6000     0.3029     0.0426     0.1692 4.1480e+02     0.1588      0.522      0.757    28.2685 0.0000e+00
      0.532     -0.001     7.8626    100.959    116.198 123.809520    12.5100     0.2991     0.0426     0.1692 1.5302e+03     0.1588      0.521      0.756    28.2685 0.0000e+00
      0.531     -0.002     7.8629    100.936    116.162 123.771077    12.5100     0.2915     0.0426     0.1692 8.3054e+02     0.2192      0.521      0.756    28.2686 0.0000e+00
      0.531     -0.002     7.8628    100.893    116.146 123.754143    12.5100     0.2724     0.0426     0.1692 5.5477e+02     0.1890      0.521      0.755    28.2686 0.0000e+00
      0.531     -0.002     7.8630    100.849    116.142 123.750201    12.5100     0.3143     0.0426     0.1692 3.7953e+02     0.1286      0.520      0.755    28.2686 0.0000e+00
      0.530     -0.002     7.8628    100.825    116.136 123.744194    12.5100     0.2724     0.0426     0.0846 8.2246e+02     0.2796      0.520      0.754    28.2686 0.0000e+00
      0.529     -0.001     7.8610    100.817    116.127 123.734521    12.5100     0.2724     0.0426     0.0846 5.6807e+02     0.1890      0.519      0.753    28.2687 0.0000e+00
      0.529      0.000     7.8576    100.801    116.115 123.722603    12.5100     0.2686     0.0426     0.0846 5.8919e+02     0.2343      0.518      0.752    28.2687 0.0000e+00
      0.528      0.001     7.8542    100.754    116.112 123.719268    12.5100     0.2876     0.0426     0.0846 8.6687e+02     0.1286      0.518      0.752    28.2687 0.0000e+00
      0.529      0.002     7.8523    100.673    116.129 123.737629    12.5100     0.2609     0.0426     0.0846 4.3041e+02     0.0681      0.519      0.753    28.2688 0.0000e+00
      0.530      0.003     7.8517    100.575    116.171 123.782585    12.5100     0.2190     0.0426     0.0846 8.6442e+02     0.1286      0.520      0.754    28.2688 0.0000e+00
      0.531      0.004     7.8505    100.482    116.222 123.836112    12.5100     0.2342     0.0426     0.0846 9.0027e+02     0.1437      0.521      0.756    28.2689 0.0000e+00
      0.532      0.004     7.8468    100.406    116.256 123.872473    12.5100     0.2495     0.0426     0.0846 5.2327e+02     0.1134      0.522      0.757    28.2690 0.0000e+00
      0.534      0.004     7.8404    100.363    116.266 123.883356    12.5100     0.2113     0.0426     0.0846 6.3713e+02     0.1437      0.523      0.759    28.2690 0.0000e+00
      0.535      0.003     7.8328    100.375    116.260 123.877666    12.6000     0.2419     0.0426     0.0846 5.1739e+02     0.1890      0.524      0.761    28.2690 0.0000e+00
      0.535      0.003     7.8256    100.451    116.251 123.867891    12.6000     0.2304     0.0426     0.0846 1.0909e+03     0.1588      0.525      0.762    28.2691 0.0000e+00
      0.536      0.002     7.8196    100.579    116.237 123.853424    12.6000     0.2228     0.0426     0.0846 6.5524e+02     0.1890      0.525      0.762    28.2691 0.0000e+00
      0.536      0.002     7.8163    100.723    116.220 123.836410    12.6000     0.2228     0.0426     0.0846 1.5465e+03     0.2041      0.525      0.762    28.2692 0.0000e+00
      0.536      0.001     7.8172    100.850    116.207 123.822316    12.6000     0.1579     0.0426     0.1269 7.2633e+02     0.1286      0.526      0.763    28.2693 0.0000e+00
      0.537      0.001     7.8231    100.954    116.201 123.815384    12.6000     0.1656     0.0426     0.1269 1.1074e+03     0.1588      0.526      0.764    28.2694 0.0000e+00
      0.537      0.002     7.8330    101.026    116.195 123.809765    12.6000     0.1503     0.0426     0.1269 7.4730e+02     0.1890      0.527      0.764    28.2695 0.0000e+00
      0.537      0.002     7.8442    101.061    116.180 123.793958    12.6000     0.1732     0.0426     0.1269 1.4788e+03     0.1890      0.527      0.764    28.2696 0.0000e+00
      0.538      0.001     7.8541    101.067    116.169 123.781754    12.6000     0.2342     0.0426     0.1269 1.5025e+03     0.2192      0.527      0.765    28.2697 0.0000e+00
      0.538      0.001     7.8621    101.048    116.173 123.785902    12.5100     0.1999     0.0426     0.1269 8.6838e+02     0.2192      0.528      0.765    28.2697 0.0000e+00
      0.539      0.000     7.8678    101.008    116.184 123.797506    12.5100     0.2381     0.0426     0.1269 6.3340e+02     0.1890      0.528      0.766    28.2698 0.0000e+00
      0.539      0.000     7.8706    100.962    116.200 123.813659    12.5100     0.2304     0.0426     0.1269 1.6866e+03     0.0983      0.528      0.767    28.2698 0.0000e+00
      0.539     -0.001     7.8710    100.927    116.229 123.844669    12.5100     0.2228     0.0426     0.1269 6.2792e+02     0.2645      0.528      0.766    28.2698 0.0000e+00
      0.538     -0.001     7.8696    100.899    116.259 123.876798    12.5100     0.2266     0.0852     0.1692 9.2426e+02     0.2494      0.528      0.765    28.2697 0.0000e+00
      0.537     -0.002     7.8665    100.869    116.257 123.874601    12.5100     0.2457     0.0852     0.1692 1.0168e+03     0.1890      0.527      0.764    28.2695 0.0000e+00
      0.537     -0.002     7.8629    100.837    116.234 123.849495    12.5100     0.2228     0.0852     0.1692 6.7007e+02     0.2192      0.527      0.764    28.2694 0.0000e+00
      0.537     -0.002     7.8602    100.806    116.215 123.828797    12.5100     0.1732     0.0852     0.1692 8.7691e+02     0.1739      0.526      0.763    28.2693 0.0000e+00
      0.536     -0.001     7.8580    100.785    116.206 123.818990    12.5100     0.1618     0.0426     0.0846 1.3735e+03     0.2494      0.526      0.763    28.2692 0.0000e+00
      0.536     -0.001     7.8557    100.782    116.215 123.829464    12.5100     0.1579     0.0426     0.0846 1.1188e+03     0.2192      0.526      0.762    28.2691 0.0000e+00
      0.536      0.000     7.8532    100.800    116.226 123.841004    12.5100     0.1656     0.0426     0.0846 6.5453e+02     0.1588      0.525      0.762    28.2690 0.0000e+00
      0.536      0.000     7.8508    100.832    116.216 123.830679    12.5100     0.1618     0.0426     0.0846 1.3548e+03     0.2192      0.525      0.762    28.2689 0.0000e+00
      0.536      0.000     7.8492    100.863    116.204 123.817744    12.5100     0.1656     0.0426     0.0846 6.4213e+02     0.1134      0.526      0.762    28.2689 0.0000e+00
      0.536      0.000     7.8490    100.877    116.203 123.816755    12.5100     0.1694     0.0426     0.0846 6.2697e+02     0.0832      0.526      0.762    28.2689 0.0000e+00
      0.536     -0.000     7.8504    100.871    116.202 123.815445    12.5100     0.1465     0.0426     0.0846 2.1772e+03     0.2192      0.526      0.763    28.2690 0.0000e+00
      0.536     -0.000     7.8529    100.855    116.202 123.815463    12.5100     0.1999     0.0426     0.0846 5.6708e+02     0.2192      0.526      0.763    28.2691 0.0000e+00
      0.536     -0.001     7.8552    100.843    116.213 123.826820    12.5100     0.2266     0.0426     0.0846 8.2568e+02     0.1286      0.526      0.763    28.2692 0.0000e+00
      0.536     -0.001     7.8563    100.834    116.231 123.846541    12.6000     0.2304     0.0426     0.2538 6.6630e+02     0.1588      0.525      0.762    28.2692 0.0000e+00
      0.535     -0.002     7.8558    100.826    116.251 123.867880    12.6000     0.2381     0.0426     0.2538 6.9604e+02     0.2947      0.525      0.761    28.2692 0.0000e+00
      0.535     -0.002     7.8546    100.818    116.265 123.882525    12.6000     0.2342     0.0426     0.2538 5.2968e+02     0.1437      0.524      0.760    28.2692 0.0000e+00
      0.534     -0.003     7.8536    100.805    116.265 123.882376    12.6000     0.2495     0.0426     0.2538 5.5755e+02     0.1890      0.524      0.760    28.2692 0.0000e+00
