Data/DataNotYetUploadedToEDI/Raw_CTD/RawDownloads/071124_ccr90_S8188005.cnv
* Sea-Bird SBE19plus  Data File:
* FileName = C:\R\Reservoirs\Data\DataNotYetUploadedToEDI\Raw_CTD\RawDownloads\070824_bvr50_S8188_0005.hex
* Software version 2.8.0.119
* Temperature SN = 8188
* Conductivity SN = 8188
* System UpLoad Time = Jul 11 2024 15:30:26
* <ApplicationData>
* <Seaterm232>
# nquan = 16
# nvalues = 1419                        
# units = specified
# name 0 = depFM: Depth [fresh water, m]
# name 1 = dz/dtM: Descent Rate [m/s]
# name 2 = sbeox0Mg/L: Oxygen, SBE 43 [mg/l]
# name 3 = sbeox0PS: Oxygen, SBE 43 [% saturation]
# name 4 = specc: Specific Conductance [uS/cm]
# name 5 = c0uS/cm: Conductivity [uS/cm]
# name 6 = wetCDOM: Fluorescence, WET Labs CDOM [mg/m^3]
# name 7 = flECO-AFL: Fluorescence, WET Labs ECO-AFL/FL [mg/m^3]
# name 8 = flECO-AFL1: Fluorescence, WET Labs ECO-AFL/FL, 2 [mg/m^3]
# name 9 = flECO-AFL2: Fluorescence, WET Labs ECO-AFL/FL, 3 [mg/m^3]
# name 10 = par/sat/log: PAR/Logarithmic, Satlantic
# name 11 = turbWETntu0: Turbidity, WET Labs ECO [NTU]
# name 12 = prdM: Pressure, Strain Gauge [db]
# name 13 = prdE: Pressure, Strain Gauge [psi]
# name 14 = tv290C: Temperature [ITS-90, deg C]
# name 15 = flag:  0.000e+00
# span 0 =     -0.463,      4.414       
# span 1 =     -0.180,      0.167       
# span 2 =     4.0924,     9.2637       
# span 3 =     51.701,    118.457       
# span 4 =   -442.686,    116.252       
# span 5 =-463.459440, 123.348359       
# span 6 =    -4.5000,    17.2800       
# span 7 =    -1.5129,   245.1530       
# span 8 =    -3.7062,     2.4282       
# span 9 =    -2.6226,     4.3992       
# span 10 = 4.3847e+01, 3.7110e+03      
# span 11 =   -10.2647,    11.7303      
# span 12 =     -0.454,      4.329      
# span 13 =     -0.659,      6.279      
# span 14 =    23.4409,    28.0717      
# span 15 = 0.0000e+00, 0.0000e+00      
# interval = seconds: 0.25
# start_time = Jul 11 2024 10:15:19 [Instrument's time stamp, header]
# bad_flag = -9.990e-29
*END*
[from data line 814]
     -0.013     -0.004     7.8175     99.523    116.032 123.146197    13.5900     0.2876     0.0426     0.2115 1.2047e+02     0.7177     -0.012     -0.018    28.0599 0.0000e+00
     -0.014     -0.006     7.8078     99.396    116.020 123.132455    13.5900     0.2953     0.0426     0.2115 1.1891e+02     0.7479     -0.014     -0.020    28.0596 0.0000e+00
     -0.016     -0.007     7.7980     99.243    116.020 123.131952    13.5900     0.2762     0.0426     0.2115 1.1984e+02     0.7630     -0.016     -0.023    28.0593 0.0000e+00
     -0.019     -0.008     7.7888     99.057    116.029 123.140551    13.5900     0.2991     0.0426     0.1269 1.2031e+02     0.7328     -0.019     -0.027    28.0589 0.0000e+00
     -0.021     -0.007     7.7798     98.820    116.042 123.154544    13.5900     0.2876     0.0426     0.1269 1.2091e+02     0.6724     -0.021     -0.030    28.0586 0.0000e+00
     -0.023     -0.007     7.7699     98.515    116.061 123.173661    13.5900     0.2800     0.0426     0.1269 1.2110e+02     0.7026     -0.023     -0.033    28.0583 0.0000e+00
     -0.025     -0.005     7.7580     98.151    116.074 123.186996    13.5900     0.2724     0.0426     0.1269 1.2005e+02     0.7177     -0.025     -0.035    28.0580 0.0000e+00
     -0.026     -0.003     7.7434     97.763    116.077 123.190102    13.5900     0.2762     0.0426     0.2538 1.2293e+02     0.6573     -0.026     -0.037    28.0579 0.0000e+00
     -0.027     -0.001     7.7249     97.398    116.078 123.189810    13.5900     0.2876     0.0426     0.2538 1.2269e+02     0.6724     -0.027     -0.038    28.0578 0.0000e+00
     -0.027      0.001     7.7011     97.075    116.074 123.184040    13.5900     0.2915     0.0426     0.2538 1.2263e+02     0.6422     -0.027     -0.039    28.0576 0.0000e+00
     -0.027      0.003     7.6726     96.765    116.061 123.169253    13.5900     0.2724     0.0426     0.2538 1.2007e+02     0.5666     -0.027     -0.038    28.0574 0.0000e+00
     -0.026      0.005     7.6423     96.417    116.045 123.151510    13.5900     0.3067     0.0852     0.1692 1.2598e+02     0.7328     -0.026     -0.036    28.0571 0.0000e+00
     -0.024      0.007     7.6139     95.979    116.027 123.132080    13.5900     0.2724     0.0852     0.1692 1.2631e+02     0.6875     -0.024     -0.034    28.0567 0.0000e+00
     -0.022      0.008     7.5887     95.422    116.014 123.117785    13.5900     0.2609     0.0852     0.1692 1.2530e+02     0.6724     -0.022     -0.031    28.0562 0.0000e+00
     -0.019      0.009     7.5646     94.748    116.015 123.118818    13.5900     0.2953     0.0852     0.1692 1.2530e+02     0.5969     -0.019     -0.027    28.0558 0.0000e+00
     -0.016      0.010     7.5374     93.982    116.020 123.125450    13.5900     0.2991     0.0852     0.1692 1.2565e+02     0.6573     -0.016     -0.023    28.0554 0.0000e+00
     -0.013      0.009     7.5032     93.137    116.025 123.131449    13.5900     0.2838     0.0426     0.3384 1.2530e+02     0.6724     -0.013     -0.019    28.0551 0.0000e+00
     -0.011      0.009     7.4597     92.225    116.038 123.146417    13.5900     0.2876     0.0426     0.3384 1.2661e+02     0.6271     -0.011     -0.015    28.0549 0.0000e+00
     -0.008      0.008     7.4070     91.308    116.058 123.168342    13.5900     0.2762     0.0426     0.3384 1.2752e+02     0.6422     -0.008     -0.012    28.0549 0.0000e+00
     -0.007      0.007     7.3470     90.473    116.074 123.187068    13.5900     0.2991     0.0426     0.3384 1.3775e+02     0.7328     -0.006     -0.009    28.0552 0.0000e+00
     -0.005      0.006     7.2809     89.759    116.087 123.201586    13.5900     0.2724     0.0000     0.0846 2.8875e+02     0.6120     -0.005     -0.007    28.0556 0.0000e+00
     -0.004      0.005     7.2096     89.139    116.095 123.211767    13.5900     0.2915     0.0000     0.0846 7.9539e+02     0.7026     -0.004     -0.006    28.0561 0.0000e+00
     -0.003      0.004     7.1379     88.545    116.091 123.208321    13.5900     0.2876     0.0000     0.0846 1.1838e+03     0.5969     -0.003     -0.004    28.0566 0.0000e+00
     -0.002      0.004     7.0726     87.901    116.075 123.192330    13.5900     0.2876     0.0000     0.0846 1.5460e+02     0.6120     -0.002     -0.003    28.0572 0.0000e+00
     -0.001      0.005     7.0166     87.177    116.064 123.181536    13.5900     0.2800     0.0426     0.1269 1.3546e+02     0.6724     -0.001     -0.001    28.0577 0.0000e+00
      0.000      0.006     6.9681     86.385    116.062 123.179064    13.5900     0.2800     0.0426     0.1269 1.4355e+03     0.7026      0.000      0.000    28.0581 0.0000e+00
      0.001      0.007     6.9216     85.513    116.066 123.184254    13.5900     0.2915     0.0426     0.1269 1.2169e+03     0.5969      0.001      0.002    28.0586 0.0000e+00
      0.003      0.009     6.8712     84.535    116.078 123.196490    13.5900     0.3067     0.0426     0.1269 1.1528e+03     0.8839      0.003      0.004    28.0590 0.0000e+00
      0.005      0.012     6.8146     83.479    116.092 123.211032    13.6800     0.2915     0.0426     0.1269 1.1411e+03     0.8235      0.005      0.007    28.0593 0.0000e+00
      0.009      0.015     6.7527     82.448    116.104 123.223755    13.6800     0.2800     0.0426     0.1269 1.2910e+03     1.0047      0.009      0.012    28.0595 0.0000e+00
      0.013      0.018     6.6845     81.613    116.101 123.220047    13.6800     0.2724     0.0426     0.1269 1.5116e+03     0.7177      0.013      0.018    28.0595 0.0000e+00
      0.018      0.023     6.6080     81.131    116.087 123.204920    13.6800     0.2648     0.0426     0.1269 1.5103e+03     0.6724      0.018      0.025    28.0595 0.0000e+00
      0.024      0.027     6.5255     81.068    116.077 123.194347    13.6800     0.2724     0.0426     0.1269 1.5245e+03     0.6724      0.024      0.034    28.0594 0.0000e+00
      0.031      0.032     6.4449     81.387    116.082 123.199513    13.5900     0.2876     0.0426     0.1269 6.8420e+02     0.6120      0.030      0.044    28.0592 0.0000e+00
      0.040      0.037     6.3796     82.032    116.115 123.233798    13.5900     0.2762     0.0426     0.1269 1.3252e+02     0.6120      0.039      0.056    28.0591 0.0000e+00
      0.050      0.042     6.3420     83.018    116.154 123.274336    13.5900     0.2800     0.0426     0.1269 1.2036e+02     0.7177      0.049      0.071    28.0590 0.0000e+00
      0.062      0.046     6.3370     84.437    116.164 123.283922    13.5900     0.2991     0.0426     0.1269 1.1567e+02     0.6875      0.061      0.088    28.0590 0.0000e+00
      0.075      0.049     6.3620     86.312    116.149 123.267112    13.5900     0.2724     0.0426     0.1269 1.1562e+02     0.6422      0.074      0.107    28.0589 0.0000e+00
      0.089      0.051     6.4125     88.474    116.136 123.253435    13.5900     0.2915     0.0426     0.1269 1.1250e+02     0.6271      0.087      0.126    28.0587 0.0000e+00
      0.103      0.052     6.4896     90.651    116.135 123.253248    13.5900     0.2991     0.0426     0.1269 1.1454e+02     0.5817      0.101      0.146    28.0583 0.0000e+00
      0.117      0.051     6.6005     92.624    116.130 123.248495    13.5900     0.2915     0.0426     0.1269 1.0266e+02     0.6120      0.115      0.166    28.0579 0.0000e+00
      0.130      0.050     6.7471     94.281    116.107 123.223904    13.5900     0.2762     0.0426     0.2538 9.8938e+01     0.5515      0.127      0.184    28.0576 0.0000e+00
      0.142      0.050     6.9161     95.578    116.075 123.190923    13.5900     0.2953     0.0426     0.2538 1.0424e+02     0.5515      0.139      0.202    28.0576 0.0000e+00
      0.154      0.049     7.0863     96.476    116.055 123.170766    13.5900     0.2724     0.0426     0.2538 1.0311e+02     0.6271      0.151      0.219    28.0578 0.0000e+00
      0.166      0.049     7.2405     96.974    116.047 123.162059    13.5900     0.3067     0.0426     0.2538 1.0722e+02     0.7479      0.163      0.236    28.0580 0.0000e+00
      0.178      0.050     7.3700     97.146    116.045 123.160480    13.5900     0.2991     0.0426     0.2538 9.5953e+01     0.5817      0.175      0.254    28.0583 0.0000e+00
      0.191      0.051     7.4713     97.077    116.045 123.161606    13.6800     0.2876     0.0426     0.2538 9.6917e+01     0.6573      0.187      0.272    28.0586 0.0000e+00
      0.204      0.052     7.5415     96.833    116.042 123.159737    13.6800     0.2876     0.0426     0.2538 9.2212e+01     0.8990      0.200      0.291    28.0588 0.0000e+00
      0.218      0.052     7.5804     96.470    116.049 123.168377    13.6800     0.2991     0.0426     0.2538 8.4554e+01     0.8990      0.214      0.310    28.0591 0.0000e+00
      0.232      0.052     7.5938     96.049    116.061 123.181828    13.6800     0.2686     0.0426     0.2538 8.8444e+01     0.8839      0.228      0.330    28.0594 0.0000e+00
      0.246      0.051     7.5884     95.633    116.061 123.183672    13.5900     0.2838     0.0426     0.2961 9.0820e+01     0.9141      0.241      0.349    28.0597 0.0000e+00
      0.259      0.050     7.5692     95.280    116.062 123.186403    13.5900     0.2800     0.0426     0.2961 9.3341e+01     0.6724      0.254      0.368    28.0601 0.0000e+00
      0.271      0.048     7.5408     95.014    116.075 123.200753    13.5900     0.2876     0.0426     0.2961 8.9371e+01     0.6422      0.266      0.386    28.0606 0.0000e+00
      0.283      0.047     7.5078     94.832    116.093 123.220546    13.5900     0.3143     0.0426     0.2961 8.6318e+01     0.6120      0.278      0.403    28.0612 0.0000e+00
      0.294      0.046     7.4752     94.713    116.100 123.229054    13.5900     0.2915     0.0426     0.1269 8.5014e+01     0.6120      0.288      0.419    28.0619 0.0000e+00
      0.305      0.045     7.4475     94.657    116.086 123.214540    13.5900     0.2876     0.0426     0.1269 8.4885e+01     0.6422      0.299      0.434    28.0624 0.0000e+00
      0.317      0.045     7.4267     94.668    116.063 123.191140    13.5900     0.3029     0.0426     0.1269 8.0170e+01     0.5515      0.310      0.450    28.0628 0.0000e+00
      0.329      0.045     7.4124     94.714    116.049 123.176620    13.5900     0.3143     0.0426     0.1269 8.2234e+01     0.7630      0.322      0.468    28.0631 0.0000e+00
      0.341      0.045     7.4031     94.763    116.044 123.171111    13.6800     0.3067     0.0852     0.1269 8.2467e+01     0.6120      0.335      0.485    28.0634 0.0000e+00
      0.353      0.044     7.3987     94.832    116.041 123.169141    13.6800     0.3029     0.0852     0.1269 7.8686e+01     0.5062      0.346      0.502    28.0636 0.0000e+00
      0.364      0.043     7.3995     94.955    116.046 123.174187    13.6800     0.2953     0.0852     0.1269 8.0817e+01     0.7630      0.357      0.518    28.0639 0.0000e+00
      0.374      0.042     7.4031     95.131    116.054 123.183593    13.6800     0.2571     0.0852     0.1269 8.1931e+01     0.5817      0.367      0.532    28.0641 0.0000e+00
      0.384      0.041     7.4069     95.315    116.067 123.197867    13.6800     0.2838     0.0852     0.1269 8.0327e+01     0.6422      0.377      0.547    28.0643 0.0000e+00
      0.395      0.041     7.4122     95.441    116.087 123.220814    13.5900     0.2953     0.0426     0.1692 7.8874e+01     0.6120      0.387      0.562    28.0645 0.0000e+00
      0.405      0.040     7.4218     95.479    116.099 123.234548    13.5900     0.3258     0.0426     0.1692 8.0083e+01     0.6875      0.398      0.577    28.0647 0.0000e+00
      0.416      0.039     7.4356     95.463    116.102 123.238730    13.5900     0.2876     0.0426     0.1692 7.8005e+01     0.6120      0.408      0.592    28.0650 0.0000e+00
      0.426      0.038     7.4499     95.435    116.115 123.252479    13.5900     0.2991     0.0426     0.1692 7.9459e+01     0.5515      0.418      0.606    28.0654 0.0000e+00
      0.436      0.037     7.4597     95.410    116.134 123.273461    13.6800     0.2838     0.0426     0.1692 7.8209e+01     0.7630      0.428      0.620    28.0658 0.0000e+00
      0.445      0.036     7.4626     95.407    116.153 123.293267    13.6800     0.2762     0.0426     0.1692 7.7683e+01     0.5969      0.436      0.633    28.0662 0.0000e+00
      0.453      0.035     7.4613     95.453    116.160 123.301173    13.6800     0.2686     0.0426     0.1692 7.8669e+01     0.5666      0.445      0.645    28.0665 0.0000e+00
      0.462      0.034     7.4591     95.565    116.158 123.299287    13.6800     0.3105     0.0426     0.1692 7.8328e+01     0.5969      0.453      0.657    28.0667 0.0000e+00
      0.470      0.034     7.4571     95.743    116.153 123.295110    13.5900     0.3105     0.0426     0.0846 7.6911e+01     0.6573      0.461      0.669    28.0669 0.0000e+00
      0.479      0.035     7.4569     95.962    116.138 123.279525    13.5900     0.2724     0.0426     0.0846 7.5372e+01     0.6422      0.470      0.681    28.0670 0.0000e+00
      0.488      0.037     7.4605     96.185    116.120 123.260380    13.5900     0.2838     0.0426     0.0846 7.5389e+01     0.7026      0.478      0.693    28.0672 0.0000e+00
      0.497      0.039     7.4692     96.375    116.112 123.252575    13.5900     0.2800     0.0426     0.0846 7.6877e+01     0.6573      0.487      0.707    28.0673 0.0000e+00
      0.507      0.042     7.4831     96.506    116.110 123.250028    13.5900     0.2991     0.0426     0.0846 7.6627e+01     0.6573      0.497      0.721    28.0675 0.0000e+00
      0.518      0.045     7.5002     96.575    116.096 123.236054    13.5900     0.2991     0.0426     0.2115 7.6014e+01     0.9292      0.508      0.737    28.0676 0.0000e+00
      0.530      0.048     7.5176     96.611    116.070 123.208929    13.5900     0.2800     0.0426     0.2115 7.6527e+01     0.8990      0.520      0.754    28.0677 0.0000e+00
      0.543      0.050     7.5324     96.637    116.052 123.189426    13.5900     0.2800     0.0426     0.2115 7.7734e+01     0.9443      0.533      0.772    28.0678 0.0000e+00
      0.556      0.051     7.5426     96.647    116.057 123.194352    13.5900     0.2838     0.0426     0.2115 7.5684e+01     0.8688      0.545      0.791    28.0680 0.0000e+00
      0.569      0.052     7.5480     96.626    116.077 123.215016    13.5900     0.3067     0.0426     0.1692 7.5668e+01     0.6724      0.558      0.810    28.0682 0.0000e+00
      0.583      0.052     7.5508     96.583    116.092 123.228921    13.5900     0.2724     0.0426     0.1692 7.4996e+01     0.6271      0.572      0.829    28.0684 0.0000e+00
      0.597      0.051     7.5528     96.544    116.090 123.225771    13.5900     0.3067     0.0426     0.1692 7.4882e+01     0.6422      0.585      0.849    28.0685 0.0000e+00
      0.610      0.050     7.5536     96.530    116.075 123.208727    13.5900     0.2686     0.0426     0.1692 7.4996e+01     0.6573      0.598      0.868    28.0683 0.0000e+00
      0.623      0.048     7.5520     96.550    116.054 123.185248    13.6800     0.2876     0.0426     0.1269 7.3368e+01     0.6724      0.611      0.886    28.0679 0.0000e+00
      0.635      0.046     7.5487     96.600    116.041 123.171078    13.6800     0.2915     0.0426     0.1269 7.2797e+01     0.6271      0.622      0.902    28.0673 0.0000e+00
      0.646      0.044     7.5458     96.673    116.043 123.172441    13.6800     0.2838     0.0426     0.1269 7.1838e+01     0.7479      0.633      0.918    28.0667 0.0000e+00
      0.657      0.043     7.5448     96.756    116.051 123.181700    13.6800     0.2876     0.0426     0.1269 7.1402e+01     0.7328      0.644      0.934    28.0661 0.0000e+00
      0.668      0.042     7.5464     96.842    116.065 123.197321    13.5900     0.3334     0.0426     0.2961 7.0600e+01     0.5666      0.655      0.949    28.0657 0.0000e+00
