Data/DataNotYetUploadedToEDI/Raw_CTD/RawDownloads/071124_ccr50_S8188003.cnv
* Sea-Bird SBE19plus  Data File:
* FileName = C:\R\Reservoirs\Data\DataNotYetUploadedToEDI\Raw_CTD\RawDownloads\070824_bvr50_S8188_0003.hex
* Software version 2.8.0.119
* Temperature SN = 8188
* Conductivity SN = 8188
* System UpLoad Time = Jul 11 2024 15:29:32
* <ApplicationData>
* <Seaterm232>
# nquan = 16
# nvalues = 4182                        
# units = specified
# name 0 = depFM: Depth [fresh water, m]
# name 1 = dz/dtM: Descent Rate [m/s]
# name 2 = sbeox0Mg/L: Oxygen, SBE 43 [mg/l]
# name 3 = sbeox0PS: Oxygen, SBE 43 [% saturation]
# name 4 = specc: Specific Conductance [uS/cm]
# name 5 = c0uS/cm: Conductivity [uS/cm]
# name 6 = wetCDOM: Fluorescence, WET Labs CDOM [mg/m^3]
# name 7 = flECO-AFL: Fluorescence, WET Labs ECO-AFL/FL [mg/m^3]
# name 8 = flECO-AFL1: Fluorescence, WET Labs ECO-AFL/FL, 2 [mg/m^3]
# name 9 = flECO-AFL2: Fluorescence, WET Labs ECO-AFL/FL, 3 [mg/m^3]
# name 10 = par/sat/log: PAR/Logarithmic, Satlantic
# name 11 = turbWETntu0: Turbidity, WET Labs ECO [NTU]
# name 12 = prdM: Pressure, Strain Gauge [db]
# name 13 = prdE: Pressure, Strain Gauge [psi]
# name 14 = tv290C: Temperature [ITS-90, deg C]
# name 15 = flag:  0.000e+00
# span 0 =     -0.472,     20.463       
# span 1 =     -0.306,      0.222       
# span 2 =    -0.2026,    11.6751       
# span 3 =     -1.824,    134.076       
# span 4 =   -672.038,    167.659       
# span 5 =-490.019386, 125.044447       
# span 6 =    -4.5000,    40.4100       
# span 7 =    -0.3418,     5.3079       
# span 8 =    -2.5986,     2.1726       
# span 9 =    -4.0608,     5.1606       
# span 10 = 1.1580e-01, 3.8440e+03      
# span 11 =    -1.3066,   971.0038      
# span 12 =     -0.463,     20.067      
# span 13 =     -0.672,     29.105      
# span 14 =    10.3237,    28.2734      
# span 15 = 0.0000e+00, 0.0000e+00      
# interval = seconds: 0.25
# start_time = Jul 11 2024 09:11:41 [Instrument's time stamp, header]
# bad_flag = -9.990e-29
*END*
[from data line 2080]
      0.256      0.037     7.8485    101.070    116.141 123.718746    12.6000     0.1656     0.0426     0.0846 7.0472e+02     0.3552      0.251      0.364    28.2534 0.0000e+00
      0.266      0.039     7.8560    101.077    116.094 123.669623    12.6000     0.1503     0.0426     0.0846 7.7156e+02     0.4005      0.261      0.378    28.2542 0.0000e+00
      0.276      0.040     7.8634    101.041    116.067 123.640961    12.6000     0.1427     0.0426     0.0846 8.4805e+02     0.3552      0.270      0.392    28.2549 0.0000e+00
      0.285      0.041     7.8694    100.981    116.062 123.637122    12.6000     0.0893     0.0426     0.0846 7.1770e+02     0.2494      0.280      0.406    28.2554 0.0000e+00
      0.295      0.043     7.8732    100.917    116.069 123.645078    12.6000     0.1160     0.0426     0.0423 8.0741e+02     0.0983      0.290      0.420    28.2556 0.0000e+00
      0.306      0.046     7.8738    100.874    116.092 123.670951    12.6000     0.1007     0.0426     0.0423 1.0014e+03     0.1588      0.300      0.435    28.2559 0.0000e+00
      0.317      0.050     7.8709    100.877    116.133 123.715639    12.6000     0.0931     0.0426     0.0423 1.4718e+03     0.0832      0.312      0.452    28.2562 0.0000e+00
      0.330      0.054     7.8661    100.919    116.167 123.753046    12.6000     0.1503     0.0426     0.0423 5.8130e+02     0.1890      0.324      0.470    28.2566 0.0000e+00
      0.345      0.059     7.8611    100.972    116.181 123.769141    12.6000     0.1503     0.0426     0.1269 6.4732e+02     0.1890      0.338      0.491    28.2571 0.0000e+00
      0.360      0.064     7.8577    101.010    116.180 123.768214    12.6000     0.1618     0.0426     0.1269 9.8438e+02     0.2041      0.354      0.513    28.2577 0.0000e+00
      0.377      0.069     7.8579    101.020    116.187 123.776028    12.6000     0.1541     0.0426     0.1269 1.0787e+03     0.2192      0.370      0.537    28.2582 0.0000e+00
      0.395      0.073     7.8611    101.001    116.207 123.798667    12.6000     0.2075     0.0426     0.1269 7.5695e+02    -0.1283      0.388      0.562    28.2586 0.0000e+00
      0.415      0.077     7.8651    100.969    116.210 123.802156    12.6000     0.2304     0.0426     0.1269 5.4226e+02    -0.0225      0.407      0.590    28.2589 0.0000e+00
      0.436      0.080     7.8681    100.930    116.192 123.783422    12.6000     0.2228     0.0000     0.0423 4.7929e+02     0.0077      0.427      0.620    28.2592 0.0000e+00
      0.457      0.082     7.8688    100.878    116.173 123.763480    12.6000     0.2228     0.0000     0.0423 8.7140e+02    -0.1283      0.449      0.651    28.2594 0.0000e+00
      0.479      0.082     7.8673    100.818    116.163 123.753016    12.6000     0.1694     0.0000     0.0423 6.8346e+02     0.2192      0.470      0.682    28.2596 0.0000e+00
      0.501      0.081     7.8648    100.754    116.169 123.759242    12.6000     0.1656     0.0000     0.0423 7.1366e+02     0.2192      0.491      0.712    28.2598 0.0000e+00
      0.521      0.080     7.8617    100.687    116.183 123.773817    12.6000     0.1808     0.0426     0.0846 7.3939e+02     0.1588      0.511      0.742    28.2599 0.0000e+00
      0.541      0.079     7.8576    100.631    116.188 123.778619    12.6000     0.1694     0.0426     0.0846 5.3523e+02     0.1286      0.531      0.770    28.2599 0.0000e+00
      0.561      0.080     7.8530    100.595    116.179 123.768928    12.6000     0.1808     0.0426     0.0846 1.1120e+03     0.1286      0.550      0.798    28.2600 0.0000e+00
      0.580      0.081     7.8480    100.566    116.167 123.756163    12.6000     0.1541     0.0426     0.0846 4.9982e+02     0.2494      0.569      0.826    28.2600 0.0000e+00
      0.600      0.084     7.8427    100.531    116.154 123.742922    12.6000     0.1579     0.0426     0.1692 5.4628e+02     0.1588      0.588      0.854    28.2600 0.0000e+00
      0.621      0.087     7.8384    100.508    116.150 123.737679    12.6000     0.1541     0.0426     0.1692 7.1630e+02     0.2192      0.609      0.884    28.2599 0.0000e+00
      0.644      0.090     7.8356    100.526    116.154 123.741034    12.6000     0.2457     0.0426     0.1692 5.3803e+02     0.1437      0.632      0.917    28.2599 0.0000e+00
      0.669      0.093     7.8334    100.591    116.142 123.727874    12.6000     0.1999     0.0426     0.1692 1.4875e+03     0.1286      0.656      0.951    28.2599 0.0000e+00
      0.693      0.095     7.8307    100.682    116.125 123.708695    12.6000     0.2152     0.0426     0.1692 8.4401e+02     0.1890      0.680      0.986    28.2598 0.0000e+00
      0.718      0.096     7.8289    100.756    116.125 123.708391    12.5100     0.2075     0.0426     0.1269 9.7522e+02     0.2796      0.704      1.021    28.2596 0.0000e+00
      0.742      0.097     7.8303    100.788    116.139 123.722881    12.5100     0.1732     0.0426     0.1269 6.2208e+02     0.1437      0.728      1.056    28.2593 0.0000e+00
      0.767      0.097     7.8354    100.790    116.160 123.744025    12.5100     0.1656     0.0426     0.1269 4.3191e+02     0.1437      0.752      1.091    28.2590 0.0000e+00
      0.792      0.097     7.8425    100.783    116.185 123.769457    12.5100     0.1656     0.0426     0.1269 4.1943e+02     0.1588      0.777      1.126    28.2587 0.0000e+00
      0.817      0.096     7.8484    100.773    116.205 123.787953    12.6000     0.1541     0.0426     0.2115 3.0276e+02     0.1588      0.801      1.162    28.2584 0.0000e+00
      0.842      0.095     7.8509    100.753    116.210 123.790442    12.6000     0.1579     0.0426     0.2115 4.0881e+02     0.0983      0.826      1.198    28.2581 0.0000e+00
      0.867      0.093     7.8511    100.725    116.210 123.787591    12.6000     0.1732     0.0426     0.2115 5.9394e+02     0.2041      0.850      1.233    28.2576 0.0000e+00
      0.890      0.090     7.8507    100.706    116.207 123.782640    12.6000     0.1732     0.0426     0.2115 6.9680e+02     0.2796      0.873      1.266    28.2570 0.0000e+00
      0.912      0.087     7.8500    100.710    116.182 123.754261    12.5100     0.1618     0.0426     0.0846 4.0343e+02     0.1890      0.895      1.298    28.2560 0.0000e+00
      0.934      0.084     7.8486    100.730    116.130 123.698889    12.5100     0.1579     0.0426     0.0846 9.5716e+02     0.1890      0.916      1.329    28.2549 0.0000e+00
      0.955      0.082     7.8466    100.749    116.087 123.653774    12.5100     0.1389     0.0426     0.0846 4.8264e+02     0.2796      0.937      1.358    28.2537 0.0000e+00
      0.975      0.081     7.8453    100.759    116.069 123.636896    12.5100     0.1579     0.0426     0.0846 9.0892e+02     0.1437      0.956      1.386    28.2528 0.0000e+00
      0.994      0.080     7.8457    100.757    116.073 123.643753    12.6000     0.1656     0.0852     0.1692 6.3879e+02     0.1890      0.975      1.414    28.2523 0.0000e+00
      1.014      0.080     7.8472    100.738    116.098 123.672173    12.6000     0.1656     0.0852     0.1692 5.9085e+02     0.2041      0.995      1.443    28.2522 0.0000e+00
      1.035      0.081     7.8486    100.705    116.127 123.705727    12.6000     0.1465     0.0852     0.1692 3.8913e+02     0.0832      1.015      1.472    28.2525 0.0000e+00
      1.056      0.082     7.8493    100.660    116.158 123.741358    12.6000     0.1885     0.0852     0.1692 4.8516e+02     0.0832      1.035      1.502    28.2532 0.0000e+00
      1.077      0.083     7.8490    100.605    116.195 123.782568    12.6000     0.1732     0.0852     0.1692 7.3172e+02     0.1588      1.056      1.532    28.2542 0.0000e+00
      1.098      0.083     7.8474    100.555    116.235 123.826340    12.6000     0.1503     0.0426     0.2115 4.0961e+02     0.1739      1.077      1.562    28.2553 0.0000e+00
      1.120      0.084     7.8447    100.534    116.270 123.864340    12.6000     0.1656     0.0426     0.2115 5.2669e+02     0.1890      1.098      1.592    28.2564 0.0000e+00
      1.141      0.085     7.8411    100.556    116.281 123.876693    12.6000     0.1923     0.0426     0.2115 4.2623e+02     0.0832      1.119      1.622    28.2574 0.0000e+00
      1.162      0.085     7.8367    100.618    116.265 123.860689    12.6000     0.1389     0.0426     0.2115 3.6752e+02     0.0530      1.140      1.653    28.2582 0.0000e+00
      1.184      0.086     7.8327    100.710    116.233 123.828066    12.6000     0.2113     0.0426     0.1269 5.1593e+02     0.2192      1.161      1.684    28.2587 0.0000e+00
      1.207      0.085     7.8310    100.812    116.199 123.792133    12.6000     0.2381     0.0426     0.1269 5.7141e+02     0.0832      1.183      1.716    28.2591 0.0000e+00
      1.229      0.085     7.8327    100.898    116.169 123.761313    12.6000     0.2228     0.0426     0.1269 5.0222e+02     0.2192      1.205      1.748    28.2593 0.0000e+00
      1.251      0.084     7.8375    100.950    116.136 123.727387    12.6000     0.2228     0.0426     0.1269 5.3593e+02     0.0983      1.226      1.779    28.2597 0.0000e+00
      1.272      0.083     7.8446    100.970    116.110 123.699314    12.6000     0.2304     0.0426     0.1269 4.3853e+02     0.1890      1.247      1.808    28.2601 0.0000e+00
      1.292      0.082     7.8524    100.970    116.110 123.699618    12.6000     0.2381     0.0426     0.1269 3.8576e+02     0.1890      1.267      1.837    28.2606 0.0000e+00
      1.312      0.081     7.8591    100.953    116.133 123.724377    12.6000     0.1923     0.0426     0.1269 5.9330e+02     0.1890      1.286      1.866    28.2610 0.0000e+00
      1.332      0.082     7.8631    100.913    116.178 123.772193    12.6000     0.2304     0.0426     0.1269 4.8600e+02     0.1134      1.306      1.895    28.2613 0.0000e+00
      1.353      0.083     7.8646    100.846    116.240 123.837811    12.6000     0.2266     0.0426     0.1269 4.5712e+02     0.1286      1.326      1.924    28.2615 0.0000e+00
      1.374      0.083     7.8646    100.755    116.283 123.882708    12.6000     0.2419     0.0426     0.2538 5.1136e+02     0.2192      1.347      1.953    28.2617 0.0000e+00
      1.395      0.083     7.8632    100.651    116.293 123.892851    12.6000     0.2075     0.0426     0.2538 4.1988e+02     0.1437      1.368      1.984    28.2617 0.0000e+00
      1.418      0.081     7.8602    100.552    116.292 123.890949    12.6000     0.2228     0.0426     0.2538 4.1562e+02     0.1890      1.390      2.016    28.2615 0.0000e+00
      1.440      0.078     7.8550    100.469    116.287 123.884499    12.6000     0.2113     0.0426     0.2538 6.2942e+02     0.2041      1.412      2.047    28.2613 0.0000e+00
      1.459      0.074     7.8479    100.416    116.264 123.859776    12.6000     0.2113     0.0426     0.2115 3.7739e+02     0.2343      1.431      2.076    28.2609 0.0000e+00
      1.477      0.069     7.8399    100.405    116.219 123.812188    12.6000     0.2381     0.0426     0.2115 5.6144e+02     0.1437      1.449      2.101    28.2606 0.0000e+00
      1.493      0.064     7.8322    100.437    116.168 123.757054    12.6000     0.2113     0.0426     0.2115 6.7695e+02     0.1890      1.465      2.124    28.2604 0.0000e+00
      1.509      0.059     7.8258    100.504    116.127 123.713683    12.6000     0.2571     0.0426     0.2115 6.0541e+02     0.1739      1.480      2.146    28.2602 0.0000e+00
      1.524      0.054     7.8216    100.602    116.105 123.690516    12.6000     0.2228     0.0852     0.2115 5.6474e+02     0.2192      1.494      2.167    28.2601 0.0000e+00
      1.537      0.049     7.8208    100.717    116.108 123.693378    12.6000     0.2571     0.0852     0.2115 3.9561e+02     0.2041      1.507      2.186    28.2600 0.0000e+00
      1.548      0.045     7.8233    100.820    116.138 123.725034    12.6000     0.2342     0.0852     0.2115 3.7194e+02     0.2796      1.519      2.202    28.2599 0.0000e+00
      1.559      0.042     7.8286    100.888    116.172 123.761914    12.6000     0.2266     0.0852     0.2115 4.4092e+02     0.2041      1.529      2.217    28.2599 0.0000e+00
      1.569      0.040     7.8362    100.918    116.193 123.783844    12.6000     0.2266     0.0426     0.0846 4.5891e+02     0.1739      1.538      2.231    28.2599 0.0000e+00
      1.578      0.039     7.8451    100.920    116.201 123.792670    12.6000     0.2266     0.0426     0.0846 5.0167e+02     0.1286      1.548      2.245    28.2598 0.0000e+00
      1.588      0.038     7.8532    100.900    116.205 123.796748    12.6000     0.2342     0.0426     0.0846 3.6339e+02     0.1286      1.557      2.258    28.2598 0.0000e+00
      1.597      0.038     7.8584    100.863    116.213 123.805168    12.6000     0.3143     0.0426     0.0846 4.0089e+02     0.1739      1.566      2.272    28.2597 0.0000e+00
      1.607      0.039     7.8608    100.812    116.216 123.808171    12.6000     0.2838     0.0426     0.0846 5.0211e+02     0.1890      1.576      2.286    28.2597 0.0000e+00
      1.617      0.039     7.8610    100.739    116.201 123.792553    12.6000     0.2648     0.0426     0.1692 3.6832e+02     0.2192      1.586      2.300    28.2596 0.0000e+00
      1.627      0.039     7.8594    100.651    116.178 123.768155    12.6000     0.2648     0.0426     0.1692 5.7166e+02     0.1437      1.596      2.315    28.2596 0.0000e+00
      1.637      0.040     7.8566    100.573    116.158 123.746476    12.6000     0.3449     0.0426     0.1692 3.8484e+02     0.0983      1.606      2.329    28.2596 0.0000e+00
      1.647      0.041     7.8525    100.530    116.150 123.737740    12.6000     0.3143     0.0426     0.1692 4.3342e+02     0.1437      1.615      2.343    28.2597 0.0000e+00
      1.657      0.042     7.8468    100.532    116.159 123.747619    12.6000     0.3296     0.0426     0.2115 4.0246e+02     0.1890      1.625      2.357    28.2597 0.0000e+00
      1.668      0.044     7.8400    100.573    116.171 123.760744    12.6000     0.3487     0.0426     0.2115 4.5228e+02     0.3249      1.635      2.372    28.2598 0.0000e+00
      1.679      0.047     7.8339    100.635    116.172 123.760606    12.6000     0.2876     0.0426     0.2115 4.0439e+02     0.0983      1.646      2.388    28.2598 0.0000e+00
      1.691      0.051     7.8305    100.696    116.156 123.743168    12.6000     0.2991     0.0426     0.2115 3.9673e+02     0.0681      1.658      2.405    28.2597 0.0000e+00
      1.705      0.055     7.8307    100.743    116.138 123.723786    12.6000     0.2876     0.0426     0.1269 3.7242e+02     0.2343      1.671      2.424    28.2597 0.0000e+00
      1.719      0.059     7.8339    100.776    116.134 123.719298    12.6000     0.2800     0.0426     0.1269 5.0870e+02     0.1739      1.686      2.445    28.2596 0.0000e+00
      1.735      0.063     7.8388    100.796    116.134 123.718506    12.6000     0.2838     0.0426     0.1269 5.4002e+02     0.0983      1.701      2.467    28.2595 0.0000e+00
      1.751      0.067     7.8435    100.814    116.127 123.711193    12.6000     0.2876     0.0426     0.1269 3.1042e+02     0.1739      1.718      2.491    28.2593 0.0000e+00
      1.769      0.070     7.8472    100.846    116.116 123.699411    12.6000     0.2800     0.0426     0.1269 4.4554e+02     0.1890      1.735      2.516    28.2592 0.0000e+00
      1.788      0.073     7.8498    100.898    116.105 123.688020    12.5100     0.2419     0.0852     0.2538 4.1354e+02     0.1588      1.754      2.543    28.2590 0.0000e+00
      1.808      0.073     7.8514    100.961    116.112 123.695990    12.5100     0.2876     0.0852     0.2538 4.7473e+02     0.2192      1.773      2.571    28.2588 0.0000e+00
      1.828      0.073     7.8528    101.027    116.136 123.721445    12.5100     0.2800     0.0852     0.2538 3.1286e+02     0.0983      1.792      2.599    28.2588 0.0000e+00
