Data/DataNotYetUploadedToEDI/Raw_CTD/RawDownloads/071124_ccr88_S8188004.cnv
* Sea-Bird SBE19plus  Data File:
* FileName = C:\R\Reservoirs\Data\DataNotYetUploadedToEDI\Raw_CTD\RawDownloads\070824_bvr50_S8188_0004.hex
* Software version 2.8.0.119
* Temperature SN = 8188
* Conductivity SN = 8188
* System UpLoad Time = Jul 11 2024 15:30:04
* <ApplicationData>
* <Seaterm232>
# nquan = 16
# nvalues = 2184                        
# units = specified
# name 0 = depFM: Depth [fresh water, m]
# name 1 = dz/dtM: Descent Rate [m/s]
# name 2 = sbeox0Mg/L: Oxygen, SBE 43 [mg/l]
# name 3 = sbeox0PS: Oxygen, SBE 43 [% saturation]
# name 4 = specc: Specific Conductance [uS/cm]
# name 5 = c0uS/cm: Conductivity [uS/cm]
# name 6 = wetCDOM: Fluorescence, WET Labs CDOM [mg/m^3]
# name 7 = flECO-AFL: Fluorescence, WET Labs ECO-AFL/FL [mg/m^3]
# name 8 = flECO-AFL1: Fluorescence, WET Labs ECO-AFL/FL, 2 [mg/m^3]
# name 9 = flECO-AFL2: Fluorescence, WET Labs ECO-AFL/FL, 3 [mg/m^3]
# name 10 = par/sat/log: PAR/Logarithmic, Satlantic
# name 11 = turbWETntu0: Turbidity, WET Labs ECO [NTU]
# name 12 = prdM: Pressure, Strain Gauge [db]
# name 13 = prdE: Pressure, Strain Gauge [psi]
# name 14 = tv290C: Temperature [ITS-90, deg C]
# name 15 = flag:  0.000e+00
# span 0 =     -0.474,     11.606       
# span 1 =     -0.211,      0.159       
# span 2 =     2.3135,    10.4198       
# span 3 =     21.440,    118.048       
# span 4 =   -664.067,    128.736       
# span 5 =-489.149345, 124.231544       
# span 6 =    -4.5000,    29.3400       
# span 7 =    -0.8224,    10.3815       
# span 8 =    -2.1300,     3.8340       
# span 9 =    -2.5803,    10.0674       
# span 10 = 1.1590e-01, 3.6297e+03      
# span 11 =    -8.5425,   712.2004      
# span 12 =     -0.465,     11.382      
# span 13 =     -0.674,     16.508      
# span 14 =    11.5555,    28.3513      
# span 15 = 0.0000e+00, 0.0000e+00      
# interval = seconds: 0.25
# start_time = Jul 11 2024 09:47:41 [Instrument's time stamp, header]
# bad_flag = -9.990e-29
*END*
[from data line 452]
      0.728      0.009     7.8826    101.311    116.399 124.139327    13.0500     0.2152     0.0426     0.1269 7.0641e+02     0.4458      0.714      1.036    28.3180 0.0000e+00
      0.731      0.009     7.8872    101.228    116.380 124.118839    12.9600     0.2304     0.0426     0.2538 6.3464e+02     0.4609      0.717      1.039    28.3187 0.0000e+00
      0.733      0.009     7.8894    101.127    116.366 124.102563    12.9600     0.2495     0.0426     0.2538 7.0933e+02     0.5213      0.719      1.043    28.3189 0.0000e+00
      0.736      0.008     7.8880    101.026    116.351 124.086160    12.9600     0.2304     0.0426     0.2538 7.2791e+02     0.4458      0.721      1.046    28.3188 0.0000e+00
      0.738      0.007     7.8833    100.948    116.343 124.077259    12.9600     0.2342     0.0426     0.2538 5.8740e+02     0.4609      0.724      1.049    28.3184 0.0000e+00
      0.740      0.006     7.8769    100.898    116.338 124.071487    12.9600     0.2152     0.0000     0.0846 7.2161e+02     0.5062      0.725      1.052    28.3180 0.0000e+00
      0.741      0.005     7.8691    100.873    116.314 124.045296    12.9600     0.2991     0.0000     0.0846 4.8727e+02     0.3400      0.727      1.054    28.3176 0.0000e+00
      0.743      0.004     7.8612    100.873    116.284 124.013709    12.9600     0.2991     0.0000     0.0846 6.2629e+02     0.4156      0.728      1.056    28.3173 0.0000e+00
      0.743      0.003     7.8552    100.904    116.278 124.006318    12.9600     0.3029     0.0000     0.0846 1.1939e+03     0.4911      0.729      1.057    28.3171 0.0000e+00
      0.744      0.003     7.8514    100.959    116.291 124.021149    12.9600     0.2991     0.0852     0.1269 7.2918e+02     0.4005      0.729      1.058    28.3170 0.0000e+00
      0.744      0.002     7.8494    101.016    116.303 124.034150    12.9600     0.2152     0.0852     0.1269 6.0174e+02     0.3854      0.729      1.058    28.3168 0.0000e+00
      0.745      0.002     7.8494    101.059    116.301 124.032782    12.9600     0.2342     0.0852     0.1269 1.0181e+03     0.3098      0.730      1.059    28.3167 0.0000e+00
      0.745      0.001     7.8518    101.090    116.294 124.024682    12.9600     0.2228     0.0852     0.1269 7.9868e+02     0.4760      0.731      1.060    28.3167 0.0000e+00
      0.746      0.001     7.8561    101.117    116.285 124.015693    12.9600     0.2342     0.0852     0.1269 1.0518e+03     0.4760      0.731      1.061    28.3167 0.0000e+00
      0.746      0.000     7.8605    101.133    116.274 124.003419    12.9600     0.2381     0.0852     0.0846 7.1755e+02     0.4458      0.731      1.061    28.3169 0.0000e+00
      0.746      0.000     7.8638    101.131    116.249 123.976583    12.9600     0.2266     0.0852     0.0846 6.3203e+02     0.4911      0.731      1.060    28.3171 0.0000e+00
      0.745     -0.001     7.8662    101.113    116.232 123.958039    12.9600     0.2381     0.0852     0.0846 6.1697e+02     0.4307      0.731      1.060    28.3172 0.0000e+00
      0.745     -0.002     7.8684    101.077    116.245 123.972852    12.9600     0.1999     0.0852     0.0846 8.5993e+02     0.4458      0.731      1.060    28.3171 0.0000e+00
      0.745     -0.003     7.8696    101.023    116.270 123.998963    13.0500     0.2419     0.0426     0.2115 5.3535e+02     0.4458      0.730      1.059    28.3169 0.0000e+00
      0.744     -0.005     7.8695    100.964    116.295 124.025329    13.0500     0.2419     0.0426     0.2115 6.2983e+02     0.5515      0.730      1.058    28.3168 0.0000e+00
      0.743     -0.006     7.8681    100.917    116.326 124.058983    13.0500     0.2152     0.0426     0.2115 7.1630e+02     0.5213      0.728      1.056    28.3168 0.0000e+00
      0.741     -0.007     7.8652    100.891    116.364 124.100894    13.0500     0.2457     0.0426     0.2115 7.3235e+02     0.4911      0.727      1.054    28.3168 0.0000e+00
      0.739     -0.008     7.8610    100.884    116.398 124.138232    13.0500     0.2190     0.0426     0.0846 6.5910e+02     0.5364      0.724      1.051    28.3169 0.0000e+00
      0.736     -0.008     7.8565    100.885    116.409 124.152943    13.0500     0.2152     0.0426     0.0846 8.5156e+02     0.3854      0.722      1.047    28.3170 0.0000e+00
      0.734     -0.007     7.8528    100.886    116.406 124.152951    13.0500     0.2381     0.0426     0.0846 6.2506e+02     0.5213      0.720      1.044    28.3171 0.0000e+00
      0.732     -0.006     7.8507    100.871    116.402 124.150265    13.0500     0.2304     0.0426     0.0846 6.5638e+02     0.4911      0.718      1.041    28.3175 0.0000e+00
      0.731     -0.005     7.8501    100.826    116.406 124.156171    13.0500     0.2037     0.0852     0.1692 5.4651e+02     0.1286      0.716      1.039    28.3183 0.0000e+00
      0.729     -0.003     7.8500    100.759    116.425 124.176246    13.0500     0.2075     0.0852     0.1692 4.9035e+02     0.1588      0.715      1.037    28.3194 0.0000e+00
      0.728     -0.001     7.8499    100.691    116.433 124.183832    13.0500     0.2609     0.0852     0.1692 7.9903e+02     0.1890      0.714      1.036    28.3206 0.0000e+00
      0.728      0.001     7.8486    100.644    116.412 124.160944    13.0500     0.2304     0.0852     0.1692 5.2818e+02     0.1286      0.714      1.036    28.3215 0.0000e+00
      0.729      0.003     7.8450    100.643    116.386 124.133492    13.0500     0.2304     0.0852     0.1692 8.9773e+02     0.3854      0.715      1.037    28.3220 0.0000e+00
      0.730      0.004     7.8398    100.702    116.368 124.114160    12.9600     0.2495     0.0852     0.0846 6.6688e+02     0.4760      0.716      1.039    28.3221 0.0000e+00
      0.732      0.004     7.8345    100.807    116.353 124.097793    12.9600     0.2495     0.0852     0.0846 9.1646e+02     0.4911      0.718      1.041    28.3220 0.0000e+00
      0.734      0.003     7.8309    100.934    116.360 124.104035    12.9600     0.2381     0.0852     0.0846 6.3285e+02     0.4156      0.719      1.044    28.3217 0.0000e+00
      0.735      0.002     7.8308    101.069    116.371 124.114544    12.9600     0.3029     0.0852     0.0846 6.0792e+02     0.4156      0.721      1.046    28.3216 0.0000e+00
      0.736      0.000     7.8355    101.192    116.358 124.100112    12.9600     0.2876     0.0426     0.1692 1.1723e+03     0.6120      0.721      1.046    28.3214 0.0000e+00
      0.735     -0.001     7.8437    101.284    116.340 124.080898    12.9600     0.2991     0.0426     0.1692 1.0829e+03     0.4156      0.720      1.045    28.3211 0.0000e+00
      0.733     -0.001     7.8536    101.326    116.338 124.079787    12.9600     0.2838     0.0426     0.1692 4.9067e+02     0.4458      0.719      1.042    28.3207 0.0000e+00
      0.732     -0.001     7.8642    101.313    116.354 124.096484    12.9600     0.2648     0.0426     0.1692 6.5268e+02     0.5213      0.717      1.040    28.3204 0.0000e+00
      0.732      0.000     7.8738    101.258    116.361 124.103430    13.0500     0.2190     0.0852     0.1692 6.4325e+02     0.3854      0.717      1.040    28.3202 0.0000e+00
      0.733      0.001     7.8810    101.176    116.356 124.098477    13.0500     0.2304     0.0852     0.1692 7.5777e+02     0.4307      0.718      1.042    28.3202 0.0000e+00
      0.734      0.002     7.8842    101.100    116.366 124.108312    13.0500     0.2304     0.0852     0.1692 1.2510e+03     0.4307      0.720      1.044    28.3204 0.0000e+00
      0.735      0.003     7.8832    101.049    116.381 124.123555    13.0500     0.2419     0.0852     0.1692 1.2518e+03     0.5062      0.721      1.045    28.3205 0.0000e+00
      0.735      0.003     7.8788    101.022    116.397 124.140268    13.0500     0.2190     0.0852     0.1692 7.4552e+02     0.4609      0.721      1.045    28.3205 0.0000e+00
      0.735      0.002     7.8725    101.017    116.418 124.160906    13.0500     0.2495     0.0852     0.1269 5.5429e+02     0.5515      0.721      1.046    28.3202 0.0000e+00
      0.737      0.001     7.8666    101.053    116.419 124.160962    13.0500     0.2037     0.0852     0.1269 8.8745e+02     0.4458      0.722      1.048    28.3199 0.0000e+00
      0.738      0.000     7.8627    101.140    116.400 124.138451    13.0500     0.2152     0.0852     0.1269 5.6022e+02     0.4609      0.724      1.049    28.3196 0.0000e+00
      0.738     -0.001     7.8606    101.254    116.358 124.093372    13.0500     0.2381     0.0852     0.1269 9.5301e+02     0.5515      0.724      1.049    28.3193 0.0000e+00
      0.737     -0.003     7.8603    101.354    116.295 124.025707    13.0500     0.2190     0.0426     0.1269 6.5453e+02     0.4911      0.723      1.048    28.3189 0.0000e+00
      0.735     -0.004     7.8632    101.418    116.248 123.975433    13.0500     0.2266     0.0426     0.1269 5.4096e+02     0.5364      0.721      1.045    28.3183 0.0000e+00
      0.734     -0.005     7.8700    101.442    116.236 123.963154    13.0500     0.1961     0.0426     0.1269 8.8054e+02     0.4307      0.720      1.043    28.3176 0.0000e+00
      0.733     -0.006     7.8790    101.420    116.231 123.959588    13.0500     0.3067     0.0426     0.1269 7.7694e+02     0.4760      0.719      1.042    28.3171 0.0000e+00
      0.731     -0.007     7.8868    101.359    116.221 123.949779    13.0500     0.2838     0.0852     0.2115 6.1242e+02     0.4760      0.717      1.040    28.3169 0.0000e+00
      0.729     -0.007     7.8918    101.279    116.213 123.943116    13.0500     0.3067     0.0852     0.2115 1.0601e+03     0.4911      0.715      1.037    28.3170 0.0000e+00
      0.726     -0.006     7.8936    101.186    116.207 123.937821    13.0500     0.2991     0.0852     0.2115 8.6124e+02     0.4609      0.712      1.033    28.3173 0.0000e+00
      0.724     -0.006     7.8918    101.098    116.205 123.936484    13.0500     0.2266     0.0852     0.2115 8.5323e+02     0.4609      0.710      1.030    28.3177 0.0000e+00
      0.723     -0.005     7.8870    101.025    116.199 123.930747    13.0500     0.2495     0.0426     0.1692 7.0472e+02     0.4609      0.709      1.029    28.3183 0.0000e+00
      0.723     -0.005     7.8807    100.976    116.184 123.913077    13.0500     0.2419     0.0426     0.1692 7.6306e+02     0.4911      0.709      1.028    28.3189 0.0000e+00
      0.722     -0.005     7.8734    100.966    116.177 123.904770    13.0500     0.2037     0.0426     0.1692 8.4291e+02     0.5062      0.708      1.028    28.3196 0.0000e+00
      0.721     -0.004     7.8665    100.991    116.199 123.927619    13.0500     0.2419     0.0426     0.1692 9.4374e+02     0.4156      0.707      1.026    28.3200 0.0000e+00
      0.719     -0.004     7.8608    101.034    116.250 123.983715    13.0500     0.2495     0.0426     0.1692 9.4826e+02     0.4609      0.705      1.023    28.3199 0.0000e+00
      0.717     -0.004     7.8571    101.082    116.303 124.042004    12.9600     0.2152     0.0426     0.1269 6.4269e+02     0.3854      0.703      1.021    28.3194 0.0000e+00
      0.717     -0.003     7.8563    101.126    116.332 124.076013    12.9600     0.2152     0.0426     0.1269 1.5255e+03     0.4156      0.703      1.019    28.3189 0.0000e+00
      0.716     -0.003     7.8583    101.158    116.336 124.082809    12.9600     0.2419     0.0426     0.1269 7.2004e+02     0.6120      0.703      1.019    28.3187 0.0000e+00
      0.716     -0.002     7.8616    101.180    116.328 124.076208    12.9600     0.2266     0.0426     0.1269 8.0916e+02     0.4458      0.703      1.019    28.3193 0.0000e+00
      0.716     -0.001     7.8651    101.187    116.324 124.074456    13.0500     0.2228     0.0426     0.1692 7.6922e+02     0.4458      0.702      1.018    28.3204 0.0000e+00
      0.715     -0.001     7.8684    101.176    116.312 124.065083    13.0500     0.2495     0.0426     0.1692 5.0287e+02     0.3703      0.701      1.017    28.3216 0.0000e+00
      0.715     -0.000     7.8708    101.149    116.285 124.037586    13.0500     0.2342     0.0426     0.1692 7.7106e+02     0.4760      0.701      1.017    28.3226 0.0000e+00
      0.715     -0.000     7.8723    101.101    116.251 124.000638    13.0500     0.2495     0.0426     0.1692 5.2991e+02     0.4911      0.701      1.017    28.3236 0.0000e+00
      0.715      0.000     7.8727    101.036    116.214 123.960393    13.0500     0.2495     0.0426     0.0846 5.0134e+02     0.4307      0.702      1.018    28.3247 0.0000e+00
      0.716      0.000     7.8717    100.987    116.196 123.940129    13.0500     0.2304     0.0426     0.0846 5.0145e+02     0.4760      0.702      1.018    28.3258 0.0000e+00
      0.716      0.000     7.8695    100.982    116.208 123.952449    13.0500     0.2953     0.0426     0.0846 4.8548e+02     0.3552      0.702      1.018    28.3265 0.0000e+00
      0.716     -0.000     7.8657    101.019    116.218 123.962624    13.0500     0.2953     0.0426     0.0846 7.7627e+02     0.4911      0.702      1.018    28.3264 0.0000e+00
      0.716     -0.001     7.8607    101.082    116.211 123.955362    13.0500     0.3105     0.0426     0.0846 4.0766e+02     0.4458      0.702      1.018    28.3260 0.0000e+00
      0.716     -0.002     7.8570    101.144    116.205 123.948734    13.0500     0.2991     0.0426     0.3384 5.1069e+02     0.4156      0.702      1.018    28.3255 0.0000e+00
      0.715     -0.002     7.8567    101.190    116.205 123.948975    13.0500     0.2075     0.0426     0.3384 4.4865e+02     0.5364      0.701      1.017    28.3252 0.0000e+00
      0.714     -0.003     7.8596    101.230    116.211 123.956149    13.0500     0.2381     0.0426     0.3384 5.0748e+02     0.5213      0.700      1.016    28.3250 0.0000e+00
      0.713     -0.004     7.8645    101.257    116.226 123.972169    13.0500     0.2457     0.0426     0.3384 5.5236e+02     0.5515      0.699      1.014    28.3250 0.0000e+00
      0.712     -0.004     7.8693    101.260    116.258 124.005308    12.9600     0.2495     0.0852     0.1269 4.8432e+02     0.4609      0.698      1.013    28.3252 0.0000e+00
      0.711     -0.005     7.8728    101.248    116.299 124.048399    12.9600     0.1732     0.0852     0.1269 5.7452e+02     0.4156      0.697      1.011    28.3254 0.0000e+00
      0.709     -0.005     7.8759    101.242    116.339 124.088923    12.9600     0.1579     0.0852     0.1269 7.0457e+02     0.4609      0.696      1.009    28.3255 0.0000e+00
      0.708     -0.005     7.8781    101.247    116.379 124.129686    12.9600     0.1579     0.0852     0.1269 5.9227e+02     0.4156      0.695      1.007    28.3255 0.0000e+00
      0.706     -0.004     7.8783    101.244    116.411 124.161550    12.9600     0.1846     0.0426     0.1692 5.8676e+02     0.5213      0.693      1.005    28.3253 0.0000e+00
      0.705     -0.003     7.8774    101.243    116.427 124.177005    12.9600     0.1808     0.0426     0.1692 5.7029e+02     0.4609      0.692      1.004    28.3249 0.0000e+00
      0.705     -0.002     7.8771    101.255    116.431 124.180175    12.9600     0.1846     0.0426     0.1692 6.0004e+02     0.4156      0.691      1.003    28.3241 0.0000e+00
      0.704      0.000     7.8776    101.274    116.423 124.171903    12.9600     0.1999     0.0426     0.1692 6.9514e+02     0.4005      0.691      1.002    28.3232 0.0000e+00
      0.704      0.002     7.8775    101.288    116.405 124.153986    12.9600     0.1885     0.0852     0.1692 6.1416e+02     0.4458      0.691      1.002    28.3223 0.0000e+00
      0.705      0.004     7.8775    101.289    116.381 124.129647    12.9600     0.1923     0.0852     0.1692 1.0086e+03     0.5062      0.692      1.003    28.3215 0.0000e+00
      0.707      0.005     7.8786    101.281    116.344 124.092397    12.9600     0.1923     0.0852     0.1692 1.3140e+03     0.5062      0.693      1.006    28.3210 0.0000e+00
      0.710      0.006     7.8800    101.288    116.295 124.040306    12.9600     0.1846     0.0852     0.1692 5.7815e+02     0.4156      0.696      1.009    28.3209 0.0000e+00
