Data/DataNotYetUploadedToEDI/Raw_CTD/RawDownloads/071124_ccr88_S8188004.cnv
* Sea-Bird SBE19plus  Data File:
* FileName = C:\R\Reservoirs\Data\DataNotYetUploadedToEDI\Raw_CTD\RawDownloads\070824_bvr50_S8188_0004.hex
* Software version 2.8.0.119
* Temperature SN = 8188
* Conductivity SN = 8188
* System UpLoad Time = Jul 11 2024 15:30:04
* <ApplicationData>
* <Seaterm232>
# nquan = 16
# nvalues = 2184                        
# units = specified
# name 0 = depFM: Depth [fresh water, m]
# name 1 = dz/dtM: Descent Rate [m/s]
# name 2 = sbeox0Mg/L: Oxygen, SBE 43 [mg/l]
# name 3 = sbeox0PS: Oxygen, SBE 43 [% saturation]
# name 4 = specc: Specific Conductance [uS/cm]
# name 5 = c0uS/cm: Conductivity [uS/cm]
# name 6 = wetCDOM: Fluorescence, WET Labs CDOM [mg/m^3]
# name 7 = flECO-AFL: Fluorescence, WET Labs ECO-AFL/FL [mg/m^3]
# name 8 = flECO-AFL1: Fluorescence, WET Labs ECO-AFL/FL, 2 [mg/m^3]
# name 9 = flECO-AFL2: Fluorescence, WET Labs ECO-AFL/FL, 3 [mg/m^3]
# name 10 = par/sat/log: PAR/Logarithmic, Satlantic
# name 11 = turbWETntu0: Turbidity, WET Labs ECO [NTU]
# name 12 = prdM: Pressure, Strain Gauge [db]
# name 13 = prdE: Pressure, Strain Gauge [psi]
# name 14 = tv290C: Temperature [ITS-90, deg C]
# name 15 = flag:  0.000e+00
# span 0 =     -0.474,     11.606       
# span 1 =     -0.211,      0.159       
# span 2 =     2.3135,    10.4198       
# span 3 =     21.440,    118.048       
# span 4 =   -664.067,    128.736       
# span 5 =-489.149345, 124.231544       
# span 6 =    -4.5000,    29.3400       
# span 7 =    -0.8224,    10.3815       
# span 8 =    -2.1300,     3.8340       
# span 9 =    -2.5803,    10.0674       
# span 10 = 1.1590e-01, 3.6297e+03      
# span 11 =    -8.5425,   712.2004      
# span 12 =     -0.465,     11.382      
# span 13 =     -0.674,     16.508      
# span 14 =    11.5555,    28.3513      
# span 15 = 0.0000e+00, 0.0000e+00      
# interval = seconds: 0.25
# start_time = Jul 11 2024 09:47:41 [Instrument's time stamp, header]
# bad_flag = -9.990e-29
*END*
[from data line 362]
      0.732      0.001     6.2165    104.700    116.305 123.865309    12.9600     0.1808     0.0426     0.0846 1.0921e+03     0.4911      0.718      1.041    27.9744 0.0000e+00
      0.733      0.000     6.6600    109.231    116.318 123.935321    13.0500     0.1808     0.0852     0.1692 4.7815e+02     0.4760      0.718      1.042    28.0712 0.0000e+00
      0.733     -0.001     7.1800    112.141    116.325 123.978612    13.0500     0.1999     0.0852     0.1692 1.0075e+03     0.4911      0.718      1.042    28.1494 0.0000e+00
      0.732     -0.002     7.7001    113.384    116.307 123.980718    13.0500     0.1732     0.0852     0.1692 1.0265e+03     0.3854      0.717      1.041    28.2058 0.0000e+00
      0.731     -0.003     8.1553    113.148    116.289 123.974212    13.0500     0.1923     0.0852     0.1692 6.6442e+02     0.5062      0.716      1.039    28.2436 0.0000e+00
      0.730     -0.004     8.5055    111.873    116.285 123.977366    13.0500     0.2075     0.0426     0.2538 7.0702e+02     0.5969      0.716      1.038    28.2677 0.0000e+00
      0.729     -0.005     8.7303    110.099    116.291 123.987018    13.0500     0.1885     0.0426     0.2538 4.9700e+02     0.4156      0.715      1.037    28.2828 0.0000e+00
      0.728     -0.005     8.8260    108.252    116.322 124.023750    13.0500     0.1732     0.0426     0.2538 6.3258e+02     0.3249      0.714      1.035    28.2921 0.0000e+00
      0.726     -0.005     8.8071    106.564    116.375 124.083351    13.0500     0.1808     0.0426     0.2538 4.6899e+02     0.1890      0.712      1.032    28.2977 0.0000e+00
      0.724     -0.005     8.7076    105.120    116.402 124.115691    13.0500     0.1656     0.0852     0.2115 5.4521e+02     0.1739      0.710      1.030    28.3007 0.0000e+00
      0.723     -0.005     8.5693    103.935    116.399 124.115392    13.0500     0.1351     0.0852     0.2115 5.3686e+02     0.1286      0.709      1.028    28.3023 0.0000e+00
      0.723     -0.004     8.4255    102.995    116.400 124.118386    13.0500     0.1732     0.0852     0.2115 5.4699e+02     0.2947      0.708      1.028    28.3035 0.0000e+00
      0.722     -0.004     8.2939    102.280    116.417 124.137476    13.0500     0.1694     0.0852     0.2115 4.0766e+02     0.5666      0.708      1.027    28.3049 0.0000e+00
      0.721     -0.003     8.1813    101.767    116.435 124.157746    13.0500     0.1389     0.0852     0.2115 4.4651e+02     0.4911      0.707      1.025    28.3066 0.0000e+00
      0.720     -0.003     8.0889    101.427    116.440 124.164592    12.9600     0.1503     0.0852     0.1269 6.7813e+02     0.3854      0.706      1.024    28.3079 0.0000e+00
      0.719     -0.003     8.0157    101.223    116.431 124.155841    12.9600     0.1541     0.0852     0.1269 3.4053e+02     0.4156      0.705      1.023    28.3086 0.0000e+00
      0.719     -0.003     7.9600    101.109    116.413 124.137162    12.9600     0.1579     0.0852     0.1269 6.7666e+02     0.4911      0.705      1.022    28.3091 0.0000e+00
      0.718     -0.003     7.9200    101.043    116.406 124.131582    12.9600     0.1732     0.0852     0.1269 4.2752e+02     0.4458      0.704      1.021    28.3094 0.0000e+00
      0.717     -0.003     7.8935    100.983    116.421 124.149619    12.9600     0.1427     0.0000     0.2538 4.3219e+02     0.4911      0.703      1.020    28.3099 0.0000e+00
      0.716     -0.002     7.8775    100.906    116.440 124.172073    12.9600     0.1579     0.0000     0.2538 4.1970e+02     0.3854      0.702      1.018    28.3103 0.0000e+00
      0.715     -0.001     7.8686    100.823    116.453 124.188927    12.9600     0.1579     0.0000     0.2538 4.8190e+02     0.4609      0.701      1.017    28.3108 0.0000e+00
      0.715     -0.001     7.8634    100.760    116.457 124.194673    12.9600     0.1808     0.0000     0.2538 4.5159e+02     0.5213      0.701      1.017    28.3114 0.0000e+00
      0.716     -0.000     7.8586    100.727    116.440 124.176838    12.9600     0.1541     0.0852     0.2961 4.0159e+02     0.5364      0.702      1.018    28.3123 0.0000e+00
      0.716      0.000     7.8524    100.711    116.411 124.144670    12.9600     0.1579     0.0852     0.2961 4.5622e+02     0.3854      0.702      1.018    28.3135 0.0000e+00
      0.716      0.000     7.8458    100.695    116.374 124.103597    12.9600     0.1160     0.0852     0.2961 4.0686e+02     0.5213      0.702      1.019    28.3148 0.0000e+00
      0.716     -0.001     7.8408    100.677    116.321 124.046666    12.9600     0.1084     0.0852     0.2961 4.8390e+02     0.5062      0.702      1.019    28.3154 0.0000e+00
      0.716     -0.001     7.8382    100.673    116.266 123.986706    12.9600     0.0931     0.0852     0.2961 4.1734e+02     0.4156      0.702      1.019    28.3154 0.0000e+00
      0.716     -0.002     7.8370    100.699    116.224 123.941738    12.9600     0.1045     0.0426     0.1269 5.9926e+02     0.4609      0.702      1.018    28.3149 0.0000e+00
      0.715     -0.002     7.8359    100.761    116.197 123.913777    12.9600     0.1579     0.0426     0.1269 3.7526e+02     0.2796      0.701      1.017    28.3143 0.0000e+00
      0.714     -0.002     7.8346    100.845    116.179 123.895364    12.9600     0.1351     0.0426     0.1269 4.8865e+02     0.2645      0.700      1.015    28.3139 0.0000e+00
      0.713     -0.001     7.8343    100.943    116.179 123.895596    12.9600     0.1808     0.0426     0.1269 6.3768e+02     0.1739      0.699      1.014    28.3137 0.0000e+00
      0.712      0.000     7.8363    101.043    116.192 123.910533    12.8700     0.1656     0.0426     0.2115 5.4261e+02     0.2192      0.698      1.013    28.3136 0.0000e+00
      0.712      0.002     7.8411    101.124    116.198 123.920150    12.8700     0.1503     0.0426     0.2115 4.5287e+02     0.4156      0.699      1.014    28.3136 0.0000e+00
      0.713      0.004     7.8477    101.170    116.207 123.933013    12.8700     0.1846     0.0426     0.2115 4.2817e+02     0.5062      0.699      1.014    28.3138 0.0000e+00
      0.714      0.005     7.8552    101.183    116.229 123.960556    12.8700     0.1618     0.0426     0.2115 5.0342e+02     0.5213      0.701      1.016    28.3141 0.0000e+00
      0.717      0.006     7.8630    101.166    116.259 123.994118    12.9600     0.1732     0.0852     0.1692 5.5840e+02     0.3703      0.703      1.020    28.3147 0.0000e+00
      0.719      0.007     7.8690    101.126    116.287 124.022643    12.9600     0.1961     0.0852     0.1692 5.4014e+02     0.4609      0.705      1.023    28.3160 0.0000e+00
      0.721      0.007     7.8724    101.094    116.307 124.041734    12.9600     0.1770     0.0852     0.1692 8.4787e+02     0.3854      0.707      1.026    28.3178 0.0000e+00
      0.723      0.007     7.8732    101.093    116.315 124.048477    12.9600     0.1732     0.0852     0.1692 6.9877e+02     0.5515      0.709      1.028    28.3193 0.0000e+00
      0.724      0.006     7.8717    101.124    116.316 124.048673    12.9600     0.1732     0.0000     0.0846 7.7999e+02     0.3552      0.709      1.029    28.3199 0.0000e+00
      0.725      0.006     7.8687    101.175    116.311 124.042375    12.9600     0.2228     0.0000     0.0846 7.0121e+02     0.5364      0.711      1.031    28.3194 0.0000e+00
      0.727      0.005     7.8663    101.233    116.299 124.027901    12.9600     0.1999     0.0000     0.0846 4.5583e+02     0.4760      0.712      1.033    28.3186 0.0000e+00
      0.729      0.004     7.8664    101.287    116.296 124.021400    12.9600     0.2266     0.0000     0.0846 5.4178e+02     0.5062      0.714      1.036    28.3179 0.0000e+00
      0.730      0.003     7.8688    101.329    116.303 124.025139    12.9600     0.2419     0.0000     0.0846 5.5164e+02     0.5062      0.716      1.038    28.3175 0.0000e+00
      0.731      0.001     7.8728    101.334    116.309 124.028110    12.9600     0.2419     0.0852     0.1692 6.8987e+02     0.4911      0.716      1.039    28.3170 0.0000e+00
      0.730      0.000     7.8775    101.289    116.302 124.019103    12.9600     0.2266     0.0852     0.1692 1.0787e+03     0.4458      0.716      1.038    28.3161 0.0000e+00
      0.729     -0.001     7.8819    101.218    116.276 123.991712    12.9600     0.2228     0.0852     0.1692 5.7427e+02     0.4156      0.715      1.038    28.3146 0.0000e+00
      0.729     -0.002     7.8854    101.135    116.250 123.964643    12.9600     0.2495     0.0852     0.1692 7.8851e+02     0.4307      0.715      1.037    28.3131 0.0000e+00
      0.728     -0.002     7.8859    101.046    116.253 123.968690    12.9600     0.2190     0.0426     0.0846 9.1725e+02     0.5364      0.714      1.036    28.3119 0.0000e+00
      0.728     -0.002     7.8826    100.979    116.290 124.010934    12.9600     0.2037     0.0426     0.0846 9.8075e+02     0.5062      0.714      1.035    28.3112 0.0000e+00
      0.727     -0.001     7.8771    100.958    116.337 124.064628    12.9600     0.2381     0.0426     0.0846 1.1249e+03     0.4156      0.713      1.034    28.3110 0.0000e+00
      0.727      0.000     7.8706    100.980    116.368 124.100075    12.9600     0.2419     0.0426     0.0846 8.1552e+02     0.4307      0.712      1.033    28.3112 0.0000e+00
      0.727      0.001     7.8635    101.032    116.375 124.110723    12.8700     0.2457     0.0852     0.1269 8.9617e+02     0.4911      0.713      1.034    28.3119 0.0000e+00
      0.728      0.002     7.8582    101.104    116.362 124.099412    12.8700     0.2419     0.0852     0.1269 6.6876e+02     0.5817      0.714      1.035    28.3129 0.0000e+00
      0.729      0.003     7.8564    101.167    116.341 124.079130    12.8700     0.2266     0.0852     0.1269 1.2625e+03     0.5213      0.715      1.036    28.3142 0.0000e+00
      0.729      0.004     7.8579    101.191    116.336 124.076481    12.8700     0.2419     0.0852     0.1269 5.9047e+02     0.5213      0.715      1.037    28.3157 0.0000e+00
      0.730      0.004     7.8618    101.190    116.348 124.090759    13.0500     0.2609     0.0426     0.0846 8.7596e+02     0.4760      0.716      1.038    28.3170 0.0000e+00
      0.731      0.004     7.8673    101.187    116.349 124.093758    13.0500     0.2495     0.0426     0.0846 7.7341e+02     0.4156      0.717      1.039    28.3181 0.0000e+00
      0.732      0.003     7.8720    101.179    116.337 124.082279    13.0500     0.2495     0.0426     0.0846 1.2930e+03     0.4156      0.718      1.041    28.3191 0.0000e+00
      0.733      0.003     7.8737    101.165    116.317 124.061263    13.0500     0.2304     0.0426     0.0846 1.5774e+03     0.5515      0.719      1.043    28.3200 0.0000e+00
      0.734      0.003     7.8736    101.154    116.295 124.037110    13.0500     0.2571     0.0426     0.0846 8.1996e+02     0.4760      0.720      1.044    28.3207 0.0000e+00
      0.734      0.002     7.8733    101.147    116.283 124.023385    12.9600     0.2266     0.0426     0.1269 1.2383e+03     0.4005      0.720      1.044    28.3213 0.0000e+00
      0.734      0.002     7.8726    101.136    116.284 124.022430    12.9600     0.2152     0.0426     0.1269 1.1168e+03     0.4005      0.720      1.044    28.3218 0.0000e+00
      0.735      0.002     7.8714    101.118    116.298 124.035992    12.9600     0.2419     0.0426     0.1269 9.9448e+02     0.5515      0.720      1.045    28.3221 0.0000e+00
      0.735      0.002     7.8706    101.091    116.308 124.045679    12.9600     0.2304     0.0426     0.1269 5.3535e+02     0.4760      0.721      1.046    28.3219 0.0000e+00
      0.736      0.003     7.8701    101.046    116.310 124.048073    12.9600     0.2419     0.0426     0.0846 6.1136e+02     0.4609      0.722      1.047    28.3212 0.0000e+00
      0.736      0.003     7.8694    100.989    116.313 124.051815    12.9600     0.2190     0.0426     0.0846 6.4255e+02     0.4609      0.722      1.047    28.3204 0.0000e+00
      0.737      0.003     7.8681    100.954    116.304 124.041897    12.9600     0.2419     0.0426     0.0846 8.8784e+02     0.3703      0.723      1.049    28.3198 0.0000e+00
      0.738      0.003     7.8659    100.957    116.279 124.015674    12.9600     0.2304     0.0426     0.0846 6.4788e+02     0.3552      0.724      1.050    28.3197 0.0000e+00
      0.739      0.003     7.8624    100.986    116.241 123.974157    13.0500     0.2571     0.0000     0.1692 5.2179e+02     0.4911      0.724      1.051    28.3198 0.0000e+00
      0.739      0.002     7.8580    101.019    116.203 123.932282    13.0500     0.2037     0.0000     0.1692 8.5843e+02     0.4458      0.725      1.051    28.3200 0.0000e+00
      0.740      0.002     7.8552    101.033    116.195 123.922898    13.0500     0.2457     0.0000     0.1692 5.5743e+02     0.4609      0.725      1.052    28.3200 0.0000e+00
      0.740      0.000     7.8555    101.024    116.228 123.957507    13.0500     0.2152     0.0000     0.1692 5.1047e+02     0.5515      0.726      1.053    28.3198 0.0000e+00
      0.741     -0.001     7.8578    101.010    116.291 124.023331    13.0500     0.2686     0.0000     0.1692 4.6031e+02     0.3854      0.727      1.054    28.3195 0.0000e+00
      0.741     -0.002     7.8605    100.999    116.350 124.085905    12.9600     0.2304     0.0426     0.1269 5.0881e+02     0.3703      0.726      1.053    28.3192 0.0000e+00
      0.739     -0.003     7.8616    100.976    116.379 124.115900    12.9600     0.2304     0.0426     0.1269 4.1706e+02     0.4911      0.725      1.051    28.3188 0.0000e+00
      0.737     -0.004     7.8610    100.928    116.381 124.117313    12.9600     0.2419     0.0426     0.1269 4.4545e+02     0.4156      0.723      1.049    28.3184 0.0000e+00
      0.736     -0.005     7.8599    100.873    116.368 124.102525    12.9600     0.2457     0.0426     0.1269 4.0872e+02     0.3854      0.722      1.047    28.3179 0.0000e+00
      0.735     -0.006     7.8591    100.843    116.348 124.079597    13.0500     0.2075     0.0852     0.1692 4.1059e+02     0.5817      0.721      1.045    28.3175 0.0000e+00
      0.734     -0.007     7.8573    100.853    116.333 124.062422    13.0500     0.2571     0.0852     0.1692 4.2254e+02     0.5213      0.720      1.044    28.3172 0.0000e+00
      0.732     -0.008     7.8537    100.888    116.330 124.058423    13.0500     0.2228     0.0852     0.1692 4.0054e+02     0.3854      0.718      1.041    28.3168 0.0000e+00
      0.729     -0.008     7.8494    100.927    116.342 124.070535    13.0500     0.2304     0.0852     0.1692 4.1166e+02     0.4458      0.715      1.037    28.3164 0.0000e+00
      0.726     -0.008     7.8472    100.973    116.364 124.093985    12.9600     0.2304     0.0852     0.1692 4.3853e+02     0.5213      0.713      1.033    28.3158 0.0000e+00
      0.724     -0.007     7.8480    101.044    116.383 124.115021    12.9600     0.2381     0.0852     0.1692 4.8023e+02     0.5213      0.711      1.030    28.3153 0.0000e+00
      0.723     -0.004     7.8508    101.137    116.408 124.143253    12.9600     0.2342     0.0852     0.1692 6.7387e+02     0.4609      0.709      1.028    28.3149 0.0000e+00
      0.722     -0.002     7.8539    101.227    116.446 124.186209    12.9600     0.2228     0.0852     0.1692 5.6782e+02     0.4609      0.708      1.026    28.3148 0.0000e+00
      0.721      0.001     7.8575    101.303    116.473 124.217332    13.0500     0.2457     0.0426     0.1269 8.3616e+02     0.5213      0.707      1.025    28.3149 0.0000e+00
      0.722      0.004     7.8630    101.362    116.469 124.214910    13.0500     0.2419     0.0426     0.1269 6.1017e+02     0.4156      0.708      1.027    28.3153 0.0000e+00
      0.724      0.006     7.8701    101.391    116.447 124.192303    13.0500     0.2228     0.0426     0.1269 7.4503e+02     0.4005      0.710      1.029    28.3159 0.0000e+00
