Data/DataNotYetUploadedToEDI/Raw_CTD/RawDownloads/071124_ccr50_S8188003.cnv
* Sea-Bird SBE19plus  Data File:
* FileName = C:\R\Reservoirs\Data\DataNotYetUploadedToEDI\Raw_CTD\RawDownloads\070824_bvr50_S8188_0003.hex
* Software version 2.8.0.119
* Temperature SN = 8188
* Conductivity SN = 8188
* System UpLoad Time = Jul 11 2024 15:29:32
* <ApplicationData>
* <Seaterm232>
# nquan = 16
# nvalues = 4182                        
# units = specified
# name 0 = depFM: Depth [fresh water, m]
# name 1 = dz/dtM: Descent Rate [m/s]
# name 2 = sbeox0Mg/L: Oxygen, SBE 43 [mg/l]
# name 3 = sbeox0PS: Oxygen, SBE 43 [% saturation]
# name 4 = specc: Specific Conductance [uS/cm]
# name 5 = c0uS/cm: Conductivity [uS/cm]
# name 6 = wetCDOM: Fluorescence, WET Labs CDOM [mg/m^3]
# name 7 = flECO-AFL: Fluorescence, WET Labs ECO-AFL/FL [mg/m^3]
# name 8 = flECO-AFL1: Fluorescence, WET Labs ECO-AFL/FL, 2 [mg/m^3]
# name 9 = flECO-AFL2: Fluorescence, WET Labs ECO-AFL/FL, 3 [mg/m^3]
# name 10 = par/sat/log: PAR/Logarithmic, Satlantic
# name 11 = turbWETntu0: Turbidity, WET Labs ECO [NTU]
# name 12 = prdM: Pressure, Strain Gauge [db]
# name 13 = prdE: Pressure, Strain Gauge [psi]
# name 14 = tv290C: Temperature [ITS-90, deg C]
# name 15 = flag:  0.000e+00
# span 0 =     -0.472,     20.463       
# span 1 =     -0.306,      0.222       
# span 2 =    -0.2026,    11.6751       
# span 3 =     -1.824,    134.076       
# span 4 =   -672.038,    167.659       
# span 5 =-490.019386, 125.044447       
# span 6 =    -4.5000,    40.4100       
# span 7 =    -0.3418,     5.3079       
# span 8 =    -2.5986,     2.1726       
# span 9 =    -4.0608,     5.1606       
# span 10 = 1.1580e-01, 3.8440e+03      
# span 11 =    -1.3066,   971.0038      
# span 12 =     -0.463,     20.067      
# span 13 =     -0.672,     29.105      
# span 14 =    10.3237,    28.2734      
# span 15 = 0.0000e+00, 0.0000e+00      
# interval = seconds: 0.25
# start_time = Jul 11 2024 09:11:41 [Instrument's time stamp, header]
# bad_flag = -9.990e-29
*END*
[from data line 272]
      0.421     -0.001     4.6572     57.750    115.141 121.912468    12.4200     0.1465     0.0426     0.2538 1.8390e+03     0.2343      0.413      0.600    27.9468 0.0000e+00
      0.422     -0.001     4.6254     57.329    115.145 121.905392    12.4200     0.1656     0.0426     0.2538 1.1315e+03     0.2192      0.413      0.600    27.9454 0.0000e+00
      0.421     -0.001     4.5917     56.936    115.143 121.892404    12.4200     0.1656     0.0426     0.2538 1.1856e+03     0.2192      0.413      0.600    27.9427 0.0000e+00
      0.421     -0.001     4.5578     56.589    115.143 121.882043    12.4200     0.1808     0.0426     0.2538 1.2154e+03     0.1890      0.413      0.599    27.9386 0.0000e+00
      0.420     -0.001     4.5243     56.299    115.147 121.875545    12.4200     0.1198     0.0426     0.2538 1.7132e+03     0.1890      0.412      0.597    27.9337 0.0000e+00
      0.419     -0.001     4.4917     56.080    115.156 121.875180    12.5100     0.1236     0.0426     0.0423 1.3909e+03     0.2041      0.411      0.597    27.9288 0.0000e+00
      0.419     -0.001     4.4613     55.942    115.176 121.884849    12.5100     0.1160     0.0426     0.0423 1.8163e+03     0.2645      0.411      0.596    27.9242 0.0000e+00
      0.419     -0.001     4.4344     55.897    115.194 121.891127    12.5100     0.1045     0.0426     0.0423 7.8731e+02     0.1890      0.411      0.597    27.9197 0.0000e+00
      0.420     -0.000     4.4121     55.976    115.203 121.887686    12.5100     0.1045     0.0426     0.0423 1.3501e+03     0.1437      0.412      0.597    27.9152 0.0000e+00
      0.420     -0.000     4.3953     56.209    115.207 121.881608    12.5100     0.0664     0.0852     0.1692 7.0136e+02     0.2041      0.411      0.597    27.9105 0.0000e+00
      0.419      0.000     4.3848     56.598    115.207 121.875274    12.5100     0.1007     0.0852     0.1692 5.1976e+02     0.2343      0.411      0.596    27.9056 0.0000e+00
      0.418      0.001     4.3818     57.084    115.201 121.866994    12.5100     0.0931     0.0852     0.1692 8.0566e+02     0.1890      0.410      0.595    27.9001 0.0000e+00
      0.419      0.001     4.3884     57.546    115.189 121.854559    12.5100     0.1122     0.0852     0.1692 4.9884e+02     0.1739      0.411      0.596    27.8945 0.0000e+00
      0.420      0.001     4.4070     57.887    115.171 121.838657    12.5100     0.1656     0.0426     0.0846 1.9244e+03     0.2192      0.412      0.597    27.8899 0.0000e+00
      0.421      0.002     4.4377     58.074    115.158 121.827047    12.5100     0.1732     0.0426     0.0846 9.3944e+02     0.1437      0.412      0.598    27.8873 0.0000e+00
      0.421      0.002     4.4759     58.107    115.149 121.820637    12.5100     0.1503     0.0426     0.0846 6.5240e+02     0.1134      0.412      0.598    27.8865 0.0000e+00
      0.420      0.002     4.5121     57.991    115.141 121.813717    12.5100     0.1808     0.0426     0.0846 7.2854e+02     0.1437      0.412      0.598    27.8869 0.0000e+00
      0.421      0.002     4.5387     57.740    115.139 121.812441    12.5100     0.1656     0.0426     0.0846 1.8450e+03     0.1890      0.413      0.599    27.8879 0.0000e+00
      0.422      0.002     4.5533     57.406    115.142 121.816471    12.5100     0.1732     0.0426     0.3807 6.0515e+02     0.1286      0.413      0.600    27.8891 0.0000e+00
      0.422      0.001     4.5558     57.064    115.140 121.814878    12.5100     0.1465     0.0426     0.3807 8.7672e+02     0.2343      0.414      0.601    27.8901 0.0000e+00
      0.423      0.001     4.5466     56.785    115.135 121.811239    12.5100     0.1732     0.0426     0.3807 3.2946e+02     0.1134      0.414      0.601    27.8907 0.0000e+00
      0.423      0.001     4.5270     56.611    115.130 121.808583    12.5100     0.1770     0.0426     0.3807 7.6671e+02     0.1890      0.414      0.601    27.8910 0.0000e+00
      0.423      0.001     4.5007     56.562    115.122 121.802202    12.5100     0.1541     0.0426     0.0846 9.1030e+02     0.1134      0.414      0.601    27.8915 0.0000e+00
      0.423      0.001     4.4739     56.648    115.110 121.790395    12.5100     0.1770     0.0426     0.0846 5.1124e+02     0.2494      0.415      0.602    27.8921 0.0000e+00
      0.423      0.001     4.4519     56.878    115.093 121.774013    12.5100     0.1656     0.0426     0.0846 8.7558e+02     0.1588      0.415      0.602    27.8928 0.0000e+00
      0.423      0.001     4.4382     57.284    115.079 121.760692    12.5100     0.1618     0.0426     0.0846 1.1486e+03     0.2494      0.415      0.602    27.8937 0.0000e+00
      0.423      0.001     4.4344     57.908    115.072 121.754881    12.4200     0.1694     0.0852     0.0423 8.5787e+02     0.2192      0.415      0.602    27.8946 0.0000e+00
      0.423      0.002     4.4410     58.719    115.070 121.755029    12.4200     0.1732     0.0852     0.0423 8.4236e+02     0.1588      0.415      0.602    27.8952 0.0000e+00
      0.424      0.002     4.4590     59.598    115.067 121.753175    12.4200     0.1846     0.0852     0.0423 2.1295e+03     0.1588      0.416      0.603    27.8958 0.0000e+00
      0.425      0.002     4.4908     60.420    115.060 121.744824    12.4200     0.1579     0.0852     0.0423 4.7680e+02     0.4609      0.417      0.604    27.8964 0.0000e+00
      0.426      0.002     4.5396     61.132    115.054 121.735752    12.5100     0.1503     0.0000     0.2115 1.0008e+03     0.5213      0.418      0.606    27.8971 0.0000e+00
      0.426      0.001     4.6031     61.728    115.052 121.727539    12.5100     0.1656     0.0000     0.2115 5.0925e+02     0.4307      0.418      0.606    27.8978 0.0000e+00
      0.426      0.001     4.6720     62.186    115.053 121.721995    12.5100     0.1923     0.0000     0.2115 1.2666e+03     0.5213      0.417      0.606    27.8983 0.0000e+00
      0.426      0.000     4.7365     62.456    115.060 121.721644    12.5100     0.1808     0.0000     0.2115 8.7824e+02     0.1890      0.417      0.606    27.8981 0.0000e+00
      0.426      0.000     4.7924     62.514    115.063 121.718389    12.5100     0.1465     0.0000     0.2115 8.0548e+02     0.2192      0.418      0.606    27.8968 0.0000e+00
      0.426      0.000     4.8393     62.410    115.061 121.711361    12.3300     0.1389     0.0852     0.4653 7.1010e+02     0.2192      0.418      0.606    27.8944 0.0000e+00
      0.426      0.001     4.8755     62.233    115.063 121.710688    12.3300     0.1694     0.0852     0.4653 1.1866e+03     0.1588      0.418      0.606    27.8913 0.0000e+00
      0.426      0.001     4.8969     62.035    115.062 121.708190    12.3300     0.1694     0.0852     0.4653 5.5200e+02     0.1890      0.418      0.606    27.8880 0.0000e+00
      0.426      0.002     4.9018     61.820    115.051 121.695198    12.3300     0.1541     0.0852     0.4653 1.0402e+03     0.1588      0.418      0.606    27.8852 0.0000e+00
      0.427      0.002     4.8938     61.591    115.037 121.680252    12.5100     0.1427     0.0852     0.0846 1.1377e+03     0.1437      0.418      0.607    27.8833 0.0000e+00
      0.428      0.003     4.8800     61.380    115.024 121.667366    12.5100     0.1846     0.0852     0.0846 8.0952e+02     0.2192      0.419      0.608    27.8821 0.0000e+00
      0.428      0.003     4.8646     61.218    115.009 121.653104    12.5100     0.1656     0.0852     0.0846 1.1086e+03     0.1286      0.420      0.609    27.8813 0.0000e+00
      0.429      0.003     4.8477     61.101    114.996 121.641666    12.5100     0.1732     0.0852     0.0846 6.0831e+02     0.2192      0.420      0.610    27.8809 0.0000e+00
      0.430      0.003     4.8298     60.976    114.995 121.642005    12.5100     0.1846     0.0000    -0.0846 5.4651e+02     0.0832      0.421      0.612    27.8808 0.0000e+00
      0.431      0.003     4.8132     60.787    115.002 121.650209    12.5100     0.1656     0.0000    -0.0846 7.1474e+02     0.1890      0.422      0.613    27.8810 0.0000e+00
      0.432      0.002     4.8005     60.529    115.003 121.652462    12.5100     0.1656     0.0000    -0.0846 5.3071e+02     0.2796      0.423      0.614    27.8817 0.0000e+00
      0.432      0.002     4.7912     60.243    114.994 121.645366    12.5100     0.1656     0.0000    -0.0846 1.8148e+03     0.1588      0.424      0.615    27.8826 0.0000e+00
      0.433      0.001     4.7812     59.985    114.986 121.639029    12.5100     0.1846     0.0000    -0.0846 8.9793e+02     0.1890      0.424      0.615    27.8834 0.0000e+00
      0.432      0.001     4.7664     59.776    114.990 121.643766    12.6000     0.1732     0.0426     0.0423 1.3858e+03     0.2192      0.424      0.615    27.8840 0.0000e+00
      0.433      0.000     4.7461     59.587    115.004 121.656838    12.6000     0.1656     0.0426     0.0423 7.7307e+02     0.1588      0.424      0.615    27.8846 0.0000e+00
      0.433      0.000     4.7237     59.370    115.021 121.669730    12.6000     0.1770     0.0426     0.0423 6.7695e+02     0.2192      0.424      0.616    27.8853 0.0000e+00
      0.433     -0.001     4.7033     59.122    115.046 121.685880    12.6000     0.1656     0.0426     0.0423 9.2205e+02     0.1890      0.425      0.616    27.8861 0.0000e+00
      0.433     -0.002     4.6870     58.873    115.078 121.705591    12.6000     0.1923     0.0852     0.2961 9.1169e+02     0.2494      0.425      0.616    27.8865 0.0000e+00
      0.432     -0.003     4.6722     58.676    115.104 121.718116    12.6000     0.1846     0.0852     0.2961 8.7216e+02     0.2494      0.424      0.615    27.8858 0.0000e+00
      0.431     -0.003     4.6554     58.610    115.118 121.718792    12.6000     0.1808     0.0852     0.2961 6.5453e+02     0.1588      0.423      0.613    27.8835 0.0000e+00
      0.430     -0.003     4.6363     58.782    115.125 121.715800    12.6000     0.1846     0.0852     0.2961 8.1623e+02     0.1286      0.421      0.611    27.8791 0.0000e+00
      0.429     -0.003     4.6173     59.304    115.135 121.720344    12.5100     0.1541     0.0000     0.0423 8.0864e+02     0.1739      0.420      0.609    27.8730 0.0000e+00
      0.428     -0.002     4.6024     60.216    115.151 121.733635    12.5100     0.1503     0.0000     0.0423 8.0776e+02     0.1286      0.419      0.608    27.8663 0.0000e+00
      0.428     -0.001     4.5976     61.433    115.160 121.743215    12.5100     0.1618     0.0000     0.0423 1.1325e+03     0.2041      0.419      0.608    27.8605 0.0000e+00
      0.428     -0.001     4.6115     62.820    115.155 121.739636    12.5100     0.1808     0.0000     0.0423 1.1949e+03     0.2192      0.420      0.609    27.8560 0.0000e+00
      0.429     -0.000     4.6527     64.318    115.146 121.733946    12.4200     0.1503     0.0426     0.0846 3.6624e+02     0.2041      0.420      0.609    27.8530 0.0000e+00
      0.428      0.000     4.7244     65.918    115.140 121.732629    12.4200     0.1656     0.0426     0.0846 8.2910e+02     0.1286      0.420      0.609    27.8516 0.0000e+00
      0.427      0.001     4.8198     67.542    115.127 121.727333    12.4200     0.1885     0.0426     0.0846 7.4682e+02     0.1890      0.419      0.608    27.8514 0.0000e+00
      0.427      0.001     4.9286     69.052    115.098 121.708643    12.4200     0.1579     0.0426     0.0846 1.2159e+03     0.1890      0.419      0.608    27.8521 0.0000e+00
      0.428      0.001     5.0460     70.373    115.055 121.679579    12.4200     0.1846     0.0426     0.0846 5.9227e+02     0.2192      0.420      0.609    27.8537 0.0000e+00
      0.429      0.002     5.1712     71.565    115.013 121.660395    12.6000     0.1694     0.0426     0.0846 7.6905e+02     0.1890      0.421      0.610    27.8561 0.0000e+00
      0.429      0.003     5.2983     72.736    114.982 121.661981    12.6000     0.1465     0.0426     0.0846 7.3538e+02     0.1739      0.421      0.611    27.8597 0.0000e+00
      0.429      0.003     5.4162     73.909    114.958 121.672759    12.6000     0.1541     0.0426     0.0846 7.2051e+02     0.2192      0.421      0.611    27.8648 0.0000e+00
      0.431      0.003     5.5191     75.040    114.934 121.679603    12.6000     0.1579     0.0426     0.0846 9.3842e+02     0.1588      0.422      0.612    27.8721 0.0000e+00
      0.433      0.003     5.6115     76.180    114.912 121.688341    12.5100     0.1618     0.0852     0.5499 1.3816e+03     0.2494      0.424      0.615    27.8831 0.0000e+00
      0.434      0.003     5.7018     77.490    114.882 121.697301    12.5100     0.1656     0.0852     0.5499 6.8034e+02     0.2041      0.425      0.617    27.8980 0.0000e+00
      0.434      0.004     5.7921     79.050    114.831 121.692871    12.5100     0.1732     0.0852     0.5499 1.8937e+03     0.2041      0.425      0.616    27.9139 0.0000e+00
      0.433      0.004     5.8793     80.756    114.786 121.689877    12.5100     0.1656     0.0852     0.5499 1.0032e+03     0.2494      0.425      0.616    27.9280 0.0000e+00
      0.435      0.003     5.9671     82.451    114.784 121.715532    12.5100     0.1541     0.0426     0.0000 6.5382e+02     0.2494      0.426      0.618    27.9417 0.0000e+00
      0.437      0.002     6.0678     84.090    114.816 121.768675    12.5100     0.1999     0.0426     0.0000 9.8459e+02     0.2041      0.429      0.622    27.9595 0.0000e+00
      0.438      0.002     6.1876     85.683    114.839 121.817466    12.5100     0.1923     0.0426     0.0000 5.3605e+02     0.1286      0.430      0.623    27.9813 0.0000e+00
      0.437      0.002     6.3190     87.166    114.831 121.840907    12.5100     0.1541     0.0426     0.0000 6.2343e+02     0.0530      0.429      0.622    28.0005 0.0000e+00
      0.436      0.000     6.4502     88.419    114.824 121.859258    12.5100     0.1503     0.0426     0.0000 4.5494e+02     0.2947      0.428      0.621    28.0126 0.0000e+00
      0.437     -0.001     6.5776     89.319    114.850 121.899419    12.3300     0.1656     0.0000     0.1269 7.4812e+02     0.1134      0.428      0.621    28.0209 0.0000e+00
      0.438     -0.002     6.7009     89.776    114.903 121.960096    12.3300     0.1923     0.0000     0.1269 9.4313e+02     0.2494      0.429      0.622    28.0317 0.0000e+00
      0.437     -0.002     6.8152     89.751    114.951 122.019460    12.3300     0.1579     0.0000     0.1269 4.5991e+02     0.1588      0.429      0.622    28.0455 0.0000e+00
      0.436     -0.002     6.9118     89.223    114.978 122.069335    12.3300     0.1427     0.0000     0.1269 8.3362e+02     0.1890      0.427      0.619    28.0570 0.0000e+00
      0.434     -0.002     6.9815     88.226    115.025 122.147027    12.9600     0.1846     0.0426     0.5499 6.6326e+02     0.1286      0.425      0.617    28.0624 0.0000e+00
      0.434     -0.003     7.0171     86.972    115.157 122.317268    12.9600     0.1618     0.0426     0.5499 7.0197e+02     0.1739      0.425      0.616    28.0640 0.0000e+00
      0.434     -0.003     7.0147     85.890    115.427 122.639458    12.9600     0.1846     0.0426     0.5499 6.4577e+02     0.2041      0.426      0.617    28.0679 0.0000e+00
      0.434     -0.002     6.9723     85.608    115.773 123.055476    12.9600     0.1579     0.0426     0.5499 9.0066e+02     0.1890      0.426      0.617    28.0770 0.0000e+00
      0.433     -0.002     6.8929     86.734    116.032 123.392181    12.0600     0.1351     0.0426    -0.0846 6.0187e+02     0.1134      0.425      0.616    28.0891 0.0000e+00
      0.431     -0.002     6.7933     89.382    116.175 123.605332    12.0600     0.1808     0.0426    -0.0846 1.3601e+03     0.2192      0.423      0.614    28.1021 0.0000e+00
      0.431     -0.002     6.7070     93.066    116.272 123.757773    12.0600     0.1579     0.0426    -0.0846 7.3442e+02     0.1890      0.423      0.613    28.1171 0.0000e+00
