Data/DataNotYetUploadedToEDI/Raw_CTD/RawDownloads/071124_ccr90_S8188005.cnv
* Sea-Bird SBE19plus  Data File:
* FileName = C:\R\Reservoirs\Data\DataNotYetUploadedToEDI\Raw_CTD\RawDownloads\070824_bvr50_S8188_0005.hex
* Software version 2.8.0.119
* Temperature SN = 8188
* Conductivity SN = 8188
* System UpLoad Time = Jul 11 2024 15:30:26
* <ApplicationData>
* <Seaterm232>
# nquan = 16
# nvalues = 1419                        
# units = specified
# name 0 = depFM: Depth [fresh water, m]
# name 1 = dz/dtM: Descent Rate [m/s]
# name 2 = sbeox0Mg/L: Oxygen, SBE 43 [mg/l]
# name 3 = sbeox0PS: Oxygen, SBE 43 [% saturation]
# name 4 = specc: Specific Conductance [uS/cm]
# name 5 = c0uS/cm: Conductivity [uS/cm]
# name 6 = wetCDOM: Fluorescence, WET Labs CDOM [mg/m^3]
# name 7 = flECO-AFL: Fluorescence, WET Labs ECO-AFL/FL [mg/m^3]
# name 8 = flECO-AFL1: Fluorescence, WET Labs ECO-AFL/FL, 2 [mg/m^3]
# name 9 = flECO-AFL2: Fluorescence, WET Labs ECO-AFL/FL, 3 [mg/m^3]
# name 10 = par/sat/log: PAR/Logarithmic, Satlantic
# name 11 = turbWETntu0: Turbidity, WET Labs ECO [NTU]
# name 12 = prdM: Pressure, Strain Gauge [db]
# name 13 = prdE: Pressure, Strain Gauge [psi]
# name 14 = tv290C: Temperature [ITS-90, deg C]
# name 15 = flag:  0.000e+00
# span 0 =     -0.463,      4.414       
# span 1 =     -0.180,      0.167       
# span 2 =     4.0924,     9.2637       
# span 3 =     51.701,    118.457       
# span 4 =   -442.686,    116.252       
# span 5 =-463.459440, 123.348359       
# span 6 =    -4.5000,    17.2800       
# span 7 =    -1.5129,   245.1530       
# span 8 =    -3.7062,     2.4282       
# span 9 =    -2.6226,     4.3992       
# span 10 = 4.3847e+01, 3.7110e+03      
# span 11 =   -10.2647,    11.7303      
# span 12 =     -0.454,      4.329      
# span 13 =     -0.659,      6.279      
# span 14 =    23.4409,    28.0717      
# span 15 = 0.0000e+00, 0.0000e+00      
# interval = seconds: 0.25
# start_time = Jul 11 2024 10:15:19 [Instrument's time stamp, header]
# bad_flag = -9.990e-29
*END*
[from data line 91]
      0.547     -0.033     6.4074     79.320    115.323 122.143786    13.4100     0.1503     0.0426     0.2538 8.3925e+02     0.7328      0.536      0.778    27.9668 0.0000e+00
      0.538     -0.031     6.3431     78.960    115.330 122.144736    13.4100     0.1885     0.0426     0.2538 5.9692e+02     0.7177      0.528      0.765    27.9623 0.0000e+00
      0.531     -0.029     6.2899     78.731    115.351 122.163590    13.5000     0.1846     0.0852     0.1692 5.8472e+02     0.7177      0.521      0.755    27.9583 0.0000e+00
      0.524     -0.027     6.2474     78.650    115.380 122.193373    13.5000     0.1579     0.0852     0.1692 5.6487e+02     0.6120      0.514      0.746    27.9544 0.0000e+00
      0.518     -0.026     6.2123     78.673    115.408 122.222023    13.5000     0.2381     0.0852     0.1692 4.0299e+02     0.6120      0.508      0.737    27.9507 0.0000e+00
      0.512     -0.026     6.1844     78.748    115.431 122.245177    13.5000     0.2190     0.0852     0.1692 5.6071e+02     0.6573      0.502      0.728    27.9479 0.0000e+00
      0.505     -0.025     6.1666     78.888    115.444 122.257005    13.4100     0.2228     0.0852     0.2538 8.9812e+02     0.7177      0.496      0.719    27.9464 0.0000e+00
      0.498     -0.025     6.1604     79.186    115.430 122.240658    13.4100     0.1846     0.0852     0.2538 6.4116e+02     0.7328      0.489      0.709    27.9457 0.0000e+00
      0.491     -0.023     6.1622     79.752    115.397 122.203778    13.4100     0.1732     0.0852     0.2538 1.2345e+03     0.6724      0.482      0.699    27.9453 0.0000e+00
      0.485     -0.021     6.1682     80.595    115.360 122.164539    13.4100     0.1694     0.0852     0.2538 9.9038e+02     0.8235      0.476      0.690    27.9449 0.0000e+00
      0.480     -0.019     6.1792     81.574    115.324 122.124479    13.5000     0.1579     0.0852     0.1692 6.5155e+02     0.7026      0.471      0.682    27.9443 0.0000e+00
      0.475     -0.016     6.2026     82.464    115.292 122.088920    13.5000     0.1846     0.0852     0.1692 7.7307e+02     0.6120      0.467      0.676    27.9436 0.0000e+00
      0.472     -0.014     6.2470     83.073    115.277 122.070384    13.5000     0.1656     0.0852     0.1692 1.0464e+03     0.7026      0.463      0.671    27.9430 0.0000e+00
      0.469     -0.011     6.3131     83.285    115.278 122.069930    13.5000     0.1503     0.0852     0.1692 1.1913e+03     0.6271      0.460      0.667    27.9426 0.0000e+00
      0.466     -0.009     6.3898     83.047    115.274 122.065432    13.5000     0.1541     0.0852     0.1692 6.9303e+02     0.6724      0.458      0.664    27.9420 0.0000e+00
      0.464     -0.006     6.4597     82.343    115.250 122.037686    13.4100     0.1694     0.0426     0.0846 7.3939e+02     0.6724      0.456      0.661    27.9410 0.0000e+00
      0.463     -0.004     6.5074     81.210    115.226 122.005298    13.4100     0.1656     0.0426     0.0846 9.3720e+02     0.6875      0.454      0.659    27.9399 0.0000e+00
      0.462     -0.003     6.5241     79.749    115.238 122.007645    13.4100     0.1618     0.0426     0.0846 6.2547e+02     0.6422      0.453      0.658    27.9395 0.0000e+00
      0.462     -0.001     6.5055     78.135    115.288 122.053351    13.4100     0.1579     0.0426     0.0846 5.1638e+02     0.6724      0.453      0.658    27.9393 0.0000e+00
      0.463      0.000     6.4505     76.572    115.345 122.114594    13.4100     0.1656     0.0000     0.5922 9.0655e+02     0.6724      0.454      0.658    27.9381 0.0000e+00
      0.463      0.001     6.3621     75.234    115.384 122.161696    13.4100     0.1656     0.0000     0.5922 8.5267e+02     0.6422      0.454      0.659    27.9350 0.0000e+00
      0.463      0.002     6.2482     74.186    115.396 122.179211    13.4100     0.2533     0.0000     0.5922 9.1845e+02     0.6422      0.454      0.659    27.9304 0.0000e+00
      0.464      0.004     6.1220     73.373    115.375 122.159807    13.4100     0.2190     0.0000     0.5922 1.2796e+03     0.6573      0.455      0.660    27.9273 0.0000e+00
      0.465      0.005     5.9996     72.710    115.314 122.094309    13.4100     0.2419     0.0426     0.0846 4.5712e+02     0.6573      0.456      0.661    27.9276 0.0000e+00
      0.466      0.005     5.8945     72.160    115.232 122.003260    13.4100     0.1999     0.0426     0.0846 9.1348e+02     0.7630      0.457      0.663    27.9302 0.0000e+00
      0.468      0.006     5.8121     71.736    115.188 121.950401    13.4100     0.1618     0.0426     0.0846 9.0478e+02     0.6422      0.459      0.666    27.9326 0.0000e+00
      0.470      0.005     5.7482     71.495    115.207 121.967647    13.4100     0.1503     0.0426     0.0846 7.2538e+02     0.5666      0.461      0.669    27.9338 0.0000e+00
      0.472      0.004     5.6963     71.538    115.255 122.021586    13.4100     0.1579     0.0426     0.0846 1.4249e+03     0.5666      0.463      0.671    27.9335 0.0000e+00
      0.473      0.004     5.6535     71.958    115.285 122.058586    13.5900     0.1732     0.0426     0.2538 1.7021e+03     0.6875      0.464      0.673    27.9314 0.0000e+00
      0.473      0.004     5.6205     72.739    115.259 122.034503    13.5900     0.1579     0.0426     0.2538 8.4474e+02     0.6573      0.464      0.673    27.9289 0.0000e+00
      0.473      0.004     5.6018     73.720    115.178 121.946916    13.5900     0.1579     0.0426     0.2538 9.3273e+02     0.6724      0.464      0.672    27.9277 0.0000e+00
      0.473      0.005     5.6050     74.692    115.083 121.842485    13.5900     0.1656     0.0426     0.2538 1.0210e+03     0.5817      0.464      0.673    27.9287 0.0000e+00
      0.475      0.007     5.6377     75.509    115.013 121.765377    13.5900     0.1618     0.0426     0.0846 8.7368e+02     0.6120      0.466      0.676    27.9311 0.0000e+00
      0.478      0.008     5.6987     76.112    114.973 121.721036    13.5900     0.2075     0.0426     0.0846 9.2085e+02     0.6120      0.468      0.680    27.9326 0.0000e+00
      0.481      0.008     5.7757     76.490    114.952 121.697638    13.5900     0.2228     0.0426     0.0846 1.0281e+03     0.6724      0.472      0.684    27.9319 0.0000e+00
      0.484      0.006     5.8520     76.653    114.946 121.688945    13.5900     0.2266     0.0426     0.0846 1.5202e+03     0.6724      0.474      0.688    27.9301 0.0000e+00
      0.486      0.003     5.9161     76.625    114.953 121.692638    13.5900     0.2304     0.0426     0.2115 1.5974e+03     0.7026      0.476      0.691    27.9289 0.0000e+00
      0.486     -0.001     5.9634     76.466    114.963 121.697698    13.5900     0.2075     0.0426     0.2115 7.9470e+02     0.6120      0.477      0.692    27.9283 0.0000e+00
      0.485     -0.005     5.9931     76.246    114.953 121.677469    13.5900     0.2075     0.0426     0.2115 3.1797e+03     0.6422      0.476      0.691    27.9276 0.0000e+00
      0.483     -0.008     6.0060     75.980    114.908 121.610554    13.5900     0.2495     0.0426     0.2115 1.3443e+03     0.7026      0.473      0.687    27.9266 0.0000e+00
      0.479     -0.009     6.0040     75.613    114.847 121.513115    13.5900     0.2266     0.0426     0.2115 5.8753e+02     0.6724      0.470      0.682    27.9250 0.0000e+00
      0.476     -0.010     5.9918     75.078    114.819 121.431185    13.5900     0.1808     0.0426     0.2115 2.6235e+03     0.6875      0.466      0.677    27.9225 0.0000e+00
      0.473     -0.009     5.9749     74.366    114.855 121.396924    13.5900     0.1846     0.0426     0.2115 6.2493e+02     0.6875      0.464      0.673    27.9183 0.0000e+00
      0.471     -0.007     5.9549     73.563    114.942 121.403193    13.5900     0.1541     0.0426     0.2115 9.4867e+02     0.6120      0.462      0.670    27.9101 0.0000e+00
      0.470     -0.005     5.9277     72.811    115.028 121.415648    13.5900     0.1656     0.0426     0.2115 8.3470e+02     0.7177      0.461      0.668    27.8956 0.0000e+00
      0.469     -0.003     5.8880     72.236    115.072 121.403597    13.5000     0.1618     0.0426     0.1692 7.4471e+02     0.6875      0.460      0.666    27.8730 0.0000e+00
      0.468     -0.001     5.8354     71.873    115.065 121.357824    13.5000     0.1770     0.0426     0.1692 6.7651e+02     0.6724      0.459      0.665    27.8415 0.0000e+00
      0.467      0.002     5.7762     71.650    115.036 121.298128    13.5000     0.1618     0.0426     0.1692 1.0084e+03     0.7177      0.458      0.664    27.8045 0.0000e+00
      0.468      0.004     5.7206     71.462    115.017 121.250599    13.5000     0.1846     0.0426     0.1692 6.3285e+02     0.6422      0.459      0.665    27.7700 0.0000e+00
      0.469      0.006     5.6781     71.222    115.018 121.222566    13.5000     0.1923     0.0000     0.1269 6.2860e+02     0.9594      0.460      0.668    27.7446 0.0000e+00
      0.472      0.008     5.6513     70.881    115.037 121.206553    13.5000     0.2113     0.0000     0.1269 1.9727e+03     0.9292      0.463      0.671    27.7279 0.0000e+00
      0.475      0.010     5.6351     70.425    115.062 121.194288    13.5000     0.2419     0.0000     0.1269 5.7029e+02     1.0198      0.465      0.675    27.7151 0.0000e+00
      0.477      0.010     5.6214     69.871    115.082 121.178496    13.5000     0.2304     0.0000     0.1269 6.3575e+02     0.8386      0.468      0.679    27.7033 0.0000e+00
      0.480      0.010     5.6038     69.255    115.087 121.150963    13.5900     0.1656     0.0426     0.1692 7.2208e+02     0.6422      0.471      0.683    27.6904 0.0000e+00
      0.483      0.008     5.5785     68.623    115.085 121.120349    13.5900     0.1694     0.0426     0.1692 2.7874e+03     0.6120      0.473      0.687    27.6749 0.0000e+00
      0.485      0.007     5.5443     68.026    115.091 121.102493    13.5900     0.1541     0.0426     0.1692 4.6564e+02     0.5817      0.476      0.690    27.6580 0.0000e+00
      0.487      0.006     5.5023     67.501    115.106 121.096634    13.5900     0.1579     0.0426     0.1692 8.0916e+02     0.5364      0.477      0.692    27.6421 0.0000e+00
      0.488      0.005     5.4551     67.068    115.114 121.085205    13.5900     0.1885     0.0426     0.1692 8.4842e+02     0.6422      0.478      0.694    27.6280 0.0000e+00
      0.488      0.004     5.4066     66.719    115.108 121.057156    13.5000     0.1808     0.0426     0.2115 1.0638e+03     0.6724      0.478      0.695    27.6156 0.0000e+00
      0.488      0.003     5.3605     66.412    115.103 121.025013    13.5000     0.1656     0.0426     0.2115 4.7144e+02     0.6120      0.479      0.695    27.6049 0.0000e+00
      0.489      0.003     5.3200     66.105    115.114 121.004206    13.5000     0.1503     0.0426     0.2115 7.3331e+02     0.7026      0.479      0.696    27.5958 0.0000e+00
      0.490      0.004     5.2867     65.777    115.144 120.997186    13.5000     0.2304     0.0426     0.2115 1.6954e+03     1.0047      0.480      0.697    27.5871 0.0000e+00
      0.491      0.004     5.2601     65.441    115.176 120.990079    13.5900     0.2113     0.0000     0.1692 8.0286e+02     0.9292      0.482      0.699    27.5775 0.0000e+00
      0.493      0.004     5.2370     65.122    115.193 120.972983    13.5900     0.2304     0.0000     0.1692 1.5689e+03     0.9594      0.483      0.701    27.5659 0.0000e+00
      0.494      0.004     5.2141     64.824    115.198 120.949338    13.5900     0.2495     0.0000     0.1692 6.8972e+02     0.9443      0.484      0.702    27.5517 0.0000e+00
      0.495      0.004     5.1897     64.528    115.194 120.920841    13.5900     0.2152     0.0000     0.1692 9.7205e+02     0.9745      0.485      0.704    27.5349 0.0000e+00
      0.496      0.004     5.1648     64.208    115.185 120.891894    13.6800     0.2228     0.0426     0.0846 1.0827e+03     0.9745      0.486      0.705    27.5175 0.0000e+00
      0.497      0.003     5.1410     63.856    115.170 120.862778    13.6800     0.2342     0.0426     0.0846 1.0893e+03     0.9292      0.487      0.707    27.5022 0.0000e+00
      0.497      0.003     5.1187     63.481    115.144 120.825728    13.6800     0.1999     0.0426     0.0846 7.7072e+02     0.8688      0.488      0.708    27.4898 0.0000e+00
      0.498      0.002     5.0963     63.094    115.102 120.774865    13.6800     0.2495     0.0426     0.0846 6.8494e+02     0.9594      0.488      0.708    27.4793 0.0000e+00
      0.499      0.002     5.0718     62.699    115.042 120.704627    13.5900     0.2648     0.0426     0.1269 8.0653e+02     0.9594      0.489      0.709    27.4708 0.0000e+00
      0.499      0.002     5.0445     62.291    114.948 120.596284    13.5900     0.2075     0.0426     0.1269 9.6196e+02     0.9141      0.489      0.710    27.4647 0.0000e+00
      0.500      0.002     5.0153     61.870    114.792 120.422943    13.5900     0.2266     0.0426     0.1269 1.1815e+03     0.8688      0.490      0.710    27.4608 0.0000e+00
      0.500      0.001     4.9849     61.450    114.550 120.158384    13.5900     0.2419     0.0426     0.1269 5.5188e+02     0.6120      0.490      0.711    27.4578 0.0000e+00
      0.501      0.001     4.9540     61.057    114.161 119.742060    13.5900     0.2304     0.0426     0.1269 1.6757e+03     0.6422      0.491      0.712    27.4544 0.0000e+00
      0.501      0.001     4.9221     60.714    113.516 119.058948    13.5900     0.2152     0.0852     0.1269 1.1591e+03     0.5515      0.491      0.712    27.4503 0.0000e+00
      0.501      0.001     4.8892     60.437    112.439 117.924885    13.5900     0.2228     0.0852     0.1269 1.4667e+03     0.8083      0.491      0.712    27.4456 0.0000e+00
      0.501      0.001     4.8565     60.226    110.637 116.031453    13.5900     0.2113     0.0852     0.1269 6.7475e+02     1.0349      0.491      0.712    27.4409 0.0000e+00
      0.501      0.001     4.8258     60.064    107.631 112.875737    13.5900     0.2266     0.0852     0.1269 9.0971e+02     0.8386      0.491      0.712    27.4369 0.0000e+00
      0.501      0.000     4.7990     59.926    102.631 107.630216    13.6800     0.2304     0.0426     0.1692 8.3036e+02     0.9594      0.491      0.712    27.4337 0.0000e+00
      0.501      0.000     4.7773     59.795     94.307  98.904084    13.6800     0.2457     0.0426     0.1692 1.7998e+03     0.9594      0.491      0.713    27.4310 0.0000e+00
      0.501      0.000     4.7609     59.670     80.431  84.362371    13.6800     0.1427     0.0426     0.1692 1.1784e+03     0.6724      0.492      0.713    27.4280 0.0000e+00
      0.501      0.000     4.7484     59.553     57.297  60.123286    13.6800     0.1465     0.0426     0.1692 8.7121e+02     0.6422      0.492      0.713    27.4242 0.0000e+00
      0.501     -0.001     4.7378     59.437     18.742  19.735075    13.5900     0.1732     0.0852     0.1692 8.6555e+02     0.6120      0.491      0.713    27.4197 0.0000e+00
      0.501     -0.001     4.7280     59.302    -45.510 -47.560453    13.5900     0.1770     0.0852     0.1692 1.5891e+03     0.7328      0.491      0.712    27.4147 0.0000e+00
      0.501     -0.002     4.7185     59.123   -152.603-159.708772    13.5900     0.1732     0.0852     0.1692 1.2938e+03     0.7932      0.491      0.712    27.4086 0.0000e+00
      0.501     -0.003     4.7100     58.897   -331.116-346.628105    13.5900     0.1656     0.0852     0.1692 8.8861e+02     0.8688      0.491      0.712    27.4008 0.0000e+00
      0.500     -0.004     4.7017     58.640   -442.686-463.459440    13.5900     0.1656     0.0852     0.1692 1.7043e+03     0.8839      0.490      0.711    27.3910 0.0000e+00
      0.499     -0.005     4.6919     58.365   -331.092-346.641630    13.6800     0.1694     0.0426     0.2115 1.5292e+03     0.8688      0.489      0.710    27.3801 0.0000e+00
