Data/DataNotYetUploadedToEDI/Raw_CTD/RawDownloads/071124_ccr90_S8188005.cnv
* Sea-Bird SBE19plus  Data File:
* FileName = C:\R\Reservoirs\Data\DataNotYetUploadedToEDI\Raw_CTD\RawDownloads\070824_bvr50_S8188_0005.hex
* Software version 2.8.0.119
* Temperature SN = 8188
* Conductivity SN = 8188
* System UpLoad Time = Jul 11 2024 15:30:26
* <ApplicationData>
* <Seaterm232>
# nquan = 16
# nvalues = 1419                        
# units = specified
# name 0 = depFM: Depth [fresh water, m]
# name 1 = dz/dtM: Descent Rate [m/s]
# name 2 = sbeox0Mg/L: Oxygen, SBE 43 [mg/l]
# name 3 = sbeox0PS: Oxygen, SBE 43 [% saturation]
# name 4 = specc: Specific Conductance [uS/cm]
# name 5 = c0uS/cm: Conductivity [uS/cm]
# name 6 = wetCDOM: Fluorescence, WET Labs CDOM [mg/m^3]
# name 7 = flECO-AFL: Fluorescence, WET Labs ECO-AFL/FL [mg/m^3]
# name 8 = flECO-AFL1: Fluorescence, WET Labs ECO-AFL/FL, 2 [mg/m^3]
# name 9 = flECO-AFL2: Fluorescence, WET Labs ECO-AFL/FL, 3 [mg/m^3]
# name 10 = par/sat/log: PAR/Logarithmic, Satlantic
# name 11 = turbWETntu0: Turbidity, WET Labs ECO [NTU]
# name 12 = prdM: Pressure, Strain Gauge [db]
# name 13 = prdE: Pressure, Strain Gauge [psi]
# name 14 = tv290C: Temperature [ITS-90, deg C]
# name 15 = flag:  0.000e+00
# span 0 =     -0.463,      4.414       
# span 1 =     -0.180,      0.167       
# span 2 =     4.0924,     9.2637       
# span 3 =     51.701,    118.457       
# span 4 =   -442.686,    116.252       
# span 5 =-463.459440, 123.348359       
# span 6 =    -4.5000,    17.2800       
# span 7 =    -1.5129,   245.1530       
# span 8 =    -3.7062,     2.4282       
# span 9 =    -2.6226,     4.3992       
# span 10 = 4.3847e+01, 3.7110e+03      
# span 11 =   -10.2647,    11.7303      
# span 12 =     -0.454,      4.329      
# span 13 =     -0.659,      6.279      
# span 14 =    23.4409,    28.0717      
# span 15 = 0.0000e+00, 0.0000e+00      
# interval = seconds: 0.25
# start_time = Jul 11 2024 10:15:19 [Instrument's time stamp, header]
# bad_flag = -9.990e-29
*END*
[from data line 904]
      0.688      0.042     7.5560     96.942    116.066 123.200301    13.5900     0.3639     0.0426     0.2961 6.9097e+01     0.7026      0.675      0.978    28.0654 0.0000e+00
      0.698      0.043     7.5626     96.918    116.072 123.208461    13.5900     0.3639     0.0426     0.2961 6.9143e+01     0.7026      0.685      0.993    28.0655 0.0000e+00
      0.710      0.043     7.5692     96.858    116.101 123.240123    13.5900     0.3372     0.0426     0.2961 6.8025e+01     0.8990      0.696      1.009    28.0658 0.0000e+00
      0.721      0.044     7.5746     96.784    116.133 123.275723    13.5900     0.3525     0.0426     0.1692 6.8366e+01     0.8839      0.707      1.026    28.0662 0.0000e+00
      0.733      0.044     7.5769     96.704    116.145 123.290742    13.5900     0.3525     0.0426     0.1692 6.7260e+01     0.8235      0.719      1.043    28.0668 0.0000e+00
      0.744      0.044     7.5749     96.627    116.135 123.281185    13.5900     0.3639     0.0426     0.1692 6.8069e+01     0.8083      0.730      1.059    28.0674 0.0000e+00
      0.755      0.043     7.5701     96.579    116.114 123.260506    13.5900     0.3487     0.0426     0.1692 6.9383e+01     0.8990      0.741      1.074    28.0681 0.0000e+00
      0.766      0.042     7.5643     96.590    116.092 123.237196    13.5900     0.3372     0.0852     0.2538 6.7995e+01     0.9443      0.752      1.090    28.0688 0.0000e+00
      0.777      0.042     7.5579     96.681    116.075 123.219043    13.5900     0.3372     0.0852     0.2538 6.7980e+01     0.8990      0.762      1.105    28.0695 0.0000e+00
      0.787      0.042     7.5518     96.837    116.060 123.203206    13.5900     0.3639     0.0852     0.2538 6.8947e+01     0.8386      0.772      1.120    28.0701 0.0000e+00
      0.797      0.043     7.5480     97.004    116.054 123.197468    13.5900     0.3334     0.0852     0.2538 6.7745e+01     0.6875      0.782      1.134    28.0705 0.0000e+00
      0.808      0.043     7.5488     97.141    116.066 123.210299    13.5900     0.3563     0.0426     0.0846 6.7656e+01     0.6271      0.793      1.149    28.0707 0.0000e+00
      0.819      0.045     7.5559     97.213    116.078 123.223115    13.5900     0.3449     0.0426     0.0846 6.9203e+01     0.6573      0.804      1.165    28.0708 0.0000e+00
      0.831      0.046     7.5681     97.192    116.087 123.233332    13.5900     0.3334     0.0426     0.0846 6.8025e+01     0.6422      0.815      1.182    28.0708 0.0000e+00
      0.844      0.048     7.5811     97.089    116.093 123.239673    13.5900     0.3372     0.0426     0.0846 6.7966e+01     0.5969      0.827      1.200    28.0708 0.0000e+00
      0.856      0.049     7.5918     96.955    116.091 123.237828    13.5900     0.3754     0.0426     0.1692 6.6693e+01     0.6724      0.839      1.217    28.0709 0.0000e+00
      0.868      0.051     7.5974     96.856    116.094 123.241307    13.5900     0.3449     0.0426     0.1692 6.5858e+01     0.6422      0.852      1.235    28.0711 0.0000e+00
      0.881      0.053     7.5958     96.834    116.105 123.253041    13.5900     0.3525     0.0426     0.1692 6.5217e+01     0.6120      0.864      1.253    28.0712 0.0000e+00
      0.895      0.055     7.5877     96.898    116.121 123.270156    13.5900     0.3639     0.0426     0.1692 6.4596e+01     0.9292      0.878      1.273    28.0714 0.0000e+00
      0.910      0.057     7.5772     97.031    116.135 123.285212    13.5900     0.3372     0.0426     0.1692 6.4330e+01     0.9745      0.892      1.294    28.0715 0.0000e+00
      0.925      0.059     7.5695     97.197    116.132 123.282218    13.5900     0.3372     0.0426     0.2115 6.4176e+01     0.9292      0.907      1.316    28.0716 0.0000e+00
      0.941      0.060     7.5678     97.357    116.108 123.256375    13.5900     0.3296     0.0426     0.2115 6.4330e+01     0.8990      0.923      1.338    28.0717 0.0000e+00
      0.956      0.061     7.5728     97.472    116.068 123.212794    13.5900     0.3525     0.0426     0.2115 6.3304e+01     0.9141      0.938      1.360    28.0717 0.0000e+00
      0.972      0.061     7.5832     97.501    116.024 123.165861    13.5900     0.3334     0.0426     0.2115 6.2267e+01     0.8688      0.953      1.382    28.0716 0.0000e+00
      0.988      0.061     7.5962     97.441    115.992 123.131071    13.5900     0.3563     0.0852     0.1692 6.2701e+01     0.8537      0.969      1.404    28.0715 0.0000e+00
      1.003      0.060     7.6087     97.350    115.984 123.121151    13.5900     0.3639     0.0852     0.1692 6.2348e+01     0.9896      0.984      1.427    28.0714 0.0000e+00
      1.019      0.060     7.6177     97.292    115.997 123.135456    13.5900     0.3601     0.0852     0.1692 6.2037e+01     0.9141      0.999      1.449    28.0711 0.0000e+00
      1.034      0.059     7.6201     97.302    116.011 123.149792    13.5900     0.3792     0.0852     0.1692 6.2091e+01     0.8839      1.014      1.471    28.0708 0.0000e+00
      1.049      0.059     7.6154     97.387    116.020 123.159982    13.6800     0.3449     0.0426     0.2115 6.2240e+01     0.9443      1.029      1.492    28.0704 0.0000e+00
      1.064      0.058     7.6083     97.525    116.043 123.184745    13.6800     0.3334     0.0426     0.2115 6.2037e+01     0.8839      1.044      1.513    28.0702 0.0000e+00
      1.078      0.057     7.6038     97.675    116.082 123.226686    13.6800     0.3563     0.0426     0.2115 6.2497e+01     0.9292      1.058      1.534    28.0700 0.0000e+00
      1.093      0.056     7.6046     97.788    116.125 123.272981    13.6800     0.3487     0.0426     0.2115 6.2430e+01     0.9141      1.072      1.555    28.0700 0.0000e+00
      1.107      0.056     7.6112     97.825    116.151 123.301965    13.6800     0.3372     0.0426     0.2115 6.2281e+01     0.8688      1.086      1.575    28.0701 0.0000e+00
      1.121      0.056     7.6219     97.775    116.154 123.305363    13.6800     0.3449     0.0000     0.2961 6.1983e+01     0.9443      1.100      1.595    28.0704 0.0000e+00
      1.135      0.056     7.6336     97.668    116.138 123.288081    13.6800     0.3449     0.0000     0.2961 6.1795e+01     0.8688      1.113      1.614    28.0708 0.0000e+00
      1.149      0.058     7.6424     97.550    116.107 123.255513    13.6800     0.3220     0.0000     0.2961 6.1648e+01     0.9292      1.127      1.634    28.0712 0.0000e+00
      1.163      0.060     7.6452     97.453    116.082 123.228985    13.6800     0.3334     0.0000     0.2961 6.1207e+01     0.9141      1.141      1.655    28.0714 0.0000e+00
      1.179      0.062     7.6413     97.377    116.066 123.211426    13.6800     0.3563     0.0852     0.2538 6.1141e+01     0.9443      1.156      1.677    28.0716 0.0000e+00
      1.195      0.065     7.6329     97.322    116.054 123.198152    13.6800     0.3716     0.0852     0.2538 6.1340e+01     0.9292      1.172      1.700    28.0716 0.0000e+00
      1.213      0.067     7.6238     97.293    116.055 123.199628    13.6800     0.3411     0.0852     0.2538 6.1674e+01     0.8990      1.189      1.724    28.0716 0.0000e+00
      1.230      0.068     7.6161     97.285    116.066 123.210246    13.6800     0.3563     0.0852     0.2538 6.1194e+01     0.9292      1.207      1.750    28.0716 0.0000e+00
      1.248      0.069     7.6102     97.282    116.075 123.218833    13.6800     0.3525     0.0426     0.1692 6.1194e+01     0.8688      1.224      1.775    28.0715 0.0000e+00
      1.266      0.069     7.6060     97.269    116.088 123.229679    13.6800     0.3525     0.0426     0.1692 6.1340e+01     0.8839      1.241      1.800    28.0715 0.0000e+00
      1.283      0.069     7.6037     97.271    116.111 123.251680    13.6800     0.3372     0.0426     0.1692 6.1514e+01     0.9896      1.258      1.825    28.0713 0.0000e+00
      1.301      0.069     7.6031     97.325    116.140 123.280697    13.6800     0.3716     0.0426     0.1692 6.1541e+01     0.9443      1.275      1.850    28.0710 0.0000e+00
      1.318      0.069     7.6029     97.434    116.158 123.298461    13.6800     0.3601     0.0426     0.1692 6.2213e+01     0.9745      1.293      1.875    28.0704 0.0000e+00
      1.336      0.069     7.6021     97.559    116.163 123.301706    13.6800     0.3411     0.0426     0.1692 6.2484e+01     0.8386      1.310      1.901    28.0695 0.0000e+00
      1.354      0.068     7.6023     97.651    116.165 123.303302    13.6800     0.3449     0.0426     0.1692 6.3153e+01     0.8386      1.328      1.926    28.0685 0.0000e+00
      1.371      0.068     7.6067     97.671    116.159 123.295671    13.6800     0.3372     0.0426     0.1692 6.3276e+01     0.9443      1.345      1.950    28.0675 0.0000e+00
      1.388      0.068     7.6153     97.610    116.135 123.268775    13.6800     0.3411     0.0426     0.1692 6.3029e+01     0.8386      1.361      1.974    28.0667 0.0000e+00
      1.405      0.068     7.6252     97.486    116.101 123.231449    13.6800     0.4021     0.0426     0.2115 6.3263e+01     0.9292      1.378      1.999    28.0661 0.0000e+00
      1.423      0.068     7.6325     97.311    116.076 123.203745    13.6800     0.3868     0.0426     0.2115 6.3676e+01     0.8990      1.395      2.023    28.0656 0.0000e+00
      1.440      0.068     7.6341     97.100    116.075 123.202285    13.6800     0.4021     0.0426     0.2115 6.3676e+01     0.8839      1.412      2.048    28.0651 0.0000e+00
      1.458      0.067     7.6294     96.901    116.095 123.222677    13.6800     0.4173     0.0426     0.2115 6.3112e+01     0.8083      1.429      2.073    28.0647 0.0000e+00
      1.475      0.066     7.6197     96.767    116.118 123.246352    13.7700     0.3906     0.0426     0.1692 6.3331e+01     0.9141      1.446      2.098    28.0642 0.0000e+00
      1.492      0.065     7.6061     96.707    116.124 123.253615    13.7700     0.4021     0.0426     0.1692 6.2647e+01     0.8839      1.463      2.122    28.0637 0.0000e+00
      1.508      0.063     7.5897     96.683    116.110 123.238401    13.7700     0.4059     0.0426     0.1692 6.2430e+01     0.8990      1.479      2.145    28.0633 0.0000e+00
      1.524      0.061     7.5741     96.674    116.089 123.216658    13.7700     0.4364     0.0426     0.1692 6.3208e+01     0.8839      1.495      2.167    28.0631 0.0000e+00
      1.539      0.060     7.5637     96.700    116.076 123.202595    13.6800     0.4212     0.0000     0.1692 6.2525e+01     0.9896      1.510      2.189    28.0631 0.0000e+00
      1.554      0.059     7.5590     96.787    116.072 123.198463    13.6800     0.4097     0.0000     0.1692 6.2988e+01     0.8688      1.524      2.210    28.0631 0.0000e+00
      1.568      0.058     7.5571     96.948    116.074 123.201160    13.6800     0.4250     0.0000     0.1692 6.3235e+01     0.9443      1.538      2.230    28.0631 0.0000e+00
      1.583      0.059     7.5564     97.164    116.074 123.201402    13.6800     0.4173     0.0000     0.1692 6.3649e+01     0.9443      1.552      2.251    28.0632 0.0000e+00
      1.597      0.060     7.5584     97.379    116.070 123.197254    13.6800     0.3945     0.0000     0.1692 6.4414e+01     0.8083      1.566      2.271    28.0632 0.0000e+00
      1.613      0.062     7.5652     97.552    116.065 123.191609    13.7700     0.4021     0.0000     0.2115 6.5800e+01     1.0047      1.581      2.293    28.0633 0.0000e+00
      1.629      0.064     7.5778     97.669    116.059 123.184963    13.7700     0.4059     0.0000     0.2115 6.6461e+01     0.8688      1.597      2.316    28.0633 0.0000e+00
      1.645      0.067     7.5947     97.713    116.055 123.181545    13.7700     0.3906     0.0000     0.2115 6.7071e+01     0.9292      1.613      2.340    28.0633 0.0000e+00
      1.663      0.069     7.6115     97.672    116.062 123.188447    13.7700     0.4479     0.0000     0.2115 6.7921e+01     0.8839      1.630      2.365    28.0634 0.0000e+00
      1.681      0.071     7.6250     97.560    116.080 123.207508    13.6800     0.4784     0.0852     0.2538 6.8619e+01     0.8990      1.648      2.391    28.0634 0.0000e+00
      1.700      0.073     7.6341     97.412    116.093 123.221805    13.6800     0.4593     0.0852     0.2538 6.9383e+01     0.9141      1.667      2.417    28.0634 0.0000e+00
      1.719      0.073     7.6376     97.288    116.089 123.217146    13.6800     0.4746     0.0852     0.2538 6.9989e+01     0.8537      1.685      2.445    28.0634 0.0000e+00
      1.738      0.073     7.6344     97.223    116.079 123.206292    13.6800     0.4784     0.0852     0.2538 7.0646e+01     0.8386      1.704      2.472    28.0635 0.0000e+00
      1.757      0.073     7.6257     97.197    116.073 123.200352    13.6800     0.4517     0.0852     0.1692 7.1201e+01     0.9141      1.723      2.499    28.0635 0.0000e+00
      1.775      0.071     7.6141     97.163    116.066 123.191740    13.6800     0.4517     0.0852     0.1692 7.1139e+01     0.8990      1.741      2.526    28.0636 0.0000e+00
      1.793      0.069     7.6043     97.085    116.065 123.190165    13.6800     0.4936     0.0852     0.1692 7.1201e+01     0.8688      1.759      2.551    28.0636 0.0000e+00
      1.811      0.066     7.5993     96.981    116.088 123.213211    13.6800     0.4784     0.0852     0.1692 7.1713e+01     0.8688      1.776      2.576    28.0635 0.0000e+00
      1.827      0.065     7.5973     96.916    116.115 123.241015    13.6800     0.4631     0.0852     0.1692 7.2120e+01     0.8688      1.792      2.599    28.0633 0.0000e+00
      1.843      0.063     7.5946     96.933    116.127 123.250983    13.6800     0.4708     0.0852     0.1692 7.2276e+01     0.8990      1.807      2.621    28.0630 0.0000e+00
      1.858      0.063     7.5886     97.023    116.120 123.241772    13.6800     0.4708     0.0852     0.1692 7.1744e+01     0.9896      1.822      2.643    28.0626 0.0000e+00
      1.874      0.063     7.5805     97.161    116.102 123.218928    13.6800     0.4669     0.0852     0.1692 7.1807e+01     0.9292      1.838      2.665    28.0622 0.0000e+00
      1.890      0.064     7.5756     97.330    116.089 123.202367    13.6800     0.4555     0.0852     0.1692 7.2639e+01     0.8990      1.854      2.688    28.0616 0.0000e+00
      1.907      0.065     7.5770     97.519    116.097 123.207677    13.7700     0.4517     0.0426     0.1692 7.3816e+01     1.0047      1.870      2.712    28.0608 0.0000e+00
      1.924      0.065     7.5842     97.703    116.115 123.224272    13.7700     0.4746     0.0426     0.1692 7.5323e+01     0.9292      1.887      2.736    28.0597 0.0000e+00
      1.941      0.064     7.5952     97.824    116.121 123.228569    13.7700     0.4631     0.0426     0.1692 7.5176e+01     0.9443      1.903      2.760    28.0583 0.0000e+00
      1.957      0.063     7.6085     97.818    116.116 123.221712    13.7700     0.4784     0.0426     0.1692 7.4931e+01     0.8688      1.920      2.784    28.0569 0.0000e+00
      1.973      0.061     7.6234     97.669    116.112 123.215877    13.7700     0.4708     0.0426     0.2538 7.6761e+01     0.9896      1.935      2.807    28.0557 0.0000e+00
      1.989      0.058     7.6380     97.430    116.107 123.209509    13.7700     0.4555     0.0426     0.2538 7.7633e+01     0.7781      1.951      2.829    28.0547 0.0000e+00
      2.004      0.055     7.6476     97.188    116.107 123.208910    13.7700     0.5013     0.0426     0.2538 7.7279e+01     0.8990      1.965      2.850    28.0539 0.0000e+00
      2.018      0.051     7.6472     97.012    116.114 123.215923    13.7700     0.4517     0.0426     0.2538 7.8498e+01     0.8839      1.979      2.870    28.0531 0.0000e+00
      2.030      0.047     7.6356     96.942    116.105 123.206410    13.8600     0.4364     0.0426     0.2961 7.9632e+01     0.8235      1.991      2.888    28.0525 0.0000e+00
      2.042      0.042     7.6170     96.994    116.056 123.153826    13.8600     0.4746     0.0426     0.2961 7.9407e+01     0.8839      2.003      2.904    28.0520 0.0000e+00
