Data/DataNotYetUploadedToEDI/Raw_CTD/RawDownloads/071124_ccr50_S8188003.cnv
* Sea-Bird SBE19plus  Data File:
* FileName = C:\R\Reservoirs\Data\DataNotYetUploadedToEDI\Raw_CTD\RawDownloads\070824_bvr50_S8188_0003.hex
* Software version 2.8.0.119
* Temperature SN = 8188
* Conductivity SN = 8188
* System UpLoad Time = Jul 11 2024 15:29:32
* <ApplicationData>
* <Seaterm232>
# nquan = 16
# nvalues = 4182                        
# units = specified
# name 0 = depFM: Depth [fresh water, m]
# name 1 = dz/dtM: Descent Rate [m/s]
# name 2 = sbeox0Mg/L: Oxygen, SBE 43 [mg/l]
# name 3 = sbeox0PS: Oxygen, SBE 43 [% saturation]
# name 4 = specc: Specific Conductance [uS/cm]
# name 5 = c0uS/cm: Conductivity [uS/cm]
# name 6 = wetCDOM: Fluorescence, WET Labs CDOM [mg/m^3]
# name 7 = flECO-AFL: Fluorescence, WET Labs ECO-AFL/FL [mg/m^3]
# name 8 = flECO-AFL1: Fluorescence, WET Labs ECO-AFL/FL, 2 [mg/m^3]
# name 9 = flECO-AFL2: Fluorescence, WET Labs ECO-AFL/FL, 3 [mg/m^3]
# name 10 = par/sat/log: PAR/Logarithmic, Satlantic
# name 11 = turbWETntu0: Turbidity, WET Labs ECO [NTU]
# name 12 = prdM: Pressure, Strain Gauge [db]
# name 13 = prdE: Pressure, Strain Gauge [psi]
# name 14 = tv290C: Temperature [ITS-90, deg C]
# name 15 = flag:  0.000e+00
# span 0 =     -0.472,     20.463       
# span 1 =     -0.306,      0.222       
# span 2 =    -0.2026,    11.6751       
# span 3 =     -1.824,    134.076       
# span 4 =   -672.038,    167.659       
# span 5 =-490.019386, 125.044447       
# span 6 =    -4.5000,    40.4100       
# span 7 =    -0.3418,     5.3079       
# span 8 =    -2.5986,     2.1726       
# span 9 =    -4.0608,     5.1606       
# span 10 = 1.1580e-01, 3.8440e+03      
# span 11 =    -1.3066,   971.0038      
# span 12 =     -0.463,     20.067      
# span 13 =     -0.672,     29.105      
# span 14 =    10.3237,    28.2734      
# span 15 = 0.0000e+00, 0.0000e+00      
# interval = seconds: 0.25
# start_time = Jul 11 2024 09:11:41 [Instrument's time stamp, header]
# bad_flag = -9.990e-29
*END*
[from data line 3797]
     13.027     -0.010     4.7786     43.786    126.029  92.004688    27.8100     0.3258     0.1278     0.1269 1.1605e-01     1.8658     12.775     18.528    11.4943 0.0000e+00
     13.023     -0.011     4.7791     43.747    126.014  91.996262    27.8100     0.4555     0.1278     0.1269 1.1602e-01     1.8507     12.771     18.523    11.4950 0.0000e+00
     13.020     -0.011     4.7780     43.714    126.044  92.020838    27.8100     0.4631     0.1278     0.1269 1.1620e-01     1.8658     12.769     18.519    11.4961 0.0000e+00
     13.018     -0.011     4.7754     43.691    126.092  92.058998    27.7200     0.4440     0.0852     0.1269 1.1615e-01     1.8507     12.766     18.516    11.4973 0.0000e+00
     13.016     -0.009     4.7714     43.689    126.104  92.070977    27.7200     0.4250     0.0852     0.1269 1.1612e-01     1.7449     12.764     18.513    11.4986 0.0000e+00
     13.013     -0.008     4.7671     43.714    126.094  92.067961    27.7200     0.4593     0.0852     0.1269 1.1612e-01     1.8507     12.761     18.508    11.4997 0.0000e+00
     13.010     -0.007     4.7634     43.765    126.091  92.069122    27.7200     0.4708     0.0852     0.1269 1.1605e-01     1.8658     12.758     18.505    11.5007 0.0000e+00
     13.009     -0.007     4.7608     43.835    126.101  92.078766    27.7200     0.4440     0.0852     0.0846 1.1605e-01     1.9262     12.757     18.503    11.5018 0.0000e+00
     13.008     -0.007     4.7604     43.913    126.076  92.061508    27.7200     0.4669     0.0852     0.0846 1.1615e-01     1.8205     12.757     18.502    11.5032 0.0000e+00
     13.007     -0.007     4.7630     43.989    126.006  92.010748    27.7200     0.4097     0.0852     0.0846 1.1605e-01     2.0018     12.756     18.501    11.5048 0.0000e+00
     13.005     -0.008     4.7684     44.059    125.969  91.982868    27.7200     0.4097     0.0852     0.0846 1.1607e-01     1.8507     12.754     18.497    11.5061 0.0000e+00
     13.002     -0.009     4.7759     44.124    125.976  91.986416    27.7200     0.3868     0.0852     0.0846 1.1620e-01     1.7903     12.751     18.493    11.5071 0.0000e+00
     12.999     -0.010     4.7843     44.184    126.009  92.008354    27.7200     0.3678     0.1278     0.1269 1.1600e-01     1.9564     12.748     18.489    11.5076 0.0000e+00
     12.998     -0.011     4.7925     44.235    126.065  92.046542    27.7200     0.3945     0.1278     0.1269 1.1605e-01     1.8658     12.746     18.487    11.5077 0.0000e+00
     12.996     -0.012     4.8002     44.278    126.130  92.091187    27.7200     0.3830     0.1278     0.1269 1.1605e-01     1.8356     12.744     18.484    11.5074 0.0000e+00
     12.993     -0.014     4.8074     44.321    126.162  92.112241    27.7200     0.3945     0.1278     0.1269 1.1610e-01     1.7903     12.741     18.480    11.5068 0.0000e+00
     12.989     -0.017     4.8140     44.368    126.129  92.085354    27.6300     0.4135     0.1278     0.1692 1.1623e-01     1.8054     12.738     18.474    11.5059 0.0000e+00
     12.984     -0.021     4.8197     44.422    126.078  92.045308    27.6300     0.3945     0.1278     0.1692 1.1612e-01     2.0320     12.733     18.468    11.5049 0.0000e+00
     12.979     -0.026     4.8245     44.483    126.046  92.019379    27.6300     0.4021     0.1278     0.1692 1.1605e-01     2.1528     12.728     18.461    11.5038 0.0000e+00
     12.973     -0.032     4.8293     44.537    126.039  92.012639    27.6300     0.3830     0.1278     0.1692 1.1585e-01     2.1075     12.722     18.452    11.5027 0.0000e+00
     12.965     -0.040     4.8346     44.573    126.047  92.017298    27.6300     0.3868     0.0852     0.1692 1.1605e-01     2.1679     12.714     18.440    11.5015 0.0000e+00
     12.954     -0.051     4.8407     44.591    126.041  92.012623    27.6300     0.3716     0.0852     0.1692 1.1607e-01     1.8507     12.704     18.425    11.5004 0.0000e+00
     12.941     -0.064     4.8473     44.597    126.045  92.015346    27.6300     0.4212     0.0852     0.1692 1.1600e-01     1.9715     12.690     18.406    11.4994 0.0000e+00
     12.924     -0.080     4.8533     44.588    126.067  92.032188    27.6300     0.4135     0.0852     0.1692 1.1612e-01     1.7752     12.674     18.382    11.4988 0.0000e+00
     12.904     -0.100     4.8572     44.564    126.080  92.043667    27.6300     0.3830     0.0852     0.1692 1.1595e-01     1.7752     12.655     18.354    11.4985 0.0000e+00
     12.878     -0.123     4.8593     44.526    126.094  92.056841    27.6300     0.4173     0.0852     0.1269 1.1612e-01     2.0773     12.630     18.317    11.4983 0.0000e+00
     12.845     -0.147     4.8599     44.474    126.106  92.069229    27.6300     0.4135     0.0852     0.1269 1.1620e-01     2.2132     12.597     18.270    11.4983 0.0000e+00
     12.804     -0.171     4.8589     44.419    126.085  92.058166    27.6300     0.4402     0.0852     0.1269 1.1597e-01     2.1377     12.556     18.211    11.4986 0.0000e+00
     12.755     -0.193     4.8562     44.368    126.048  92.034685    27.6300     0.4135     0.0852     0.1269 1.1605e-01     1.9866     12.508     18.141    11.4993 0.0000e+00
     12.700     -0.213     4.8519     44.313    126.015  92.014499    27.6300     0.4631     0.1278     0.1692 1.1625e-01     2.2283     12.455     18.064    11.5006 0.0000e+00
     12.642     -0.229     4.8460     44.251    126.005  92.012203    27.6300     0.4593     0.1278     0.1692 1.1605e-01     2.1679     12.397     17.981    11.5021 0.0000e+00
     12.580     -0.241     4.8400     44.179    126.022  92.029181    27.6300     0.4669     0.1278     0.1692 1.1623e-01     2.0773     12.337     17.893    11.5036 0.0000e+00
     12.517     -0.251     4.8341     44.097    126.029  92.039996    27.6300     0.4746     0.1278     0.1692 1.1615e-01     2.0320     12.275     17.803    11.5052 0.0000e+00
     12.451     -0.259     4.8280     44.016    126.040  92.053527    27.7200     0.4593     0.1278     0.0846 1.1605e-01     1.8658     12.210     17.710    11.5068 0.0000e+00
     12.384     -0.266     4.8211     43.946    126.061  92.075380    27.7200     0.4517     0.1278     0.0846 1.1605e-01     1.8960     12.145     17.614    11.5085 0.0000e+00
     12.315     -0.271     4.8130     43.892    126.080  92.095401    27.7200     0.4402     0.1278     0.0846 1.1605e-01     1.8507     12.077     17.516    11.5104 0.0000e+00
     12.245     -0.274     4.8039     43.856    126.110  92.122924    27.7200     0.4517     0.1278     0.0846 1.1612e-01     1.8658     12.008     17.416    11.5125 0.0000e+00
     12.173     -0.277     4.7948     43.840    126.141  92.151306    27.7200     0.5394     0.1278     0.0846 1.1602e-01     1.9866     11.938     17.314    11.5149 0.0000e+00
     12.102     -0.277     4.7869     43.846    126.141  92.156154    27.7200     0.5318     0.1278     0.0846 1.1600e-01     1.9564     11.868     17.213    11.5174 0.0000e+00
     12.030     -0.276     4.7807     43.876    126.115  92.142754    27.7200     0.5165     0.1278     0.0846 1.1607e-01     1.8356     11.798     17.111    11.5198 0.0000e+00
     11.960     -0.272     4.7766     43.922    126.098  92.135503    27.7200     0.5165     0.1278     0.0846 1.1620e-01     1.9111     11.728     17.011    11.5221 0.0000e+00
     11.890     -0.267     4.7746     43.975    126.092  92.136463    27.7200     0.5051     0.1278     0.0846 1.1600e-01     2.1075     11.660     16.911    11.5242 0.0000e+00
     11.821     -0.260     4.7751     44.029    126.071  92.125912    27.7200     0.5242     0.1278     0.0846 1.1691e-01     2.1075     11.593     16.814    11.5263 0.0000e+00
     11.755     -0.251     4.7780     44.080    126.025  92.097041    27.7200     0.5356     0.1278     0.0846 1.1607e-01     2.1528     11.528     16.720    11.5285 0.0000e+00
     11.692     -0.241     4.7828     44.126    126.003  92.086102    27.7200     0.5203     0.1278     0.0846 1.1681e-01     2.0924     11.466     16.629    11.5307 0.0000e+00
     11.631     -0.231     4.7884     44.163    126.002  92.090176    27.7200     0.5089     0.1278     0.0846 1.5514e-01     1.8205     11.406     16.544    11.5327 0.0000e+00
     11.574     -0.219     4.7940     44.191    125.965  92.068400    27.7200     0.4936     0.0852     0.1692 1.5514e-01     1.9111     11.350     16.462    11.5346 0.0000e+00
     11.520     -0.207     4.7994     44.211    125.936  92.052922    27.7200     0.5203     0.0852     0.1692 1.5511e-01     1.8507     11.297     16.385    11.5365 0.0000e+00
     11.468     -0.194     4.8042     44.226    125.949  92.067583    27.7200     0.5203     0.0852     0.1692 1.8706e-01     1.8507     11.246     16.311    11.5384 0.0000e+00
     11.420     -0.180     4.8079     44.242    125.961  92.082333    27.7200     0.5318     0.0852     0.1692 1.7586e-01     2.1679     11.199     16.242    11.5404 0.0000e+00
     11.375     -0.165     4.8107     44.267    125.964  92.091117    27.7200     0.5280     0.0852     0.1692 2.1902e-01     2.1075     11.155     16.179    11.5426 0.0000e+00
     11.334     -0.150     4.8127     44.301    125.975  92.106265    27.7200     0.5280     0.0852     0.1692 2.3211e-01     2.1679     11.115     16.121    11.5447 0.0000e+00
     11.298     -0.133     4.8141     44.344    126.015  92.143805    27.7200     0.5089     0.0852     0.1692 2.3782e-01     2.0773     11.079     16.070    11.5468 0.0000e+00
     11.266     -0.116     4.8156     44.394    126.079  92.199762    27.7200     0.5165     0.0852     0.1692 2.5982e-01     2.1679     11.048     16.024    11.5491 0.0000e+00
     11.238     -0.100     4.8180     44.441    126.107  92.229128    27.7200     0.5280     0.0852     0.1692 2.5001e-01     2.1528     11.021     15.985    11.5518 0.0000e+00
     11.216     -0.084     4.8213     44.480    126.067  92.209770    27.7200     0.5165     0.0852     0.1269 2.3312e-01     2.1075     10.999     15.952    11.5548 0.0000e+00
     11.198     -0.071     4.8257     44.510    126.003  92.174481    27.7200     0.5165     0.0852     0.1269 2.8041e-01     2.1075     10.981     15.927    11.5580 0.0000e+00
     11.183     -0.061     4.8307     44.526    125.941  92.143817    27.7200     0.5280     0.0852     0.1269 2.3561e-01     2.0924     10.967     15.906    11.5614 0.0000e+00
     11.170     -0.054     4.8355     44.525    125.877  92.113597    27.7200     0.5127     0.0852     0.1269 2.5346e-01     2.0924     10.954     15.888    11.5650 0.0000e+00
     11.159     -0.052     4.8394     44.509    125.825  92.093740    27.7200     0.5280     0.0852     0.1692 2.8035e-01     2.1075     10.943     15.871    11.5688 0.0000e+00
     11.147     -0.053     4.8421     44.476    125.776  92.074959    27.7200     0.5280     0.0852     0.1692 2.6260e-01     2.0773     10.932     15.855    11.5735 0.0000e+00
     11.135     -0.058     4.8431     44.431    125.708  92.042257    27.7200     0.5165     0.0852     0.1692 2.4390e-01     2.1075     10.920     15.838    11.5793 0.0000e+00
     11.121     -0.067     4.8423     44.384    125.652  92.016878    27.7200     0.5318     0.0852     0.1692 2.9274e-01     1.7903     10.906     15.818    11.5860 0.0000e+00
     11.104     -0.079     4.8398     44.342    125.606  91.998048    27.7200     0.5280     0.0852     0.2115 2.8279e-01     1.9111     10.889     15.794    11.5931 0.0000e+00
     11.084     -0.095     4.8354     44.306    125.569  91.984742    27.7200     0.5089     0.0852     0.2115 2.5567e-01     1.7752     10.869     15.765    11.6001 0.0000e+00
     11.059     -0.113     4.8298     44.279    125.568  91.997385    27.7200     0.5280     0.0852     0.2115 2.2980e-01     1.8809     10.845     15.730    11.6067 0.0000e+00
     11.029     -0.132     4.8241     44.262    125.580  92.019371    27.7200     0.5165     0.0852     0.2115 2.8071e-01     1.9564     10.815     15.687    11.6130 0.0000e+00
     10.992     -0.151     4.8188     44.253    125.574  92.028598    27.7200     0.5356     0.0852     0.2115 2.9819e-01     1.9262     10.779     15.634    11.6189 0.0000e+00
     10.949     -0.170     4.8143     44.242    125.576  92.043506    27.7200     0.5013     0.0852     0.2115 3.4388e-01     1.9413     10.737     15.573    11.6244 0.0000e+00
     10.902     -0.186     4.8108     44.220    125.612  92.082056    27.7200     0.5127     0.0852     0.2115 3.7267e-01     1.7903     10.691     15.506    11.6297 0.0000e+00
     10.852     -0.200     4.8084     44.186    125.647  92.118571    27.7200     0.4288     0.0852     0.2115 3.7846e-01     1.8507     10.642     15.435    11.6351 0.0000e+00
     10.798     -0.210     4.8067     44.150    125.675  92.146808    27.7200     0.4479     0.0852     0.2115 4.6930e-01     1.8356     10.589     15.359    11.6406 0.0000e+00
     10.742     -0.219     4.8049     44.122    125.725  92.190277    27.7200     0.4784     0.0852     0.0846 4.8097e-01     1.8507     10.534     15.279    11.6458 0.0000e+00
     10.684     -0.226     4.8020     44.103    125.769  92.228609    27.7200     0.4479     0.0852     0.0846 5.6206e-01     1.9413     10.478     15.196    11.6507 0.0000e+00
     10.626     -0.231     4.7979     44.090    125.753  92.224079    27.7200     0.5013     0.0852     0.0846 6.0595e-01     1.7601     10.420     15.113    11.6549 0.0000e+00
     10.566     -0.235     4.7936     44.087    125.714  92.203449    27.7200     0.5509     0.0852     0.0846 6.2916e-01     1.8507     10.362     15.029    11.6581 0.0000e+00
     10.506     -0.238     4.7903     44.094    125.702  92.203169    27.6300     0.5318     0.1278     0.1692 6.5213e-01     1.8960     10.303     14.943    11.6606 0.0000e+00
     10.445     -0.240     4.7879     44.107    125.693  92.205185    27.6300     0.5165     0.1278     0.1692 7.7560e-01     1.8809     10.243     14.856    11.6632 0.0000e+00
     10.382     -0.241     4.7862     44.124    125.657  92.188061    27.6300     0.5356     0.1278     0.1692 8.8901e-01     1.8054     10.181     14.767    11.6661 0.0000e+00
     10.320     -0.240     4.7856     44.143    125.610  92.161216    27.6300     0.5280     0.1278     0.1692 9.9320e-01     1.8809     10.120     14.678    11.6692 0.0000e+00
     10.258     -0.239     4.7860     44.166    125.586  92.151451    27.6300     0.5318     0.0852     0.1269 1.0512e+00     1.8356     10.060     14.590    11.6726 0.0000e+00
     10.197     -0.236     4.7871     44.195    125.586  92.160157    27.6300     0.5089     0.0852     0.1269 1.1330e+00     1.8507     10.000     14.504    11.6761 0.0000e+00
     10.138     -0.233     4.7884     44.234    125.589  92.173675    27.6300     0.5661     0.0852     0.1269 1.1911e+00     1.8205      9.942     14.420    11.6796 0.0000e+00
     10.079     -0.230     4.7902     44.284    125.605  92.195612    27.6300     0.5776     0.0852     0.1269 1.2970e+00     1.8658      9.884     14.336    11.6827 0.0000e+00
     10.020     -0.227     4.7923     44.341    125.637  92.227821    27.7200     0.5776     0.1278     0.1692 1.4782e+00     1.8356      9.827     14.252    11.6858 0.0000e+00
      9.963     -0.225     4.7951     44.403    125.664  92.256919    27.7200     0.5776     0.1278     0.1692 1.5672e+00     1.8809      9.770     14.170    11.6894 0.0000e+00
      9.906     -0.224     4.7988     44.469    125.704  92.298654    27.7200     0.8904     0.1278     0.1692 1.6174e+00     2.0773      9.715     14.090    11.6938 0.0000e+00
      9.850     -0.224     4.8038     44.542    125.747  92.348176    27.7200     0.8522     0.1278     0.1692 1.6779e+00     2.0773      9.660     14.010    11.6980 0.0000e+00
      9.794     -0.224     4.8096     44.630    125.724  92.350768    27.7200     0.8599     0.1278     0.1692 1.8338e+00     2.0169      9.605     13.931    11.7014 0.0000e+00
      9.737     -0.225     4.8159     44.729    125.666  92.325103    27.8100     0.8827     0.1278     0.2538 1.9995e+00     2.1377      9.549     13.850    11.7048 0.0000e+00
