Data/DataNotYetUploadedToEDI/Raw_CTD/RawDownloads/071124_ccr90_S8188005.cnv
* Sea-Bird SBE19plus  Data File:
* FileName = C:\R\Reservoirs\Data\DataNotYetUploadedToEDI\Raw_CTD\RawDownloads\070824_bvr50_S8188_0005.hex
* Software version 2.8.0.119
* Temperature SN = 8188
* Conductivity SN = 8188
* System UpLoad Time = Jul 11 2024 15:30:26
* <ApplicationData>
* <Seaterm232>
# nquan = 16
# nvalues = 1419                        
# units = specified
# name 0 = depFM: Depth [fresh water, m]
# name 1 = dz/dtM: Descent Rate [m/s]
# name 2 = sbeox0Mg/L: Oxygen, SBE 43 [mg/l]
# name 3 = sbeox0PS: Oxygen, SBE 43 [% saturation]
# name 4 = specc: Specific Conductance [uS/cm]
# name 5 = c0uS/cm: Conductivity [uS/cm]
# name 6 = wetCDOM: Fluorescence, WET Labs CDOM [mg/m^3]
# name 7 = flECO-AFL: Fluorescence, WET Labs ECO-AFL/FL [mg/m^3]
# name 8 = flECO-AFL1: Fluorescence, WET Labs ECO-AFL/FL, 2 [mg/m^3]
# name 9 = flECO-AFL2: Fluorescence, WET Labs ECO-AFL/FL, 3 [mg/m^3]
# name 10 = par/sat/log: PAR/Logarithmic, Satlantic
# name 11 = turbWETntu0: Turbidity, WET Labs ECO [NTU]
# name 12 = prdM: Pressure, Strain Gauge [db]
# name 13 = prdE: Pressure, Strain Gauge [psi]
# name 14 = tv290C: Temperature [ITS-90, deg C]
# name 15 = flag:  0.000e+00
# span 0 =     -0.463,      4.414       
# span 1 =     -0.180,      0.167       
# span 2 =     4.0924,     9.2637       
# span 3 =     51.701,    118.457       
# span 4 =   -442.686,    116.252       
# span 5 =-463.459440, 123.348359       
# span 6 =    -4.5000,    17.2800       
# span 7 =    -1.5129,   245.1530       
# span 8 =    -3.7062,     2.4282       
# span 9 =    -2.6226,     4.3992       
# span 10 = 4.3847e+01, 3.7110e+03      
# span 11 =   -10.2647,    11.7303      
# span 12 =     -0.454,      4.329      
# span 13 =     -0.659,      6.279      
# span 14 =    23.4409,    28.0717      
# span 15 = 0.0000e+00, 0.0000e+00      
# interval = seconds: 0.25
# start_time = Jul 11 2024 10:15:19 [Instrument's time stamp, header]
# bad_flag = -9.990e-29
*END*
[from data line 543]
      0.505      0.002     7.8201    100.000    116.113 123.222437    13.6800     0.2915     0.0852     0.1692 8.7602e+01     0.5515      0.495      0.718    28.0553 0.0000e+00
      0.505      0.001     7.8192     99.969    116.112 123.222012    13.6800     0.2800     0.0852     0.1692 8.2664e+01     0.7479      0.495      0.718    28.0550 0.0000e+00
      0.505     -0.001     7.8189     99.917    116.116 123.226696    13.6800     0.2838     0.0852     0.1692 8.3549e+01     0.6724      0.495      0.719    28.0548 0.0000e+00
      0.505     -0.002     7.8186     99.854    116.122 123.233737    13.6800     0.2991     0.0852     0.1692 8.7431e+01     0.7177      0.495      0.719    28.0547 0.0000e+00
      0.504     -0.004     7.8175     99.800    116.132 123.245011    13.6800     0.2991     0.0426     0.3384 8.6318e+01     0.7177      0.494      0.718    28.0548 0.0000e+00
      0.503     -0.006     7.8150     99.765    116.144 123.257525    13.6800     0.2838     0.0426     0.3384 8.2736e+01     0.5969      0.493      0.716    28.0551 0.0000e+00
      0.501     -0.008     7.8109     99.752    116.155 123.268612    13.6800     0.2876     0.0426     0.3384 8.3895e+01     0.6875      0.492      0.713    28.0555 0.0000e+00
      0.499     -0.009     7.8059     99.768    116.150 123.261225    13.6800     0.2953     0.0426     0.3384 8.5218e+01     0.6573      0.489      0.710    28.0558 0.0000e+00
      0.496     -0.010     7.8017     99.815    116.117 123.223388    13.5900     0.3067     0.0426     0.0846 8.1399e+01     0.7177      0.487      0.706    28.0559 0.0000e+00
      0.493     -0.010     7.7990     99.883    116.083 123.185025    13.5900     0.2915     0.0426     0.0846 8.4922e+01     0.6724      0.484      0.702    28.0558 0.0000e+00
      0.490     -0.009     7.7981     99.957    116.066 123.165914    13.5900     0.2800     0.0426     0.0846 8.8061e+01     0.6724      0.481      0.697    28.0553 0.0000e+00
      0.487     -0.008     7.7995    100.027    116.065 123.164960    13.5900     0.2800     0.0426     0.0846 8.0888e+01     0.7177      0.478      0.693    28.0544 0.0000e+00
      0.485     -0.006     7.8033    100.093    116.082 123.183910    13.5900     0.3143     0.0426     0.2115 8.3043e+01     1.0198      0.476      0.690    28.0532 0.0000e+00
      0.484     -0.004     7.8087    100.157    116.100 123.203809    13.5900     0.2876     0.0426     0.2115 8.3006e+01     0.8990      0.475      0.688    28.0523 0.0000e+00
      0.484     -0.003     7.8146    100.203    116.109 123.213959    13.5900     0.2800     0.0426     0.2115 8.0659e+01     0.8386      0.474      0.688    28.0519 0.0000e+00
      0.484     -0.002     7.8201    100.214    116.117 123.223069    13.5900     0.2915     0.0426     0.2115 8.2467e+01     0.8990      0.475      0.688    28.0520 0.0000e+00
      0.484     -0.001     7.8252    100.185    116.113 123.219564    13.5900     0.2876     0.0426     0.2115 8.0782e+01     0.6120      0.475      0.688    28.0524 0.0000e+00
      0.483      0.000     7.8301    100.132    116.099 123.206510    13.5900     0.2876     0.0426     0.2538 8.2395e+01     0.6724      0.474      0.688    28.0528 0.0000e+00
      0.483      0.001     7.8337    100.072    116.090 123.198432    13.5900     0.3067     0.0426     0.2538 8.0870e+01     0.6875      0.474      0.687    28.0531 0.0000e+00
      0.483      0.001     7.8345    100.014    116.088 123.197177    13.5900     0.2991     0.0426     0.2538 8.2199e+01     0.7177      0.474      0.687    28.0533 0.0000e+00
      0.484      0.001     7.8322     99.962    116.093 123.202409    13.5900     0.2876     0.0426     0.2538 8.3404e+01     0.6724      0.475      0.689    28.0536 0.0000e+00
      0.485      0.001     7.8280     99.921    116.101 123.211524    13.5900     0.2800     0.0426     0.1269 8.1736e+01     0.7328      0.476      0.690    28.0542 0.0000e+00
      0.485      0.001     7.8232     99.899    116.115 123.226953    13.5900     0.2876     0.0426     0.1269 8.3350e+01     0.6875      0.476      0.690    28.0548 0.0000e+00
      0.485      0.001     7.8186     99.896    116.125 123.238804    13.5900     0.2876     0.0426     0.1269 8.0275e+01     0.6422      0.476      0.690    28.0553 0.0000e+00
      0.485      0.001     7.8144     99.910    116.125 123.240236    13.5900     0.2724     0.0426     0.1269 8.1434e+01     0.6573      0.476      0.690    28.0556 0.0000e+00
      0.485      0.001     7.8112     99.932    116.117 123.231631    13.5900     0.2838     0.0426     0.2115 8.3386e+01     0.7328      0.476      0.691    28.0558 0.0000e+00
      0.486      0.001     7.8094     99.953    116.102 123.216695    13.5900     0.2724     0.0426     0.2115 8.0362e+01     0.6422      0.477      0.692    28.0560 0.0000e+00
      0.486      0.000     7.8092     99.966    116.098 123.211452    13.5900     0.2800     0.0426     0.2115 8.0222e+01     0.6573      0.477      0.692    28.0564 0.0000e+00
      0.486      0.000     7.8102     99.978    116.105 123.218505    13.5900     0.2648     0.0426     0.2115 8.1665e+01     0.7328      0.477      0.692    28.0568 0.0000e+00
      0.486      0.000     7.8119     99.998    116.110 123.223730    13.5900     0.2876     0.0426     0.2115 8.0765e+01     0.6422      0.476      0.691    28.0570 0.0000e+00
      0.486      0.000     7.8135    100.025    116.111 123.224519    13.5900     0.2876     0.0426     0.2538 8.0607e+01     0.6724      0.476      0.691    28.0571 0.0000e+00
      0.486      0.000     7.8146    100.040    116.107 123.219081    13.5900     0.2991     0.0426     0.2538 7.9063e+01     0.7479      0.477      0.691    28.0571 0.0000e+00
      0.486      0.000     7.8155    100.044    116.087 123.197964    13.5900     0.2724     0.0426     0.2538 7.7683e+01     0.9745      0.477      0.691    28.0570 0.0000e+00
      0.486     -0.001     7.8171    100.057    116.069 123.177543    13.5900     0.2953     0.0426     0.2538 8.0800e+01     0.8839      0.477      0.691    28.0568 0.0000e+00
      0.486     -0.001     7.8192    100.098    116.065 123.172380    13.5900     0.3143     0.0852     0.2538 7.9736e+01     0.9443      0.476      0.691    28.0566 0.0000e+00
      0.486     -0.002     7.8205    100.163    116.066 123.173094    13.5900     0.2991     0.0852     0.2538 7.8771e+01     0.9443      0.476      0.690    28.0563 0.0000e+00
      0.485     -0.003     7.8208    100.238    116.069 123.175875    13.5900     0.2838     0.0852     0.2538 7.9805e+01     0.6422      0.476      0.690    28.0559 0.0000e+00
      0.484     -0.004     7.8219    100.296    116.083 123.189468    13.5900     0.2953     0.0852     0.2538 7.9097e+01     0.5666      0.475      0.688    28.0556 0.0000e+00
      0.482     -0.005     7.8251    100.321    116.106 123.213494    13.5900     0.2915     0.0426     0.1692 8.1011e+01     0.6724      0.473      0.686    28.0553 0.0000e+00
      0.481     -0.007     7.8303    100.321    116.136 123.244359    13.5900     0.2838     0.0426     0.1692 7.7263e+01     0.5364      0.471      0.684    28.0550 0.0000e+00
      0.479     -0.008     7.8362    100.307    116.173 123.282289    13.5900     0.2800     0.0426     0.1692 7.7246e+01     0.6271      0.470      0.681    28.0546 0.0000e+00
      0.477     -0.009     7.8408    100.276    116.193 123.303391    13.5900     0.2762     0.0426     0.1692 7.7971e+01     0.6422      0.468      0.678    28.0543 0.0000e+00
      0.475     -0.010     7.8428    100.216    116.186 123.295285    13.5900     0.3182     0.0852     0.2961 7.6312e+01     0.7177      0.465      0.675    28.0540 0.0000e+00
      0.471     -0.009     7.8428    100.121    116.167 123.275815    13.5900     0.2876     0.0852     0.2961 7.6677e+01     0.6573      0.462      0.670    28.0536 0.0000e+00
      0.468     -0.008     7.8417    100.005    116.154 123.261798    13.5900     0.2800     0.0852     0.2961 7.6328e+01     0.7781      0.459      0.666    28.0533 0.0000e+00
      0.466     -0.007     7.8393     99.888    116.159 123.267500    13.5900     0.2991     0.0852     0.2961 7.3672e+01     0.6573      0.457      0.662    28.0531 0.0000e+00
      0.464     -0.005     7.8346     99.776    116.167 123.276436    13.5900     0.3220     0.0852     0.2961 7.3161e+01     0.6120      0.455      0.660    28.0530 0.0000e+00
      0.464     -0.003     7.8272     99.678    116.151 123.260980    13.5000     0.2800     0.0426     0.1692 7.3114e+01     0.5515      0.455      0.659    28.0530 0.0000e+00
      0.464     -0.000     7.8182     99.626    116.123 123.233015    13.5000     0.2762     0.0426     0.1692 7.2355e+01     0.9443      0.455      0.659    28.0531 0.0000e+00
      0.464      0.002     7.8090     99.649    116.098 123.209093    13.5000     0.2876     0.0426     0.1692 7.3003e+01     0.9292      0.455      0.659    28.0533 0.0000e+00
      0.464      0.004     7.8002     99.739    116.079 123.190835    13.5000     0.2724     0.0426     0.1692 7.2481e+01     1.0047      0.455      0.660    28.0535 0.0000e+00
      0.466      0.006     7.7925     99.860    116.066 123.179375    13.5900     0.3029     0.0852     0.2115 7.2987e+01     0.8990      0.457      0.662    28.0539 0.0000e+00
      0.468      0.008     7.7883     99.979    116.060 123.173658    13.5900     0.2800     0.0852     0.2115 7.2860e+01     0.6271      0.459      0.665    28.0546 0.0000e+00
      0.470      0.009     7.7900    100.078    116.061 123.176160    13.5900     0.3029     0.0852     0.2115 7.3896e+01     0.6573      0.461      0.669    28.0557 0.0000e+00
      0.473      0.011     7.7969    100.143    116.067 123.183547    13.5900     0.2876     0.0852     0.2115 7.4234e+01     0.7630      0.463      0.672    28.0568 0.0000e+00
      0.475      0.013     7.8062    100.169    116.076 123.193789    13.5900     0.3029     0.0426     0.1692 7.4299e+01     0.6422      0.466      0.676    28.0576 0.0000e+00
      0.479      0.013     7.8154    100.156    116.097 123.217618    13.5900     0.2876     0.0426     0.1692 7.4931e+01     0.8839      0.469      0.681    28.0581 0.0000e+00
      0.483      0.014     7.8231    100.108    116.120 123.243383    13.5900     0.2724     0.0426     0.1692 7.5241e+01     0.8990      0.473      0.686    28.0584 0.0000e+00
      0.487      0.013     7.8281    100.046    116.124 123.247947    13.5900     0.2800     0.0426     0.1692 7.6229e+01     0.9745      0.477      0.693    28.0589 0.0000e+00
      0.491      0.012     7.8301     99.999    116.114 123.236528    13.5900     0.2724     0.0426     0.1692 7.5192e+01     0.8688      0.481      0.699    28.0595 0.0000e+00
      0.494      0.010     7.8291     99.985    116.104 123.226088    13.6800     0.2838     0.0426     0.1269 7.4915e+01     0.6422      0.484      0.703    28.0600 0.0000e+00
      0.496      0.007     7.8252    100.010    116.097 123.217842    13.6800     0.2648     0.0426     0.1269 7.6428e+01     0.6573      0.486      0.706    28.0603 0.0000e+00
      0.497      0.005     7.8204    100.064    116.092 123.211592    13.6800     0.2991     0.0426     0.1269 7.4509e+01     0.6422      0.487      0.707    28.0605 0.0000e+00
      0.498      0.003     7.8167    100.112    116.093 123.211674    13.6800     0.2724     0.0426     0.1269 7.3816e+01     0.6724      0.488      0.708    28.0605 0.0000e+00
      0.498      0.002     7.8156    100.124    116.098 123.216109    13.5900     0.2876     0.0426     0.1692 7.4331e+01     0.8990      0.488      0.708    28.0603 0.0000e+00
      0.499      0.001     7.8176    100.102    116.099 123.216076    13.5900     0.2800     0.0426     0.1692 7.2276e+01     0.8688      0.489      0.709    28.0601 0.0000e+00
      0.499      0.001     7.8219    100.053    116.095 123.209567    13.5900     0.2724     0.0426     0.1692 7.4234e+01     0.8990      0.489      0.709    28.0598 0.0000e+00
      0.499      0.000     7.8256     99.970    116.088 123.200846    13.5900     0.2762     0.0426     0.1692 7.5454e+01     0.9594      0.489      0.710    28.0594 0.0000e+00
      0.499      0.000     7.8267     99.868    116.084 123.195591    13.5900     0.3067     0.0426     0.2115 7.3544e+01     0.8839      0.489      0.710    28.0589 0.0000e+00
      0.499      0.000     7.8251     99.782    116.100 123.212407    13.5900     0.2800     0.0426     0.2115 7.3003e+01     0.8990      0.489      0.710    28.0583 0.0000e+00
      0.499     -0.001     7.8213     99.742    116.132 123.245773    13.5900     0.2800     0.0426     0.2115 7.5816e+01     0.9745      0.489      0.709    28.0575 0.0000e+00
      0.498     -0.001     7.8149     99.760    116.144 123.258575    13.5900     0.2876     0.0426     0.2115 7.3624e+01     0.8990      0.488      0.709    28.0568 0.0000e+00
      0.498     -0.002     7.8070     99.820    116.122 123.234221    13.6800     0.2838     0.0426     0.2538 7.3432e+01     0.6875      0.488      0.708    28.0564 0.0000e+00
      0.497     -0.002     7.8003     99.886    116.087 123.196223    13.6800     0.2648     0.0426     0.2538 7.3768e+01     0.7328      0.487      0.707    28.0563 0.0000e+00
      0.497     -0.001     7.7972     99.930    116.062 123.170462    13.6800     0.2838     0.0426     0.2538 7.3928e+01     0.7177      0.487      0.706    28.0562 0.0000e+00
      0.496     -0.001     7.7986     99.953    116.056 123.164070    13.6800     0.2876     0.0426     0.2538 7.3576e+01     0.6120      0.486      0.706    28.0561 0.0000e+00
      0.496      0.000     7.8034     99.962    116.065 123.175345    13.6800     0.2915     0.0426     0.2538 7.4331e+01     0.6573      0.486      0.705    28.0558 0.0000e+00
      0.496      0.001     7.8085     99.959    116.079 123.193287    13.6800     0.2915     0.0426     0.2961 7.5062e+01     0.7781      0.486      0.706    28.0555 0.0000e+00
      0.496      0.001     7.8119     99.960    116.094 123.212679    13.6800     0.2876     0.0426     0.2961 7.4073e+01     0.6573      0.487      0.706    28.0554 0.0000e+00
      0.497      0.002     7.8137     99.990    116.113 123.234692    13.6800     0.2876     0.0426     0.2961 7.4899e+01     0.6573      0.487      0.707    28.0557 0.0000e+00
      0.497      0.002     7.8143    100.060    116.123 123.247191    13.6800     0.2991     0.0426     0.2961 7.3896e+01     0.7026      0.488      0.707    28.0565 0.0000e+00
      0.498      0.002     7.8139    100.148    116.114 123.239503    13.6800     0.2915     0.0426     0.2115 7.4622e+01     0.5364      0.489      0.708    28.0576 0.0000e+00
      0.499      0.001     7.8138    100.213    116.089 123.213580    13.6800     0.2876     0.0426     0.2115 7.4428e+01     0.5969      0.489      0.709    28.0590 0.0000e+00
      0.499      0.001     7.8160    100.241    116.066 123.188518    13.6800     0.3143     0.0426     0.2115 7.3624e+01     0.6271      0.490      0.710    28.0602 0.0000e+00
      0.499      0.001     7.8214    100.240    116.058 123.179638    13.6800     0.2838     0.0426     0.2115 7.4834e+01     0.6573      0.490      0.710    28.0611 0.0000e+00
      0.499      0.001     7.8282    100.224    116.055 123.176572    13.5900     0.3563     0.0426     0.2115 7.4785e+01     0.6120      0.489      0.709    28.0616 0.0000e+00
      0.499      0.001     7.8333    100.209    116.056 123.178502    13.5900     0.3372     0.0426     0.2115 7.6478e+01     0.6724      0.489      0.709    28.0617 0.0000e+00
      0.499      0.001     7.8354    100.204    116.064 123.187942    13.5900     0.3639     0.0426     0.2115 7.6827e+01     0.6724      0.489      0.710    28.0615 0.0000e+00
      0.499      0.001     7.8354    100.203    116.076 123.201408    13.5900     0.3525     0.0426     0.2115 7.7028e+01     0.5969      0.490      0.710    28.0614 0.0000e+00
