Data/DataNotYetUploadedToEDI/Raw_CTD/RawDownloads/071124_ccr88_S8188004.cnv
* Sea-Bird SBE19plus  Data File:
* FileName = C:\R\Reservoirs\Data\DataNotYetUploadedToEDI\Raw_CTD\RawDownloads\070824_bvr50_S8188_0004.hex
* Software version 2.8.0.119
* Temperature SN = 8188
* Conductivity SN = 8188
* System UpLoad Time = Jul 11 2024 15:30:04
* <ApplicationData>
* <Seaterm232>
# nquan = 16
# nvalues = 2184                        
# units = specified
# name 0 = depFM: Depth [fresh water, m]
# name 1 = dz/dtM: Descent Rate [m/s]
# name 2 = sbeox0Mg/L: Oxygen, SBE 43 [mg/l]
# name 3 = sbeox0PS: Oxygen, SBE 43 [% saturation]
# name 4 = specc: Specific Conductance [uS/cm]
# name 5 = c0uS/cm: Conductivity [uS/cm]
# name 6 = wetCDOM: Fluorescence, WET Labs CDOM [mg/m^3]
# name 7 = flECO-AFL: Fluorescence, WET Labs ECO-AFL/FL [mg/m^3]
# name 8 = flECO-AFL1: Fluorescence, WET Labs ECO-AFL/FL, 2 [mg/m^3]
# name 9 = flECO-AFL2: Fluorescence, WET Labs ECO-AFL/FL, 3 [mg/m^3]
# name 10 = par/sat/log: PAR/Logarithmic, Satlantic
# name 11 = turbWETntu0: Turbidity, WET Labs ECO [NTU]
# name 12 = prdM: Pressure, Strain Gauge [db]
# name 13 = prdE: Pressure, Strain Gauge [psi]
# name 14 = tv290C: Temperature [ITS-90, deg C]
# name 15 = flag:  0.000e+00
# span 0 =     -0.474,     11.606       
# span 1 =     -0.211,      0.159       
# span 2 =     2.3135,    10.4198       
# span 3 =     21.440,    118.048       
# span 4 =   -664.067,    128.736       
# span 5 =-489.149345, 124.231544       
# span 6 =    -4.5000,    29.3400       
# span 7 =    -0.8224,    10.3815       
# span 8 =    -2.1300,     3.8340       
# span 9 =    -2.5803,    10.0674       
# span 10 = 1.1590e-01, 3.6297e+03      
# span 11 =    -8.5425,   712.2004      
# span 12 =     -0.465,     11.382      
# span 13 =     -0.674,     16.508      
# span 14 =    11.5555,    28.3513      
# span 15 = 0.0000e+00, 0.0000e+00      
# interval = seconds: 0.25
# start_time = Jul 11 2024 09:47:41 [Instrument's time stamp, header]
# bad_flag = -9.990e-29
*END*
[from data line 91]
      0.662      0.134     6.9552     87.308    115.234 122.344502    13.0500     0.1732     0.0426     0.1692 5.1403e+02     0.4005      0.649      0.942    28.2135 0.0000e+00
      0.698      0.125     6.8876     87.614    115.331 122.401310    13.0500     0.1656     0.0426     0.1692 9.1050e+02     0.4458      0.684      0.993    28.1953 0.0000e+00
      0.730      0.115     6.8397     88.061    115.376 122.464421    13.0500     0.1656     0.0426     0.2115 5.2692e+02     0.4156      0.715      1.038    28.1642 0.0000e+00
      0.756      0.103     6.8175     88.401    115.357 122.492658    13.0500     0.1579     0.0426     0.2115 9.7692e+02     0.4307      0.742      1.076    28.1206 0.0000e+00
      0.779      0.090     6.8224     88.408    115.279 122.461547    13.0500     0.1503     0.0426     0.2115 1.7474e+03     0.3703      0.764      1.108    28.0787 0.0000e+00
      0.800      0.078     6.8487     87.993    115.186 122.404808    13.0500     0.1923     0.0426     0.2115 4.8929e+02     0.4458      0.784      1.138    28.0587 0.0000e+00
      0.819      0.066     6.8829     87.204    115.160 122.407338    12.9600     0.1846     0.0852     0.2538 6.0122e+02     0.4760      0.803      1.164    28.0652 0.0000e+00
      0.835      0.054     6.9069     86.149    115.211 122.487818    12.9600     0.1732     0.0852     0.2538 5.7215e+02     0.4156      0.819      1.187    28.0862 0.0000e+00
      0.848      0.041     6.9048     84.920    115.282 122.589689    12.9600     0.2533     0.0852     0.2538 1.0203e+03     0.4458      0.832      1.206    28.1087 0.0000e+00
      0.857      0.028     6.8702     83.587    115.322 122.654097    12.9600     0.2304     0.0852     0.2538 4.5198e+02     0.4307      0.841      1.219    28.1267 0.0000e+00
      0.862      0.014     6.8070     82.239    115.336 122.682213    12.9600     0.2152     0.0852     0.2538 4.7391e+02     0.4609      0.846      1.227    28.1400 0.0000e+00
      0.864      0.001     6.7234     80.986    115.378 122.731549    12.9600     0.2381     0.0426     0.1692 4.9539e+02     0.4609      0.847      1.229    28.1514 0.0000e+00
      0.862     -0.011     6.6261     79.932    115.439 122.801258    12.9600     0.2876     0.0426     0.1692 6.9650e+02     0.5515      0.845      1.226    28.1628 0.0000e+00
      0.857     -0.022     6.5210     79.151    115.463 122.831905    12.9600     0.2915     0.0426     0.1692 4.9852e+02     0.4307      0.840      1.219    28.1724 0.0000e+00
      0.849     -0.030     6.4152     78.674    115.437 122.807660    12.9600     0.3143     0.0426     0.1692 1.0813e+03     0.3854      0.832      1.207    28.1778 0.0000e+00
      0.838     -0.035     6.3172     78.497    115.409 122.776071    13.0500     0.2991     0.0852     0.1269 5.7502e+02     0.4760      0.822      1.193    28.1801 0.0000e+00
      0.827     -0.038     6.2347     78.608    115.408 122.770726    13.0500     0.2609     0.0852     0.1269 7.0533e+02     0.4911      0.811      1.177    28.1821 0.0000e+00
      0.817     -0.039     6.1736     78.980    115.410 122.768193    13.0500     0.2381     0.0852     0.1269 5.3663e+02     0.5364      0.801      1.162    28.1845 0.0000e+00
      0.806     -0.038     6.1362     79.550    115.386 122.733788    13.0500     0.2113     0.0852     0.1269 6.2222e+02     0.5213      0.791      1.147    28.1858 0.0000e+00
      0.797     -0.036     6.1225     80.209    115.325 122.654336    13.0500     0.2304     0.0426     0.1269 4.0220e+02     0.3703      0.781      1.133    28.1850 0.0000e+00
      0.788     -0.035     6.1313     80.823    115.255 122.554660    13.0500     0.2228     0.0426     0.1269 4.1229e+02     0.4156      0.773      1.121    28.1832 0.0000e+00
      0.780     -0.036     6.1605     81.289    115.225 122.488202    13.0500     0.2113     0.0426     0.1269 4.8201e+02     0.5666      0.765      1.110    28.1810 0.0000e+00
      0.772     -0.038     6.2054     81.570    115.272 122.499252    13.0500     0.2495     0.0426     0.1269 4.9863e+02     0.4005      0.758      1.099    28.1774 0.0000e+00
      0.764     -0.041     6.2576     81.677    115.378 122.578752    13.0500     0.2381     0.0000     0.1692 5.0407e+02     0.3854      0.749      1.087    28.1708 0.0000e+00
      0.753     -0.045     6.3067     81.636    115.471 122.665874    13.0500     0.2152     0.0000     0.1692 5.2692e+02     0.4911      0.739      1.072    28.1599 0.0000e+00
      0.740     -0.049     6.3447     81.427    115.506 122.711833    13.0500     0.1999     0.0000     0.1692 4.9110e+02     0.2192      0.726      1.053    28.1453 0.0000e+00
      0.726     -0.051     6.3685     80.993    115.481 122.698878    13.0500     0.1579     0.0000     0.1692 1.1453e+03     0.2192      0.712      1.032    28.1284 0.0000e+00
      0.711     -0.053     6.3785     80.337    115.406 122.623558    13.0500     0.1579     0.0000     0.1692 1.0962e+03     0.2192      0.697      1.011    28.1139 0.0000e+00
      0.697     -0.055     6.3758     79.552    115.325 122.523806    12.9600     0.1541     0.0852     0.1692 6.8197e+02     0.2947      0.684      0.992    28.1086 0.0000e+00
      0.684     -0.056     6.3591     78.788    115.299 122.461044    12.9600     0.1503     0.0852     0.1692 1.0190e+03     0.4458      0.671      0.973    28.1124 0.0000e+00
      0.671     -0.058     6.3245     78.236    115.340 122.456542    12.9600     0.1732     0.0852     0.1692 9.0400e+02     0.4005      0.658      0.954    28.1185 0.0000e+00
      0.657     -0.059     6.2730     78.121    115.403 122.489089    12.9600     0.1579     0.0852     0.1692 5.7615e+02     0.4307      0.644      0.934    28.1206 0.0000e+00
      0.640     -0.058     6.2123     78.591    115.428 122.513344    13.0500     0.1427     0.0426     0.1692 7.8390e+02     0.4005      0.628      0.911    28.1145 0.0000e+00
      0.623     -0.054     6.1544     79.580    115.381 122.487765    13.0500     0.1885     0.0426     0.1692 3.4102e+03     0.4458      0.611      0.885    28.0991 0.0000e+00
      0.606     -0.046     6.1135     80.804    115.300 122.433541    13.0500     0.2152     0.0426     0.1692 1.6565e+03     0.5062      0.594      0.861    28.0784 0.0000e+00
      0.593     -0.035     6.1060     81.913    115.262 122.424238    13.0500     0.2152     0.0426     0.1692 9.6468e+02     0.4911      0.581      0.843    28.0633 0.0000e+00
      0.585     -0.019     6.1429     82.659    115.306 122.499389    13.0500     0.2228     0.0852     0.0846 8.8958e+02     0.5515      0.573      0.832    28.0623 0.0000e+00
      0.582     -0.000     6.2191     82.967    115.393 122.621019    13.0500     0.3067     0.0852     0.0846 1.0864e+03     0.4458      0.570      0.828    28.0728 0.0000e+00
      0.584      0.020     6.3132     82.893    115.450 122.709536    13.0500     0.3067     0.0852     0.0846 7.5040e+02     0.5364      0.572      0.830    28.0868 0.0000e+00
      0.591      0.040     6.3984     82.531    115.441 122.718525    13.0500     0.3029     0.0852     0.0846 9.4436e+02     0.3249      0.580      0.841    28.1000 0.0000e+00
      0.604      0.059     6.4553     81.978    115.365 122.642385    13.0500     0.2838     0.0426    -0.0423 1.1327e+03     0.5213      0.592      0.859    28.1127 0.0000e+00
      0.623      0.075     6.4778     81.366    115.255 122.506825    13.0500     0.2419     0.0426    -0.0423 9.8909e+02     0.4307      0.611      0.886    28.1254 0.0000e+00
      0.647      0.087     6.4707     80.841    115.174 122.375722    13.0500     0.2075     0.0426    -0.0423 9.2305e+02     0.4458      0.634      0.920    28.1373 0.0000e+00
      0.675      0.093     6.4416     80.530    115.153 122.288132    13.0500     0.2800     0.0426    -0.0423 1.0205e+03     0.3098      0.661      0.959    28.1455 0.0000e+00
      0.703      0.093     6.3983     80.515    115.170 122.236696    13.0500     0.2152     0.0426    -0.0423 9.4991e+02     0.4156      0.689      0.999    28.1470 0.0000e+00
      0.729      0.089     6.3514     80.743    115.184 122.191688    13.1400     0.2266     0.0426     0.2538 1.1664e+03     0.4458      0.714      1.036    28.1391 0.0000e+00
      0.751      0.082     6.3125     81.011    115.175 122.135101    13.1400     0.2342     0.0426     0.2538 7.3060e+02     0.5213      0.736      1.068    28.1197 0.0000e+00
      0.770      0.073     6.2914     81.084    115.161 122.081850    13.1400     0.2419     0.0426     0.2538 9.8395e+02     0.4458      0.755      1.095    28.0912 0.0000e+00
      0.786      0.064     6.2936     80.807    115.156 122.041742    13.1400     0.2304     0.0426     0.2538 7.6588e+02     0.4760      0.771      1.119    28.0611 0.0000e+00
      0.801      0.054     6.3143     80.128    115.160 122.008081    13.0500     0.2648     0.0000     0.1692 7.9194e+02     0.3854      0.786      1.140    28.0353 0.0000e+00
      0.814      0.045     6.3376     79.074    115.170 121.971889    13.0500     0.2075     0.0000     0.1692 8.9345e+02     0.4005      0.798      1.158    28.0148 0.0000e+00
      0.825      0.035     6.3451     77.721    115.185 121.937516    13.0500     0.2075     0.0000     0.1692 7.1319e+02     0.5213      0.809      1.174    27.9982 0.0000e+00
      0.834      0.024     6.3251     76.203    115.208 121.913797    13.0500     0.2533     0.0000     0.1692 1.0335e+03     0.4609      0.818      1.186    27.9830 0.0000e+00
      0.839      0.013     6.2737     74.718    115.234 121.894404    13.0500     0.2304     0.0426     0.0846 5.2316e+02     0.4156      0.823      1.193    27.9663 0.0000e+00
      0.841      0.001     6.1933     73.474    115.261 121.874165    13.0500     0.1961     0.0426     0.0846 1.3254e+03     0.3854      0.824      1.196    27.9463 0.0000e+00
      0.839     -0.012     6.0896     72.629    115.305 121.859685    13.0500     0.2533     0.0426     0.0846 7.9436e+02     0.4156      0.823      1.194    27.9245 0.0000e+00
      0.835     -0.026     5.9730     72.271    115.373 121.851102    13.0500     0.2342     0.0426     0.0846 6.0990e+02     0.5515      0.818      1.187    27.9034 0.0000e+00
      0.827     -0.040     5.8586     72.468    115.448 121.834120    13.0500     0.2266     0.0426     0.0846 1.5870e+03     0.5062      0.811      1.176    27.8834 0.0000e+00
      0.815     -0.053     5.7633     73.282    115.508 121.808203    13.0500     0.2304     0.0426     0.3384 5.0015e+02     0.3552      0.799      1.160    27.8623 0.0000e+00
      0.799     -0.065     5.6998     74.678    115.556 121.790440    13.0500     0.1961     0.0426     0.3384 2.0532e+03     0.4307      0.784      1.137    27.8360 0.0000e+00
      0.779     -0.075     5.6753     76.446    115.597 121.784092    13.0500     0.2419     0.0426     0.3384 5.6022e+02     0.4458      0.764      1.108    27.8010 0.0000e+00
      0.756     -0.082     5.6951     78.301    115.626 121.775464    13.0500     0.2190     0.0426     0.3384 9.2506e+02     0.4307      0.742      1.076    27.7593 0.0000e+00
      0.734     -0.085     5.7631     80.070    115.637 121.758252    12.9600     0.2113     0.0852     0.1692 6.2262e+02     0.4156      0.719      1.044    27.7205 0.0000e+00
      0.711     -0.084     5.8760     81.681    115.627 121.735866    12.9600     0.2304     0.0852     0.1692 1.7619e+03     0.4609      0.697      1.011    27.6910 0.0000e+00
      0.688     -0.078     6.0174     82.987    115.596 121.710338    12.9600     0.2075     0.0852     0.1692 7.7055e+02     0.4911      0.674      0.978    27.6696 0.0000e+00
      0.666     -0.069     6.1653     83.753    115.555 121.686863    12.9600     0.2304     0.0852     0.1692 8.7008e+02     0.3400      0.653      0.947    27.6526 0.0000e+00
      0.647     -0.058     6.3059     83.828    115.504 121.663184    13.0500     0.2342     0.0426     0.2538 6.0620e+02     0.5062      0.635      0.921    27.6401 0.0000e+00
      0.634     -0.044     6.4333     83.248    115.447 121.640991    13.0500     0.2304     0.0426     0.2538 1.5614e+03     0.4911      0.622      0.902    27.6351 0.0000e+00
      0.626     -0.029     6.5358     82.189    115.393 121.630370    13.0500     0.2075     0.0426     0.2538 5.5284e+02     0.4458      0.614      0.890    27.6380 0.0000e+00
      0.621     -0.014     6.5951     80.846    115.333 121.616489    13.0500     0.2571     0.0426     0.2538 5.2612e+02     0.4458      0.609      0.883    27.6466 0.0000e+00
      0.620     -0.001     6.5995     79.355    115.267 121.587650    13.0500     0.2266     0.0426     0.2115 1.0782e+03     0.4156      0.608      0.882    27.6595 0.0000e+00
      0.623      0.009     6.5519     77.800    115.222 121.556170    13.0500     0.1999     0.0426     0.2115 1.1923e+03     0.4005      0.611      0.886    27.6761 0.0000e+00
      0.628      0.016     6.4663     76.278    115.210 121.529660    13.0500     0.2228     0.0426     0.2115 5.2179e+02     0.5213      0.616      0.894    27.6961 0.0000e+00
      0.635      0.021     6.3582     74.907    115.215 121.509049    13.0500     0.2228     0.0426     0.2115 1.5785e+03     0.3854      0.623      0.904    27.7174 0.0000e+00
      0.642      0.024     6.2389     73.773    115.217 121.488837    13.0500     0.2304     0.0426     0.2115 5.5525e+02     0.4609      0.630      0.913    27.7350 0.0000e+00
      0.648      0.025     6.1159     72.889    115.210 121.467633    13.1400     0.2266     0.0000     0.1269 5.2134e+02     0.5062      0.636      0.922    27.7418 0.0000e+00
      0.654      0.025     5.9968     72.187    115.204 121.451785    13.1400     0.2190     0.0000     0.1269 5.8257e+02     0.4609      0.641      0.930    27.7361 0.0000e+00
      0.660      0.026     5.8901     71.568    115.194 121.437067    13.1400     0.2266     0.0000     0.1269 1.0900e+03     0.4911      0.647      0.938    27.7246 0.0000e+00
      0.667      0.026     5.8020     70.957    115.181 121.419554    13.1400     0.2304     0.0000     0.1269 6.6283e+02     0.4911      0.654      0.948    27.7150 0.0000e+00
      0.674      0.026     5.7331     70.311    115.169 121.402578    13.0500     0.2533     0.0000     0.1692 9.5322e+02     0.4911      0.661      0.958    27.7090 0.0000e+00
      0.681      0.024     5.6783     69.609    115.164 121.387614    13.0500     0.2228     0.0000     0.1692 5.2818e+02     0.3552      0.668      0.968    27.7051 0.0000e+00
      0.688      0.022     5.6298     68.860    115.167 121.378672    13.0500     0.2228     0.0000     0.1692 1.0418e+03     0.4609      0.675      0.978    27.7030 0.0000e+00
      0.694      0.018     5.5819     68.109    115.178 121.379367    13.0500     0.2075     0.0000     0.1692 7.1739e+02     0.4458      0.680      0.987    27.7018 0.0000e+00
      0.698      0.014     5.5313     67.443    115.186 121.383882    13.0500     0.2342     0.0426     0.2115 1.1792e+03     0.4911      0.685      0.993    27.6996 0.0000e+00
      0.701      0.010     5.4765     66.959    115.185 121.385420    13.0500     0.2304     0.0426     0.2115 5.6095e+02     0.4307      0.687      0.997    27.6955 0.0000e+00
      0.702      0.007     5.4180     66.686    115.180 121.382392    13.0500     0.2228     0.0426     0.2115 4.8516e+02     0.4458      0.688      0.998    27.6901 0.0000e+00
      0.702      0.004     5.3594     66.568    115.173 121.375990    13.0500     0.2342     0.0426     0.2115 5.9214e+02     0.4760      0.689      0.999    27.6855 0.0000e+00
      0.703      0.002     5.3072     66.517    115.168 121.368509    13.0500     0.2495     0.0426     0.2115 1.1183e+03     0.3854      0.689      1.000    27.6839 0.0000e+00
      0.703      0.000     5.2689     66.470    115.167 121.363955    13.0500     0.2381     0.0000     0.1692 4.6787e+02     0.3400      0.690      1.000    27.6848 0.0000e+00
