Data/DataNotYetUploadedToEDI/Raw_CTD/RawDownloads/071124_ccr88_S8188004.cnv
* Sea-Bird SBE19plus  Data File:
* FileName = C:\R\Reservoirs\Data\DataNotYetUploadedToEDI\Raw_CTD\RawDownloads\070824_bvr50_S8188_0004.hex
* Software version 2.8.0.119
* Temperature SN = 8188
* Conductivity SN = 8188
* System UpLoad Time = Jul 11 2024 15:30:04
* <ApplicationData>
* <Seaterm232>
# nquan = 16
# nvalues = 2184                        
# units = specified
# name 0 = depFM: Depth [fresh water, m]
# name 1 = dz/dtM: Descent Rate [m/s]
# name 2 = sbeox0Mg/L: Oxygen, SBE 43 [mg/l]
# name 3 = sbeox0PS: Oxygen, SBE 43 [% saturation]
# name 4 = specc: Specific Conductance [uS/cm]
# name 5 = c0uS/cm: Conductivity [uS/cm]
# name 6 = wetCDOM: Fluorescence, WET Labs CDOM [mg/m^3]
# name 7 = flECO-AFL: Fluorescence, WET Labs ECO-AFL/FL [mg/m^3]
# name 8 = flECO-AFL1: Fluorescence, WET Labs ECO-AFL/FL, 2 [mg/m^3]
# name 9 = flECO-AFL2: Fluorescence, WET Labs ECO-AFL/FL, 3 [mg/m^3]
# name 10 = par/sat/log: PAR/Logarithmic, Satlantic
# name 11 = turbWETntu0: Turbidity, WET Labs ECO [NTU]
# name 12 = prdM: Pressure, Strain Gauge [db]
# name 13 = prdE: Pressure, Strain Gauge [psi]
# name 14 = tv290C: Temperature [ITS-90, deg C]
# name 15 = flag:  0.000e+00
# span 0 =     -0.474,     11.606       
# span 1 =     -0.211,      0.159       
# span 2 =     2.3135,    10.4198       
# span 3 =     21.440,    118.048       
# span 4 =   -664.067,    128.736       
# span 5 =-489.149345, 124.231544       
# span 6 =    -4.5000,    29.3400       
# span 7 =    -0.8224,    10.3815       
# span 8 =    -2.1300,     3.8340       
# span 9 =    -2.5803,    10.0674       
# span 10 = 1.1590e-01, 3.6297e+03      
# span 11 =    -8.5425,   712.2004      
# span 12 =     -0.465,     11.382      
# span 13 =     -0.674,     16.508      
# span 14 =    11.5555,    28.3513      
# span 15 = 0.0000e+00, 0.0000e+00      
# interval = seconds: 0.25
# start_time = Jul 11 2024 09:47:41 [Instrument's time stamp, header]
# bad_flag = -9.990e-29
*END*
[from data line 181]
      0.703      0.000     5.2381     66.205    115.170 121.359757    13.0500     0.2381     0.0000     0.1692 6.1322e+02     0.5364      0.689      1.000    27.6861 0.0000e+00
      0.702      0.000     5.2342     65.949    115.174 121.354993    13.0500     0.2075     0.0000     0.1692 6.3824e+02     0.4458      0.689      0.999    27.6853 0.0000e+00
      0.702      0.000     5.2306     65.623    115.196 121.357554    13.0500     0.2304     0.0426     0.2115 5.7878e+02     0.4760      0.689      0.998    27.6836 0.0000e+00
      0.702      0.000     5.2233     65.287    115.232 121.366122    13.0500     0.2304     0.0426     0.2115 7.1118e+02     0.4307      0.689      0.999    27.6823 0.0000e+00
      0.703      0.001     5.2100     65.029    115.262 121.366974    13.0500     0.2304     0.0426     0.2115 2.2135e+03     0.4760      0.689      0.999    27.6806 0.0000e+00
      0.703      0.001     5.1902     64.914    115.280 121.360336    13.0500     0.2304     0.0426     0.2115 6.5354e+02     0.4156      0.689      1.000    27.6764 0.0000e+00
      0.703      0.001     5.1654     64.945    115.302 121.358439    13.0500     0.2342     0.0426     0.0846 1.2225e+03     0.4760      0.689      1.000    27.6678 0.0000e+00
      0.703      0.000     5.1401     65.098    115.333 121.360778    13.0500     0.2152     0.0426     0.0846 7.9539e+02     0.4609      0.690      1.000    27.6549 0.0000e+00
      0.704      0.000     5.1210     65.389    115.371 121.363975    13.0500     0.2304     0.0426     0.0846 4.7154e+02     0.4458      0.691      1.001    27.6417 0.0000e+00
      0.704     -0.001     5.1130     65.895    115.401 121.362877    13.0500     0.2571     0.0426     0.0846 7.0794e+02     0.5062      0.691      1.001    27.6306 0.0000e+00
      0.703     -0.001     5.1165     66.676    115.411 121.351188    13.0500     0.2457     0.0426     0.2961 6.1871e+02     0.4458      0.690      1.000    27.6197 0.0000e+00
      0.702     -0.001     5.1298     67.673    115.408 121.331791    13.0500     0.2152     0.0426     0.2961 8.9054e+02     0.4609      0.689      0.998    27.6063 0.0000e+00
      0.701     -0.001     5.1541     68.724    115.402 121.315516    13.0500     0.2190     0.0426     0.2961 7.9574e+02     0.5062      0.688      0.997    27.5908 0.0000e+00
      0.701     -0.001     5.1953     69.654    115.407 121.312028    13.0500     0.1999     0.0426     0.2961 5.2248e+02     0.4307      0.687      0.997    27.5766 0.0000e+00
      0.701      0.000     5.2578     70.360    115.420 121.316395    13.0500     0.2266     0.0426     0.2961 8.6236e+02     0.5515      0.688      0.997    27.5666 0.0000e+00
      0.701      0.002     5.3371     70.815    115.428 121.313777    13.0500     0.2266     0.0852     0.0846 5.0495e+02     0.3703      0.688      0.998    27.5599 0.0000e+00
      0.702      0.002     5.4203     71.026    115.424 121.299475    13.0500     0.2228     0.0852     0.0846 5.3245e+02     0.5515      0.689      0.998    27.5553 0.0000e+00
      0.702      0.003     5.4940     70.994    115.421 121.285678    13.0500     0.2762     0.0852     0.0846 5.6918e+02     0.4005      0.689      0.999    27.5516 0.0000e+00
      0.703      0.003     5.5501     70.735    115.429 121.284710    13.0500     0.2495     0.0852     0.0846 6.6557e+02     0.4307      0.690      1.000    27.5475 0.0000e+00
      0.704      0.002     5.5865     70.320    115.441 121.288311    12.9600     0.2228     0.0426     0.1692 8.9695e+02     0.4911      0.691      1.002    27.5429 0.0000e+00
      0.706      0.002     5.6035     69.875    115.445 121.285437    12.9600     0.2304     0.0426     0.1692 8.0636e+02     0.5213      0.692      1.004    27.5385 0.0000e+00
      0.706      0.001     5.6014     69.538    115.440 121.279322    12.9600     0.1923     0.0426     0.1692 1.6103e+03     0.4307      0.693      1.004    27.5342 0.0000e+00
      0.706      0.001     5.5814     69.380    115.425 121.268335    12.9600     0.2381     0.0426     0.1692 9.3334e+02     0.3854      0.692      1.004    27.5301 0.0000e+00
      0.705      0.000     5.5490     69.363    115.407 121.257550    13.0500     0.2228     0.0000     0.2115 6.0305e+02     0.3854      0.692      1.003    27.5261 0.0000e+00
      0.705      0.000     5.5143     69.390    115.403 121.260093    13.0500     0.2075     0.0000     0.2115 6.3644e+02     0.4156      0.692      1.003    27.5229 0.0000e+00
      0.706      0.000     5.4877     69.390    115.408 121.268643    13.0500     0.2419     0.0000     0.2115 6.9710e+02     0.5213      0.692      1.004    27.5224 0.0000e+00
      0.706      0.000     5.4751     69.351    115.408 121.269476    13.0500     0.2228     0.0000     0.2115 1.2619e+03     0.3552      0.693      1.005    27.5247 0.0000e+00
      0.706      0.000     5.4734     69.276    115.399 121.258813    13.0500     0.2228     0.0000     0.2115 6.0594e+02     0.4156      0.693      1.004    27.5281 0.0000e+00
      0.706      0.000     5.4753     69.144    115.386 121.241812    13.0500     0.2381     0.0426     0.1269 6.3921e+02     0.5515      0.692      1.004    27.5311 0.0000e+00
      0.705     -0.001     5.4752     68.919    115.378 121.229944    13.0500     0.2228     0.0426     0.1269 6.1429e+02     0.5213      0.692      1.003    27.5327 0.0000e+00
      0.705     -0.001     5.4720     68.617    115.380 121.228043    13.0500     0.2342     0.0426     0.1269 7.8714e+02     0.4609      0.692      1.003    27.5329 0.0000e+00
      0.705     -0.002     5.4661     68.336    115.385 121.227603    13.0500     0.2419     0.0426     0.1269 9.0262e+02     0.5817      0.692      1.003    27.5323 0.0000e+00
      0.705     -0.002     5.4559     68.174    115.382 121.220502    13.0500     0.2533     0.0852     0.2961 1.4386e+03     0.5213      0.691      1.003    27.5310 0.0000e+00
      0.704     -0.002     5.4383     68.143    115.370 121.208849    13.0500     0.2381     0.0852     0.2961 4.8579e+02     0.4458      0.690      1.001    27.5293 0.0000e+00
      0.703     -0.002     5.4147     68.171    115.354 121.197536    13.0500     0.2457     0.0852     0.2961 7.6372e+02     0.4307      0.690      1.000    27.5274 0.0000e+00
      0.703     -0.002     5.3926     68.183    115.336 121.187548    13.0500     0.2304     0.0852     0.2961 1.3798e+03     0.4609      0.689      1.000    27.5251 0.0000e+00
      0.703     -0.002     5.3800     68.170    115.319 121.180223    12.9600     0.2152     0.0426     0.0423 1.7850e+03     0.4609      0.689      0.999    27.5235 0.0000e+00
      0.702     -0.002     5.3776     68.155    115.314 121.181612    12.9600     0.2152     0.0426     0.0423 1.8045e+03     0.4458      0.688      0.998    27.5237 0.0000e+00
      0.701     -0.002     5.3795     68.122    115.320 121.188085    12.9600     0.2228     0.0426     0.0423 8.4860e+02     0.4458      0.688      0.997    27.5262 0.0000e+00
      0.700     -0.002     5.3801     68.020    115.328 121.193364    12.9600     0.2342     0.0426     0.0423 1.8566e+03     0.4458      0.687      0.996    27.5304 0.0000e+00
      0.700     -0.002     5.3786     67.832    115.337 121.198858    13.0500     0.2304     0.0426     0.0846 9.7205e+02     0.4458      0.687      0.996    27.5349 0.0000e+00
      0.700     -0.001     5.3771     67.607    115.344 121.202030    13.0500     0.2686     0.0426     0.0846 7.4051e+02     0.4911      0.687      0.995    27.5376 0.0000e+00
      0.699     -0.001     5.3745     67.406    115.354 121.203728    13.0500     0.2533     0.0426     0.0846 5.8130e+02     0.5364      0.686      0.995    27.5375 0.0000e+00
      0.699     -0.000     5.3666     67.233    115.372 121.208403    13.0500     0.1503     0.0426     0.0846 7.3060e+02     0.4156      0.686      0.994    27.5359 0.0000e+00
      0.699      0.000     5.3519     67.057    115.396 121.217302    13.0500     0.1846     0.0426     0.0846 8.4639e+02     0.4760      0.686      0.994    27.5345 0.0000e+00
      0.700      0.001     5.3344     66.886    115.420 121.228796    13.0500     0.1923     0.0426     0.0846 5.8753e+02     0.5213      0.686      0.995    27.5328 0.0000e+00
      0.700      0.002     5.3188     66.791    115.435 121.233947    13.0500     0.1656     0.0426     0.0846 1.2326e+03     0.5213      0.686      0.996    27.5289 0.0000e+00
      0.700      0.003     5.3058     66.835    115.439 121.230125    13.0500     0.2495     0.0426     0.0846 9.4909e+02     0.4005      0.687      0.996    27.5226 0.0000e+00
      0.700      0.003     5.2925     66.995    115.436 121.224315    13.0500     0.2266     0.0426     0.0846 1.0124e+03     0.4307      0.687      0.997    27.5159 0.0000e+00
      0.702      0.004     5.2796     67.190    115.441 121.226968    12.9600     0.2075     0.0426     0.3384 6.6125e+02     0.5364      0.688      0.998    27.5100 0.0000e+00
      0.703      0.004     5.2726     67.389    115.461 121.242795    12.9600     0.2419     0.0426     0.3384 4.8002e+02     0.4307      0.690      1.001    27.5051 0.0000e+00
      0.705      0.004     5.2764     67.661    115.476 121.260009    12.9600     0.2419     0.0426     0.3384 1.0507e+03     0.4458      0.692      1.003    27.5019 0.0000e+00
      0.706      0.005     5.2891     68.116    115.463 121.263197    12.9600     0.2304     0.0426     0.3384 5.9822e+02     0.4911      0.692      1.004    27.5006 0.0000e+00
      0.706      0.005     5.3046     68.780    115.423 121.253210    12.9600     0.2304     0.0426     0.1692 5.6622e+02     0.4458      0.692      1.004    27.4995 0.0000e+00
      0.707      0.005     5.3205     69.577    115.389 121.251391    12.9600     0.2228     0.0426     0.1692 7.1958e+02     0.4458      0.693      1.005    27.4972 0.0000e+00
      0.709      0.005     5.3420     70.425    115.383 121.269264    12.9600     0.2228     0.0426     0.1692 1.9620e+03     0.5515      0.695      1.008    27.4975 0.0000e+00
      0.711      0.005     5.3771     71.319    115.392 121.295590    12.9600     0.2342     0.0426     0.1692 4.6767e+02     0.4156      0.697      1.011    27.5050 0.0000e+00
      0.713      0.005     5.4282     72.307    115.390 121.317384    12.9600     0.2190     0.0426     0.1692 6.4088e+02     0.4307      0.699      1.014    27.5190 0.0000e+00
      0.713      0.005     5.4896     73.376    115.361 121.322456    13.1400     0.2419     0.0426     0.2961 9.0341e+02     0.4458      0.699      1.014    27.5337 0.0000e+00
      0.713      0.004     5.5555     74.391    115.313 121.310159    13.1400     0.2342     0.0426     0.2961 6.1509e+02     0.3552      0.699      1.014    27.5442 0.0000e+00
      0.714      0.003     5.6253     75.183    115.278 121.299224    13.1400     0.2419     0.0426     0.2961 9.4806e+02     0.4156      0.700      1.015    27.5517 0.0000e+00
      0.716      0.003     5.7021     75.661    115.275 121.304740    13.1400     0.2228     0.0426     0.2961 5.2910e+02     0.4609      0.702      1.017    27.5621 0.0000e+00
      0.717      0.003     5.7848     75.823    115.289 121.318176    12.9600     0.1999     0.0426     0.1269 1.8334e+03     0.4005      0.703      1.020    27.5774 0.0000e+00
      0.718      0.003     5.8631     75.709    115.289 121.317106    12.9600     0.2419     0.0426     0.1269 1.0654e+03     0.4458      0.704      1.021    27.5937 0.0000e+00
      0.718      0.002     5.9244     75.347    115.272 121.299246    12.9600     0.2495     0.0426     0.1269 4.9345e+02     0.4760      0.704      1.021    27.6051 0.0000e+00
      0.718      0.001     5.9617     74.757    115.255 121.281837    12.9600     0.2342     0.0426     0.1269 9.7734e+02     0.4307      0.704      1.020    27.6087 0.0000e+00
      0.718      0.001     5.9746     73.995    115.256 121.280241    12.9600     0.2228     0.0852     0.1692 1.5964e+03     0.4911      0.704      1.021    27.6082 0.0000e+00
      0.719      0.000     5.9656     73.188    115.277 121.294033    12.9600     0.2152     0.0852     0.1692 4.4895e+02     0.4156      0.705      1.022    27.6078 0.0000e+00
      0.719      0.000     5.9371     72.489    115.296 121.304886    12.9600     0.2381     0.0852     0.1692 1.4537e+03     0.3552      0.705      1.023    27.6080 0.0000e+00
      0.719     -0.001     5.8906     71.998    115.298 121.301689    12.9600     0.2342     0.0852     0.1692 1.6368e+03     0.5213      0.705      1.022    27.6081 0.0000e+00
      0.718     -0.002     5.8307     71.698    115.291 121.293592    13.0500     0.2495     0.0426     0.2961 5.1358e+02     0.4458      0.704      1.021    27.6067 0.0000e+00
      0.717     -0.002     5.7675     71.507    115.287 121.292438    13.0500     0.2419     0.0426     0.2961 7.5876e+02     0.4609      0.703      1.020    27.6029 0.0000e+00
      0.717     -0.003     5.7129     71.349    115.287 121.297921    13.0500     0.2304     0.0426     0.2961 7.7677e+02     0.4609      0.703      1.019    27.5989 0.0000e+00
      0.716     -0.003     5.6744     71.188    115.287 121.299500    13.0500     0.2190     0.0426     0.2961 1.6173e+03     0.5213      0.702      1.018    27.5966 0.0000e+00
      0.715     -0.003     5.6508     70.991    115.284 121.293596    13.0500     0.2228     0.0426     0.2961 5.7203e+02     0.4458      0.701      1.017    27.5964 0.0000e+00
      0.714     -0.003     5.6356     70.724    115.285 121.286637    13.0500     0.2266     0.0426     0.1692 6.8673e+02     0.4458      0.700      1.016    27.5979 0.0000e+00
      0.714     -0.003     5.6229     70.399    115.287 121.280767    13.0500     0.1808     0.0426     0.1692 7.7475e+02     0.2494      0.700      1.015    27.6001 0.0000e+00
      0.713     -0.002     5.6101     70.083    115.283 121.270418    13.0500     0.1694     0.0426     0.1692 5.6757e+02     0.2343      0.699      1.014    27.6011 0.0000e+00
      0.712     -0.001     5.5947     69.841    115.264 121.248829    13.0500     0.1846     0.0426     0.1692 6.9062e+02     0.1890      0.698      1.013    27.5996 0.0000e+00
      0.712      0.000     5.5740     69.670    115.248 121.230249    13.0500     0.1770     0.0426     0.1269 7.6090e+02     0.1890      0.698      1.012    27.5963 0.0000e+00
      0.712      0.001     5.5488     69.524    115.257 121.233727    13.0500     0.2304     0.0426     0.1269 6.6010e+02     0.4156      0.698      1.013    27.5927 0.0000e+00
      0.713      0.002     5.5241     69.404    115.280 121.248190    13.0500     0.2342     0.0426     0.1269 6.9589e+02     0.5515      0.700      1.015    27.5904 0.0000e+00
      0.715      0.003     5.5051     69.366    115.293 121.253487    13.0500     0.2228     0.0426     0.1269 7.7846e+02     0.4911      0.701      1.016    27.5895 0.0000e+00
      0.715      0.004     5.4917     69.439    115.296 121.251030    13.0500     0.2381     0.0426     0.2115 6.6413e+02     0.4156      0.701      1.017    27.5888 0.0000e+00
      0.716      0.003     5.4804     69.573    115.307 121.260167    13.0500     0.1694     0.0426     0.2115 6.3713e+02     0.5062      0.702      1.018    27.5864 0.0000e+00
      0.717      0.003     5.4713     69.704    115.330 121.283336    13.0500     0.1579     0.0426     0.2115 9.5177e+02     0.4458      0.703      1.020    27.5822 0.0000e+00
      0.718      0.003     5.4688     69.839    115.347 121.302709    13.0500     0.1770     0.0426     0.2115 5.2933e+02     0.5213      0.704      1.021    27.5782 0.0000e+00
      0.719      0.002     5.4748     70.028    115.351 121.311451    13.0500     0.1923     0.0426     0.2115 1.0747e+03     0.4005      0.705      1.022    27.5757 0.0000e+00
      0.719      0.002     5.4854     70.263    115.344 121.311893    13.0500     0.1846     0.0426     0.1269 4.6443e+02     0.3703      0.705      1.023    27.5746 0.0000e+00
      0.719      0.001     5.4957     70.473    115.333 121.312154    13.0500     0.1656     0.0426     0.1269 7.9298e+02     0.4911      0.705      1.023    27.5744 0.0000e+00
