Data/DataNotYetUploadedToEDI/Raw_CTD/RawDownloads/071524_fcr30_S7809003.cnv
* Sea-Bird SBE19plus  Data File:
* FileName = C:\R\Reservoirs\Data\DataNotYetUploadedToEDI\Raw_CTD\RawDownloads\071524_fcr50_S7809_0003.hex
* Software version 2.8.0.119
* Temperature SN = 7809
* Conductivity SN = 7809
* System UpLoad Time = Jul 15 2024 16:22:51
* <ApplicationData>
* <Seaterm232>
# nquan = 15
# nvalues = 1033                        
# units = specified
# name 0 = depFM: Depth [fresh water, m]
# name 1 = dz/dtM: Descent Rate [m/s]
# name 2 = sbeox0Mg/L: Oxygen, SBE 43 [mg/l]
# name 3 = sbeox0PS: Oxygen, SBE 43 [% saturation]
# name 4 = specc: Specific Conductance [uS/cm]
# name 5 = c0uS/cm: Conductivity [uS/cm]
# name 6 = flECO-AFL: Fluorescence, WET Labs ECO-AFL/FL [mg/m^3]
# name 7 = ph: pH
# name 8 = orp: Oxidation Reduction Potential [mV]
# name 9 = par/sat/log: PAR/Logarithmic, Satlantic
# name 10 = turbWETntu0: Turbidity, WET Labs ECO [NTU]
# name 11 = prdM: Pressure, Strain Gauge [db]
# name 12 = prdE: Pressure, Strain Gauge [psi]
# name 13 = tv290C: Temperature [ITS-90, deg C]
# name 14 = flag:  0.000e+00
# span 0 =     -0.642,      2.658       
# span 1 =     -0.311,      0.109       
# span 2 =     0.0843,     7.8032       
# span 3 =      1.064,     98.763       
# span 4 =      0.997,     89.204       
# span 5 =   1.012780,  78.618052       
# span 6 =    -0.7301,   227.5603       
# span 7 =      6.723,      7.210       
# span 8 =    56.0090,   272.1925       
# span 9 = 3.3262e+00, 2.1227e+03       
# span 10 =   -12.3113,   110.4732      
# span 11 =     -0.632,      2.607      
# span 12 =     -0.916,      3.781      
# span 13 =    18.3809,    27.8785      
# span 14 = 0.0000e+00, 0.0000e+00      
# interval = seconds: 0.25
# start_time = Jul 15 2024 11:25:21 [Instrument's time stamp, header]
# bad_flag = -9.990e-29
*END*
[from data line 772]
      1.645      0.055     0.7721      8.991     44.091  44.032450    15.5671      7.193   196.3341 7.5354e+01    11.0452      1.613      2.339    25.4392 0.0000e+00
      1.668      0.058     0.7705      8.648     44.232  44.106952    15.7000      7.192   196.3311 7.3066e+01    11.2064      1.639      2.377    25.3897 0.0000e+00
      1.684      0.063     0.7669      8.166     44.832  44.685399    15.7902      7.191   196.4675 7.1872e+01    11.9598      1.655      2.401    25.2485 0.0000e+00
      1.692      0.069     0.7626      7.603     46.465  46.265472    15.9588      7.190   196.6072 7.1276e+01    13.4251      1.660      2.407    25.0511 0.0000e+00
      1.699      0.074     0.7479      7.063     48.104  47.722110    16.0490      7.189   196.5568 6.9815e+01    14.3375      1.663      2.411    24.9047 0.0000e+00
      1.717      0.076     0.7212      6.547     48.740  48.077115    15.8239      7.187   196.5465 6.6542e+01    14.8960      1.678      2.434    24.8289 0.0000e+00
      1.748      0.078     0.6800      5.918     48.993  48.081547    13.0873      7.187   196.6549 6.2469e+01    19.4265      1.713      2.485    24.8303 0.0000e+00
      1.783      0.080     0.6282      5.079     49.416  48.346734     8.0628      7.187   196.7492 5.9725e+01    27.6114      1.754      2.545    24.8456 0.0000e+00
      1.803      0.079     0.5853      4.121     49.804  48.616738     5.3123      7.186   196.8266 5.8722e+01    32.0126      1.774      2.573    24.6531 0.0000e+00
      1.812      0.073     0.5515      3.219     49.983  48.679458     5.0498      7.185   196.8163 5.7622e+01    32.5378      1.775      2.572    24.2882 0.0000e+00
      1.824      0.062     0.5063      2.468     50.000  48.597000     5.0133      7.184   196.7962 5.5503e+01    33.8934      1.785      2.588    24.0180 0.0000e+00
      1.844      0.051     0.4322      1.872     49.913  48.444965     4.9797      7.183   196.9277 5.3158e+01    36.1737      1.810      2.626    23.9034 0.0000e+00
      1.864      0.043     0.3454      1.417     49.802  48.301380     4.9513      7.182   197.0292 5.1505e+01    37.3583      1.831      2.656    23.8108 0.0000e+00
      1.875      0.038     0.2675      1.135     49.769  48.257621     4.9279      7.182   197.2495 5.0842e+01    37.4561      1.842      2.671    23.6827 0.0000e+00
      1.880      0.033     0.2046      1.064     49.885  48.360296     4.7797      7.182   197.6980 5.0771e+01    38.1081      1.844      2.675    23.5788 0.0000e+00
      1.880      0.033     0.1555      1.181     50.156  48.590461     4.5246      7.181   197.9790 5.0716e+01    39.3664      1.843      2.673    23.5138 0.0000e+00
      1.882      0.039     0.1154      1.402     50.461  48.818366     4.3983      7.179   198.0664 5.0306e+01    40.0649      1.844      2.674    23.4765 0.0000e+00
      1.890      0.047     0.0897      1.628     50.637  48.893624     4.4008      7.179   198.1515 4.9062e+01    40.1323      1.848      2.681    23.4750 0.0000e+00
      1.906      0.053     0.0843      1.812     50.561  48.738376     4.3976      7.178   198.3191 4.6907e+01    40.1470      1.865      2.707    23.4764 0.0000e+00
      1.931      0.055     0.0973      1.952     50.286  48.464904     4.3932      7.178   198.2870 4.4832e+01    40.8580      1.896      2.749    23.4462 0.0000e+00
      1.954      0.053     0.1197      2.030     50.052  48.317141     4.4137      7.177   197.8488 4.3672e+01    42.2378      1.920      2.785    23.3788 0.0000e+00
      1.966      0.048     0.1407      2.049     49.973  48.348671     4.4375      7.177   197.4096 4.3406e+01    42.9963      1.932      2.802    23.2730 0.0000e+00
      1.970      0.043     0.1557      2.040     49.955  48.401876     4.4565      7.177   197.2783 4.3554e+01    43.1283      1.932      2.802    23.1604 0.0000e+00
      1.973      0.039     0.1689      2.035     49.950  48.389151     4.4602      7.178   197.2930 4.3321e+01    43.0478      1.933      2.802    23.1470 0.0000e+00
      1.980      0.037     0.1757      2.069     50.036  48.385276     4.4400      7.179   197.3300 4.2343e+01    42.7744      1.940      2.813    23.2527 0.0000e+00
      1.994      0.039     0.1747      2.124     50.279  48.481864     4.4287      7.179   197.4678 4.1061e+01    42.6234      1.955      2.835    23.3845 0.0000e+00
      2.010      0.041     0.1740      2.148     50.633  48.667937     4.4325      7.179   197.6687 4.0113e+01    42.5893      1.973      2.861    23.4709 0.0000e+00
      2.021      0.040     0.1711      2.141     50.924  48.793641     4.4280      7.179   198.0378 3.9579e+01    42.0540      1.984      2.878    23.4620 0.0000e+00
      2.029      0.035     0.1753      2.117     50.995  48.731723     4.3990      7.179   198.8333 3.9019e+01    40.9682      1.989      2.884    23.3638 0.0000e+00
      2.037      0.025     0.1833      2.065     50.871  48.554000     4.3727      7.178   199.8869 3.8245e+01    40.3238      1.996      2.895    23.2093 0.0000e+00
      2.046      0.015     0.1849      1.988     50.615  48.358941     4.3686      7.178   200.0218 3.7607e+01    40.2401      2.008      2.912    23.0546 0.0000e+00
      2.051      0.005     0.1839      1.903     50.311  48.214545     4.3320      7.178   199.1734 3.7570e+01    40.1954      2.015      2.921    22.9003 0.0000e+00
      2.049     -0.001     0.1836      1.820     50.115  48.205090     4.2632      7.177   199.0079 3.8045e+01    40.1252      2.012      2.918    22.7505 0.0000e+00
      2.043     -0.002     0.1791      1.775     50.017  48.244891     4.2195      7.176   199.4839 3.8693e+01    40.0402      2.004      2.907    22.6755 0.0000e+00
      2.035      0.003     0.1713      1.796     49.978  48.251549     4.2115      7.175   199.5930 3.9248e+01    39.9535      1.994      2.892    22.7269 0.0000e+00
      2.031      0.011     0.1640      1.883     50.138  48.349148     4.2413      7.175   199.2951 3.9221e+01    39.7258      1.988      2.883    22.9000 0.0000e+00
      2.037      0.020     0.1545      1.994     50.541  48.599509     4.2888      7.175   199.0653 3.8336e+01    39.3363      1.994      2.892    23.1080 0.0000e+00
      2.052      0.026     0.1494      2.083     51.115  48.992817     4.3198      7.174   199.0513 3.7090e+01    39.1379      2.011      2.918    23.2582 0.0000e+00
      2.067      0.030     0.1508      2.139     51.637  49.358424     4.3241      7.173   198.9539 3.6305e+01    39.0689      2.030      2.945    23.3022 0.0000e+00
      2.076      0.030     0.1597      2.166     51.915  49.527828     4.2666      7.174   198.9206 3.6066e+01    38.3658      2.038      2.956    23.2460 0.0000e+00
      2.079      0.027     0.1721      2.161     52.220  49.771095     4.1576      7.176   199.2503 3.5864e+01    37.1270      2.038      2.956    23.0793 0.0000e+00
      2.082      0.026     0.1798      2.121     52.593  50.077406     4.0881      7.176   199.9303 3.5591e+01    36.4908      2.042      2.961    22.9046 0.0000e+00
      2.086      0.027     0.1851      2.045     52.821  50.183643     4.0841      7.176   200.2589 3.5307e+01    36.4805      2.045      2.966    22.7824 0.0000e+00
      2.091      0.031     0.1880      1.948     53.021  50.230023     4.0917      7.176   200.1254 3.4730e+01    36.4907      2.049      2.972    22.6684 0.0000e+00
      2.101      0.034     0.1876      1.873     53.167  50.257008     4.1055      7.176   200.2952 3.3747e+01    36.5802      2.058      2.986    22.6479 0.0000e+00
      2.115      0.036     0.1844      1.828     53.231  50.255777     4.1340      7.176   200.6771 3.2742e+01    36.7757      2.074      3.009    22.6381 0.0000e+00
      2.128      0.039     0.1781      1.790     53.482  50.469028     4.1370      7.176   200.8707 3.2087e+01    36.8393      2.089      3.030    22.5097 0.0000e+00
      2.136      0.042     0.1680      1.761     53.856  50.803508     4.1243      7.176   200.8301 3.1738e+01    36.6323      2.096      3.040    22.3464 0.0000e+00
      2.141      0.043     0.1616      1.730     53.982  50.871137     4.1054      7.175   200.7020 3.1350e+01    34.5120      2.099      3.044    22.2398 0.0000e+00
      2.150      0.041     0.1599      1.695     53.892  50.715197     4.0669      7.174   200.6125 3.0590e+01    30.6394      2.105      3.053    22.1891 0.0000e+00
      2.165      0.037     0.1550      1.669     53.773  50.568860     4.0343      7.172   200.6954 2.9556e+01    28.4779      2.122      3.077    22.1715 0.0000e+00
      2.181      0.034     0.1540      1.654     53.674  50.498651     4.0182      7.172   201.0162 2.8783e+01    28.0869      2.142      3.106    22.1770 0.0000e+00
      2.191      0.033     0.1511      1.644     54.025  50.882284     4.0298      7.171   201.2208 2.8522e+01    26.8002      2.153      3.122    22.1276 0.0000e+00
      2.194      0.033     0.1477      1.623     55.480  52.286492     4.0670      7.169   201.1898 2.8482e+01    24.5690      2.152      3.121    22.0277 0.0000e+00
      2.194      0.034     0.1457      1.607     57.715  54.332136     4.0939      7.167   201.2437 2.8301e+01    23.3819      2.150      3.119    21.9931 0.0000e+00
      2.199      0.036     0.1438      1.604     59.615  55.929471     4.0967      7.165   201.4424 2.7769e+01    23.1052      2.154      3.124    22.0295 0.0000e+00
      2.211      0.038     0.1446      1.603     60.885  56.865411     4.1423      7.165   201.5275 2.6854e+01    21.2577      2.166      3.141    22.0865 0.0000e+00
      2.231      0.039     0.1411      1.596     61.757  57.454848     4.2461      7.165   201.4127 2.5900e+01    17.9524      2.189      3.174    22.1481 0.0000e+00
      2.247      0.039     0.1396      1.599     62.281  57.784103     4.3106      7.164   201.2583 2.5394e+01    16.1724      2.207      3.202    22.1171 0.0000e+00
      2.255      0.037     0.1405      1.613     62.749  58.114933     4.3318      7.163   201.2094 2.5284e+01    15.9967      2.213      3.209    21.9227 0.0000e+00
      2.257      0.033     0.1415      1.619     63.348  58.596357     4.3781      7.163   201.2519 2.5164e+01    15.2133      2.213      3.209    21.6824 0.0000e+00
      2.261      0.028     0.1405      1.611     64.223  59.348975     4.4455      7.163   201.3420 2.4851e+01    13.7024      2.215      3.213    21.4904 0.0000e+00
      2.269      0.023     0.1409      1.597     65.224  60.227105     4.4720      7.162   201.3525 2.4353e+01    12.8274      2.223      3.226    21.3674 0.0000e+00
      2.280      0.020     0.1434      1.592     65.788  60.701335     4.4579      7.161   201.2067 2.3922e+01    12.7289      2.237      3.244    21.2968 0.0000e+00
      2.288      0.020     0.1441      1.597     67.697  62.414734     4.4582      7.162   201.0408 2.3831e+01    12.7166      2.247      3.258    21.2397 0.0000e+00
      2.289      0.020     0.1432      1.606     72.504  66.774258     4.5162      7.163   200.8962 2.3913e+01    12.4394      2.246      3.257    21.1971 0.0000e+00
      2.289      0.021     0.1416      1.616     77.007  70.774542     4.6100      7.163   200.7494 2.3858e+01    11.9385      2.243      3.253    21.1669 0.0000e+00
      2.290      0.024     0.1410      1.632     78.383  71.826141     4.6608      7.162   200.6417 2.3528e+01    11.6475      2.244      3.254    21.1279 0.0000e+00
      2.297      0.029     0.1421      1.650     78.362  71.607900     4.6720      7.162   200.6265 2.2899e+01    11.4832      2.251      3.264    21.0941 0.0000e+00
      2.310      0.032     0.1431      1.655     78.718  71.822112     4.7044      7.162   200.5665 2.2207e+01    10.6018      2.266      3.286    21.0696 0.0000e+00
      2.323      0.032     0.1438      1.633     77.764  70.920114     4.7691      7.162   200.5181 2.1692e+01     9.1203      2.279      3.306    20.9717 0.0000e+00
      2.334      0.026     0.1460      1.610     75.325  68.709892     4.8050      7.162   200.6435 2.1372e+01     8.3620      2.289      3.320    20.8056 0.0000e+00
      2.341      0.019     0.1481      1.603     75.128  68.614475     4.7976      7.161   200.7926 2.1253e+01     8.2994      2.298      3.332    20.6610 0.0000e+00
      2.344      0.015     0.1504      1.594     78.294  71.609547     4.7713      7.161   200.7716 2.1370e+01     8.2609      2.300      3.336    20.5945 0.0000e+00
      2.341      0.017     0.1464      1.577     82.434  75.368094     4.7287      7.159   200.3040 2.1604e+01     8.2382      2.296      3.331    20.5930 0.0000e+00
      2.336      0.022     0.1436      1.566     85.354  77.825224     4.6984      7.156   199.5256 2.1613e+01     8.2297      2.288      3.320    20.5825 0.0000e+00
      2.339      0.027     0.1444      1.577     85.377  77.540652     4.6789      7.153   198.9318 2.1151e+01     8.1577      2.290      3.322    20.6425 0.0000e+00
      2.354      0.030     0.1430      1.607     83.499  75.614574     4.6265      7.150   198.5457 2.0236e+01     7.8800      2.305      3.343    20.7626 0.0000e+00
      2.375      0.032     0.1414      1.626     83.223  75.326962     4.5566      7.148   198.0397 1.9384e+01     7.5023      2.331      3.381    20.7557 0.0000e+00
      2.390      0.034     0.1396      1.621     85.122  77.051212     4.5325      7.146   197.3739 1.9191e+01     7.3493      2.351      3.410    20.6133 0.0000e+00
      2.391      0.035     0.1416      1.614     86.701  78.342827     4.5349      7.145   196.7766 1.9359e+01     7.3620      2.345      3.402    20.3838 0.0000e+00
      2.387      0.034     0.1459      1.620     87.215  78.545847     4.5183      7.143   196.2391 1.9174e+01     7.2465      2.336      3.389    20.2137 0.0000e+00
      2.393      0.034     0.1485      1.633     87.507  78.551792     4.4906      7.141   195.6934 1.8475e+01     7.0455      2.343      3.398    20.2400 0.0000e+00
      2.409      0.038     0.1463      1.648     87.789  78.605116     4.4743      7.141   195.2546 1.7696e+01     7.0152      2.363      3.428    20.2996 0.0000e+00
      2.424      0.046     0.1452      1.643     87.984  78.618052     4.4634      7.141   195.0635 1.7087e+01     7.0512      2.379      3.452    20.2052 0.0000e+00
      2.436      0.054     0.1476      1.618     87.606  78.135737     4.4246      7.139   195.0184 1.6421e+01     6.8653      2.387      3.462    20.0170 0.0000e+00
      2.448      0.057     0.1481      1.613     86.756  77.223979     4.3712      7.135   194.8807 1.5674e+01     6.5441      2.401      3.481    19.8645 0.0000e+00
      2.461      0.056     0.1514      1.624     86.546  76.876809     4.3426      7.132   194.5173 1.4811e+01     6.3449      2.412      3.499    19.7577 0.0000e+00
      2.477      0.053     0.1517      1.629     86.331  76.544860     4.3289      7.127   194.4108 1.3598e+01     6.2663      2.427      3.519    19.6686 0.0000e+00
      2.498      0.050     0.1468      1.629     85.004  75.244574     4.3214      7.123   194.5389 1.2422e+01     6.2084      2.451      3.555    19.5932 0.0000e+00
      2.513      0.045     0.1473      1.621     83.972  74.187901     4.4267      7.119   193.9150 1.1820e+01     6.1924      2.470      3.581    19.5046 0.0000e+00
      2.519      0.038     0.1500      1.610     84.371  74.385442     4.6372      7.115   192.8044 1.1475e+01     6.2771      2.471      3.583    19.4037 0.0000e+00
      2.524      0.029     0.1500      1.624     85.138  74.962857     4.7517      7.111   191.5208 1.0877e+01     6.4122      2.472      3.586    19.3213 0.0000e+00
      2.532      0.022     0.1504      1.643     85.286  75.066358     4.7623      7.108   190.0101 1.0274e+01     6.4257      2.484      3.603    19.2595 0.0000e+00
      2.539      0.020     0.1506      1.640     84.935  74.746833     4.8577      7.106   188.9941 1.0024e+01     6.3382      2.492      3.614    19.1784 0.0000e+00
