Data/DataNotYetUploadedToEDI/Raw_CTD/RawDownloads/071524_bvr50_S8188001.cnv
* Sea-Bird SBE19plus  Data File:
* FileName = C:\R\Reservoirs\Data\DataNotYetUploadedToEDI\Raw_CTD\RawDownloads\071524_bvr50_S8188_0001.hex
* Software version 2.8.0.119
* Temperature SN = 8188
* Conductivity SN = 8188
* System UpLoad Time = Jul 15 2024 16:45:14
* <ApplicationData>
* <Seaterm232>
# nquan = 16
# nvalues = 2108                        
# units = specified
# name 0 = depFM: Depth [fresh water, m]
# name 1 = dz/dtM: Descent Rate [m/s]
# name 2 = sbeox0Mg/L: Oxygen, SBE 43 [mg/l]
# name 3 = sbeox0PS: Oxygen, SBE 43 [% saturation]
# name 4 = specc: Specific Conductance [uS/cm]
# name 5 = c0uS/cm: Conductivity [uS/cm]
# name 6 = wetCDOM: Fluorescence, WET Labs CDOM [mg/m^3]
# name 7 = flECO-AFL: Fluorescence, WET Labs ECO-AFL/FL [mg/m^3]
# name 8 = flECO-AFL1: Fluorescence, WET Labs ECO-AFL/FL, 2 [mg/m^3]
# name 9 = flECO-AFL2: Fluorescence, WET Labs ECO-AFL/FL, 3 [mg/m^3]
# name 10 = par/sat/log: PAR/Logarithmic, Satlantic
# name 11 = turbWETntu0: Turbidity, WET Labs ECO [NTU]
# name 12 = prdM: Pressure, Strain Gauge [db]
# name 13 = prdE: Pressure, Strain Gauge [psi]
# name 14 = tv290C: Temperature [ITS-90, deg C]
# name 15 = flag:  0.000e+00
# span 0 =     -0.713,      9.369       
# span 1 =     -0.289,      0.162       
# span 2 =     0.0126,    10.7198       
# span 3 =      0.129,    137.687       
# span 4 =     -0.027,    128.237       
# span 5 =  -0.028466,  90.210859       
# span 6 =    -4.5000,    52.2900       
# span 7 =    -0.2846,    84.1131       
# span 8 =    -2.1300,     2.1726       
# span 9 =    -2.0304,    16.0317       
# span 10 = 1.1575e-01, 2.7723e+03      
# span 11 =    -1.1555,    79.8150      
# span 12 =     -0.699,      9.188      
# span 13 =     -1.014,     13.326      
# span 14 =    10.1614,    28.2994      
# span 15 = 0.0000e+00, 0.0000e+00      
# interval = seconds: 0.25
# start_time = Jul 15 2024 09:35:12 [Instrument's time stamp, header]
# bad_flag = -9.990e-29
*END*
[from data line 1085]
      0.577      0.003     8.9972    115.725     31.256  33.307198    29.7000     6.0937     0.0852     1.3959 3.7145e+02     3.2405      0.565      0.820    28.2753 0.0000e+00
      0.577      0.003     9.0071    115.692     31.277  33.329463    29.7000     6.0670     0.0852     1.3959 3.5158e+02     3.1801      0.566      0.821    28.2751 0.0000e+00
      0.578      0.003     9.0141    115.683     31.312  33.365901    29.7000     6.2883     0.1704     1.3536 3.5334e+02     2.9837      0.567      0.822    28.2749 0.0000e+00
      0.579      0.004     9.0158    115.717     31.337  33.392367    29.7000     6.2692     0.1704     1.3536 3.5089e+02     2.9837      0.567      0.823    28.2746 0.0000e+00
      0.580      0.004     9.0137    115.797     31.348  33.403968    29.7000     6.2425     0.1704     1.3536 3.2435e+02     2.9686      0.568      0.824    28.2743 0.0000e+00
      0.581      0.005     9.0111    115.909     31.359  33.415748    29.7000     6.2539     0.1704     1.3536 3.5837e+02     2.8930      0.569      0.826    28.2739 0.0000e+00
      0.582      0.006     9.0105    116.027     31.373  33.430849    29.7000     6.2768     0.1278     1.2690 3.2697e+02     2.9837      0.571      0.828    28.2735 0.0000e+00
      0.583      0.007     9.0132    116.115     31.383  33.441346    29.7000     6.2806     0.1278     1.2690 3.2647e+02     3.0290      0.572      0.830    28.2732 0.0000e+00
      0.585      0.008     9.0194    116.158     31.398  33.458007    29.7000     6.2501     0.1278     1.2690 3.3604e+02     2.9232      0.574      0.832    28.2731 0.0000e+00
      0.587      0.010     9.0282    116.156     31.420  33.481291    29.7000     6.2654     0.1278     1.2690 5.0704e+02     2.9535      0.576      0.835    28.2731 0.0000e+00
      0.590      0.012     9.0373    116.114     31.417  33.477569    29.7000     6.1814     0.0852     1.3536 3.2015e+02     3.2556      0.578      0.839    28.2732 0.0000e+00
      0.593      0.015     9.0442    116.025     31.384  33.441865    29.7000     6.2120     0.0852     1.3536 4.1761e+02     3.2405      0.581      0.843    28.2732 0.0000e+00
      0.597      0.018     9.0475    115.879     31.345  33.400512    29.7000     6.2120     0.0852     1.3536 3.7936e+02     3.1801      0.585      0.849    28.2731 0.0000e+00
      0.602      0.022     9.0474    115.679     31.306  33.358416    29.7000     6.2158     0.0852     1.3536 3.3097e+02     3.2556      0.590      0.856    28.2729 0.0000e+00
      0.608      0.026     9.0442    115.457     31.269  33.318296    29.7000     6.2654     0.0852     1.3536 3.9176e+02     3.2254      0.596      0.864    28.2727 0.0000e+00
      0.615      0.030     9.0374    115.255     31.250  33.297337    29.7000     6.2844     0.1278     1.3113 3.5242e+02     3.2405      0.603      0.875    28.2723 0.0000e+00
      0.623      0.034     9.0261    115.105     31.257  33.303893    29.7000     6.2997     0.1278     1.3113 3.4320e+02     3.1801      0.611      0.887    28.2718 0.0000e+00
      0.633      0.037     9.0106    115.024     31.287  33.333737    29.7000     6.2654     0.1278     1.3113 2.7864e+02     3.1952      0.621      0.901    28.2711 0.0000e+00
      0.644      0.039     8.9935    115.015     31.323  33.370926    29.7000     6.2463     0.1278     1.3113 3.3502e+02     3.0139      0.631      0.916    28.2701 0.0000e+00
      0.655      0.040     8.9780    115.063     31.348  33.395498    29.7000     6.2616     0.0852     1.2690 2.9619e+02     2.9232      0.642      0.931    28.2689 0.0000e+00
      0.666      0.040     8.9665    115.156     31.355  33.402057    29.7000     6.2692     0.0852     1.2690 2.7018e+02     2.9988      0.653      0.947    28.2671 0.0000e+00
      0.676      0.039     8.9605    115.281     31.358  33.404301    29.7000     6.2768     0.0852     1.2690 3.2804e+02     3.0139      0.663      0.962    28.2649 0.0000e+00
      0.686      0.038     8.9603    115.412     31.369  33.414779    29.7000     6.2654     0.0852     1.2690 2.8712e+02     2.9837      0.672      0.975    28.2623 0.0000e+00
      0.695      0.037     8.9644    115.517     31.371  33.416369    29.7000     6.3302     0.1278     1.4382 2.5406e+02     2.9988      0.681      0.988    28.2598 0.0000e+00
      0.704      0.036     8.9720    115.574     31.361  33.405509    29.7000     6.3645     0.1278     1.4382 3.2252e+02     3.0290      0.690      1.001    28.2576 0.0000e+00
      0.713      0.035     8.9820    115.574     31.363  33.407189    29.7000     6.3531     0.1278     1.4382 2.7762e+02     2.9535      0.699      1.014    28.2557 0.0000e+00
      0.722      0.034     8.9924    115.528     31.369  33.413890    29.7000     6.3035     0.1278     1.4382 3.1566e+02     2.9837      0.708      1.026    28.2542 0.0000e+00
      0.730      0.034     9.0008    115.462     31.376  33.421423    29.7000     6.2616     0.0852     1.2690 2.7259e+02     3.0139      0.716      1.039    28.2533 0.0000e+00
      0.739      0.033     9.0053    115.398     31.399  33.445741    29.7000     6.2844     0.0852     1.2690 3.2668e+02     3.0139      0.725      1.051    28.2530 0.0000e+00
      0.747      0.031     9.0054    115.343     31.419  33.467433    29.7000     6.2654     0.0852     1.2690 2.8047e+02     3.0290      0.733      1.063    28.2530 0.0000e+00
      0.755      0.029     9.0017    115.305     31.418  33.466392    29.7000     6.2387     0.0852     1.2690 2.4941e+02     2.9988      0.741      1.075    28.2530 0.0000e+00
      0.763      0.027     8.9965    115.290     31.410  33.458274    29.7000     6.2654     0.0852     1.2690 2.6564e+02     2.9232      0.748      1.085    28.2531 0.0000e+00
      0.769      0.024     8.9915    115.300     31.408  33.456848    29.7000     6.2692     0.0852     1.2690 2.2855e+02     2.9232      0.755      1.094    28.2531 0.0000e+00
      0.775      0.022     8.9873    115.330     31.405  33.453768    29.7000     6.2654     0.0852     1.2690 2.4079e+02     2.9686      0.760      1.102    28.2533 0.0000e+00
      0.780      0.020     8.9842    115.368     31.407  33.456179    29.7000     6.2463     0.0852     1.2690 2.2520e+02     3.0743      0.765      1.109    28.2535 0.0000e+00
      0.785      0.020     8.9830    115.416     31.419  33.468708    29.7000     6.2616     0.0852     1.2690 2.4693e+02     3.0139      0.769      1.116    28.2538 0.0000e+00
      0.789      0.020     8.9838    115.473     31.417  33.466809    29.7000     6.2768     0.0852     1.3536 2.5953e+02     3.0139      0.774      1.122    28.2542 0.0000e+00
      0.794      0.020     8.9860    115.519     31.401  33.449978    29.7000     6.2730     0.0852     1.3536 2.6402e+02     2.9384      0.778      1.129    28.2546 0.0000e+00
      0.798      0.022     8.9889    115.531     31.381  33.429661    29.7000     6.2730     0.0852     1.3536 3.2238e+02     2.9232      0.783      1.136    28.2551 0.0000e+00
      0.804      0.025     8.9926    115.506     31.358  33.404423    29.7000     6.2005     0.0852     1.3536 2.4838e+02     2.9535      0.789      1.143    28.2555 0.0000e+00
      0.810      0.028     8.9969    115.461     31.348  33.393427    29.7000     6.2158     0.0852     1.3959 2.7283e+02     2.9535      0.795      1.153    28.2558 0.0000e+00
      0.818      0.031     9.0005    115.406     31.365  33.411668    29.7000     6.2158     0.0852     1.3959 3.2379e+02     2.9232      0.802      1.163    28.2561 0.0000e+00
      0.827      0.035     9.0014    115.352     31.394  33.442100    29.7000     6.1814     0.0852     1.3959 2.8719e+02     2.8930      0.811      1.176    28.2563 0.0000e+00
      0.836      0.038     8.9995    115.309     31.415  33.462962    29.7000     6.1814     0.0852     1.3959 2.8004e+02     2.9988      0.820      1.189    28.2563 0.0000e+00
      0.847      0.040     8.9960    115.280     31.417  33.463880    29.7000     6.1891     0.0852     1.3113 2.3653e+02     3.0441      0.830      1.204    28.2562 0.0000e+00
      0.857      0.043     8.9918    115.271     31.412  33.457052    29.7000     6.1967     0.0852     1.3113 3.0027e+02     3.0894      0.841      1.219    28.2558 0.0000e+00
      0.869      0.044     8.9877    115.292     31.410  33.452608    29.7000     6.2081     0.0852     1.3113 2.7248e+02     2.9232      0.852      1.235    28.2550 0.0000e+00
      0.880      0.046     8.9846    115.331     31.399  33.437410    29.7000     6.1586     0.0852     1.3113 2.8077e+02     2.9837      0.863      1.252    28.2537 0.0000e+00
      0.892      0.046     8.9827    115.362     31.377  33.411390    29.7000     6.1509     0.0852     1.3113 2.5285e+02     2.8628      0.875      1.269    28.2515 0.0000e+00
      0.904      0.046     8.9824    115.380     31.355  33.383544    29.7900     6.1586     0.1278     1.2690 2.4554e+02     3.0441      0.887      1.286    28.2485 0.0000e+00
      0.917      0.045     8.9847    115.381     31.336  33.358396    29.7900     6.1662     0.1278     1.2690 2.9949e+02     2.9837      0.899      1.304    28.2445 0.0000e+00
      0.929      0.044     8.9884    115.350     31.318  33.333224    29.7900     6.2196     0.1278     1.2690 2.2583e+02     3.2103      0.911      1.321    28.2397 0.0000e+00
      0.940      0.042     8.9918    115.279     31.288  33.297331    29.7900     6.2005     0.1278     1.2690 2.3581e+02     3.2556      0.922      1.337    28.2341 0.0000e+00
      0.950      0.040     8.9943    115.176     31.257  33.259072    29.7900     6.2043     0.1278     1.4805 2.2218e+02     3.1801      0.932      1.352    28.2271 0.0000e+00
      0.960      0.039     8.9957    115.049     31.233  33.226171    29.7900     6.1738     0.1278     1.4805 2.6145e+02     3.1649      0.941      1.365    28.2189 0.0000e+00
      0.969      0.039     8.9946    114.903     31.212  33.193838    29.7900     6.1433     0.1278     1.4805 2.3932e+02     2.8779      0.950      1.378    28.2106 0.0000e+00
      0.978      0.039     8.9902    114.742     31.194  33.161418    29.7900     6.1280     0.1278     1.4805 2.1236e+02     2.9837      0.959      1.391    28.2032 0.0000e+00
      0.987      0.041     8.9834    114.564     31.172  33.124248    29.7900     6.1395     0.0852     1.5651 2.4865e+02     2.9232      0.968      1.405    28.1955 0.0000e+00
      0.998      0.042     8.9752    114.355     31.143  33.082374    29.7900     6.1433     0.0852     1.5651 2.0223e+02     2.9232      0.979      1.420    28.1844 0.0000e+00
      1.010      0.044     8.9665    114.108     31.119  33.046539    29.7900     6.3264     0.0852     1.5651 1.9042e+02     3.3160      0.991      1.437    28.1675 0.0000e+00
      1.022      0.045     8.9573    113.828     31.113  33.031087    29.7900     6.3455     0.0852     1.5651 2.0426e+02     3.2405      1.002      1.453    28.1464 0.0000e+00
      1.034      0.046     8.9467    113.533     31.128  33.039866    29.7900     6.3378     0.0852     1.5651 1.6922e+02     3.2254      1.014      1.470    28.1251 0.0000e+00
      1.045      0.046     8.9334    113.267     31.145  33.051313    29.7000     6.3035     0.1704     1.2690 1.7693e+02     3.1196      1.025      1.486    28.1062 0.0000e+00
      1.057      0.046     8.9167    113.073     31.151  33.052546    29.7000     6.3302     0.1704     1.2690 1.6104e+02     3.0441      1.037      1.503    28.0898 0.0000e+00
      1.069      0.045     8.8970    112.967     31.150  33.047879    29.7000     6.2959     0.1704     1.2690 1.5738e+02     2.9837      1.049      1.520    28.0755 0.0000e+00
      1.081      0.044     8.8759    112.946     31.132  33.024116    29.7000     6.3378     0.1704     1.2690 1.5078e+02     2.8779      1.060      1.537    28.0634 0.0000e+00
      1.092      0.043     8.8567    112.985     31.098  32.982887    29.7000     6.3188     0.0852     1.3536 1.5313e+02     2.9232      1.071      1.553    28.0536 0.0000e+00
      1.103      0.042     8.8427    113.052     31.070  32.945066    29.7000     6.4027     0.0852     1.3536 1.6263e+02     2.8930      1.082      1.568    28.0459 0.0000e+00
      1.113      0.041     8.8354    113.120     31.047  32.908536    29.7000     6.3836     0.0852     1.3536 1.5710e+02     2.9535      1.092      1.583    28.0395 0.0000e+00
      1.124      0.040     8.8348    113.164     31.027  32.871520    29.7000     6.3913     0.0852     1.3536 1.7483e+02     2.9837      1.102      1.598    28.0327 0.0000e+00
      1.134      0.038     8.8393    113.151     31.024  32.854023    29.7000     6.4027     0.1278     1.3113 1.6838e+02     2.9686      1.112      1.612    28.0235 0.0000e+00
      1.143      0.037     8.8467    113.058     31.043  32.861336    29.7000     6.4981     0.1278     1.3113 1.7377e+02     2.9384      1.121      1.626    28.0098 0.0000e+00
      1.153      0.036     8.8551    112.879     31.067  32.877485    29.7000     6.4943     0.1278     1.3113 1.9609e+02     2.9232      1.130      1.639    27.9900 0.0000e+00
      1.162      0.035     8.8623    112.624     31.092  32.896815    29.7000     6.5171     0.1278     1.3113 1.6242e+02     2.8779      1.139      1.652    27.9660 0.0000e+00
      1.171      0.033     8.8650    112.331     31.108  32.908548    29.7900     6.5019     0.1278     1.3536 2.0435e+02     3.0139      1.148      1.665    27.9424 0.0000e+00
      1.179      0.031     8.8608    112.055     31.108  32.903861    29.7900     6.5553     0.1278     1.3536 1.6937e+02     2.9837      1.156      1.677    27.9229 0.0000e+00
      1.187      0.029     8.8490    111.850     31.105  32.897438    29.7900     6.5667     0.1278     1.3536 1.9279e+02     2.9988      1.164      1.688    27.9081 0.0000e+00
      1.194      0.026     8.8309    111.734     31.098  32.887567    29.7900     6.5782     0.1278     1.3536 1.6362e+02     2.9535      1.171      1.699    27.8966 0.0000e+00
      1.200      0.023     8.8093    111.697     31.082  32.869623    29.7900     6.5591     0.1278     1.3536 1.9254e+02     2.9535      1.177      1.708    27.8875 0.0000e+00
      1.206      0.020     8.7888    111.724     31.075  32.860731    29.7900     6.5744     0.1278     1.3536 1.8220e+02     3.0139      1.183      1.716    27.8803 0.0000e+00
      1.211      0.017     8.7736    111.801     31.076  32.860511    29.7900     6.5667     0.1278     1.3536 1.7388e+02     2.9837      1.187      1.722    27.8750 0.0000e+00
      1.214      0.014     8.7650    111.912     31.075  32.858945    29.7900     6.5782     0.1278     1.3536 1.7197e+02     3.0441      1.191      1.727    27.8713 0.0000e+00
      1.217      0.011     8.7626    112.041     31.075  32.859600    29.7900     6.5667     0.1278     1.3536 1.8487e+02     2.9232      1.194      1.732    27.8686 0.0000e+00
      1.220      0.009     8.7650    112.170     31.079  32.866634    29.9700     6.3951     0.1278     1.1844 1.6577e+02     3.0139      1.196      1.735    27.8663 0.0000e+00
      1.222      0.008     8.7713    112.276     31.089  32.881922    29.9700     6.3836     0.1278     1.1844 1.8228e+02     3.0290      1.198      1.738    27.8645 0.0000e+00
      1.223      0.006     8.7801    112.355     31.106  32.905558    29.9700     6.3874     0.1278     1.1844 1.6959e+02     2.9988      1.199      1.740    27.8639 0.0000e+00
      1.225      0.005     8.7900    112.419     31.118  32.923928    29.9700     6.3645     0.1278     1.1844 1.7533e+02     2.9686      1.201      1.742    27.8654 0.0000e+00
      1.226      0.005     8.7995    112.482     31.119  32.929981    29.7900     6.6507     0.1278     1.3536 1.6732e+02     3.2254      1.202      1.743    27.8696 0.0000e+00
      1.227      0.004     8.8068    112.550     31.123  32.937280    29.7900     6.6392     0.1278     1.3536 1.8141e+02     3.2556      1.203      1.745    27.8767 0.0000e+00
      1.228      0.004     8.8115    112.630     31.119  32.935822    29.7900     6.6316     0.1278     1.3536 1.6613e+02     3.2103      1.204      1.746    27.8859 0.0000e+00
