Data/DataNotYetUploadedToEDI/Raw_CTD/RawDownloads/071524_fcr40_S7809004.cnv
* Sea-Bird SBE19plus  Data File:
* FileName = C:\R\Reservoirs\Data\DataNotYetUploadedToEDI\Raw_CTD\RawDownloads\071524_fcr50_S7809_0004.hex
* Software version 2.8.0.119
* Temperature SN = 7809
* Conductivity SN = 7809
* System UpLoad Time = Jul 15 2024 16:23:24
* <ApplicationData>
* <Seaterm232>
# nquan = 15
# nvalues = 1206                        
# units = specified
# name 0 = depFM: Depth [fresh water, m]
# name 1 = dz/dtM: Descent Rate [m/s]
# name 2 = sbeox0Mg/L: Oxygen, SBE 43 [mg/l]
# name 3 = sbeox0PS: Oxygen, SBE 43 [% saturation]
# name 4 = specc: Specific Conductance [uS/cm]
# name 5 = c0uS/cm: Conductivity [uS/cm]
# name 6 = flECO-AFL: Fluorescence, WET Labs ECO-AFL/FL [mg/m^3]
# name 7 = ph: pH
# name 8 = orp: Oxidation Reduction Potential [mV]
# name 9 = par/sat/log: PAR/Logarithmic, Satlantic
# name 10 = turbWETntu0: Turbidity, WET Labs ECO [NTU]
# name 11 = prdM: Pressure, Strain Gauge [db]
# name 12 = prdE: Pressure, Strain Gauge [psi]
# name 13 = tv290C: Temperature [ITS-90, deg C]
# name 14 = flag:  0.000e+00
# span 0 =     -0.644,      5.217       
# span 1 =     -0.424,      0.170       
# span 2 =     0.1139,     8.5066       
# span 3 =      1.259,     98.850       
# span 4 =      1.254,     73.733       
# span 5 =   1.236249,  60.953297       
# span 6 =    -0.7431,    21.3465       
# span 7 =      7.060,      7.449       
# span 8 =    56.0954,   222.8686       
# span 9 = 1.2353e-01, 2.1982e+03       
# span 10 =    -0.3089,   442.6286      
# span 11 =     -0.633,      5.117      
# span 12 =     -0.917,      7.421      
# span 13 =    11.9980,    28.4735      
# span 14 = 0.0000e+00, 0.0000e+00      
# interval = seconds: 0.25
# start_time = Jul 15 2024 11:35:30 [Instrument's time stamp, header]
# bad_flag = -9.990e-29
*END*
     -0.639 3.2960e-16     7.6743     91.876      1.310   1.292742    -0.2340      7.247   138.7019 1.8770e+03    -0.1887     -0.626     -0.908    24.3431 0.0000e+00
     -0.638 3.6261e-15     7.6659     91.876      1.254   1.236249    -0.2540      7.243   135.9096 1.9190e+03    -0.2758     -0.626     -0.908    24.3429 0.0000e+00
     -0.638 3.9887e-14     7.6727     91.821      1.354   1.335119    -0.2569      7.241   135.5679 1.6025e+03    -0.3089     -0.626     -0.908    24.3427 0.0000e+00
     -0.638 4.3875e-13     7.6821     91.745      1.431   1.411393    -0.2594      7.238   144.7227 8.9680e+02    -0.0088     -0.626     -0.908    24.3420 0.0000e+00
     -0.638 4.8263e-12     7.6854     91.666      1.481   1.461731    -0.2854      7.230   156.9469 4.6425e+02     0.5859     -0.626     -0.908    24.3410 0.0000e+00
     -0.638 5.3089e-11     7.6874     91.582      1.585   1.563706    -0.3124      7.222   161.1935 4.6618e+02     0.9373     -0.626     -0.908    24.3396 0.0000e+00
     -0.638 5.8398e-10     7.6805     91.512      1.652   1.630904    -0.3121      7.218   157.5225 8.7786e+02     0.9953     -0.626     -0.908    24.3387 0.0000e+00
     -0.638 6.4238e-09     7.6738     91.473      1.662   1.640799    -0.2901      7.216   146.3752 1.3833e+03     1.1164     -0.626     -0.908    24.3380 0.0000e+00
     -0.638 7.0662e-08     7.6682     91.469      1.706   1.683353    -0.2626      7.211   139.1233 1.2243e+03     1.3762     -0.626     -0.907    24.3375 0.0000e+00
     -0.638 7.7728e-07     7.6599     91.486      1.789   1.765373    -0.2455      7.201   147.9642 1.0154e+03     1.5411     -0.626     -0.907    24.3363 0.0000e+00
     -0.638      0.000     7.6539     91.472      1.769   1.745710    -0.2331      7.195   161.4659 1.4469e+03     1.7087     -0.626     -0.907    24.3368 0.0000e+00
     -0.638      0.000     7.6503     91.357      1.721   1.698970    -0.1300      7.193   169.2687 1.8093e+03     3.0959     -0.626     -0.907    24.3353 0.0000e+00
     -0.638      0.001     7.6504     91.218      2.111   2.087039     0.0531      7.192   169.6041 1.8218e+03     5.4696     -0.626     -0.907    24.3370 0.0000e+00
     -0.638      0.006     7.6533     91.230      6.739   6.691175     0.1495      7.177   126.1155 1.8016e+03     6.7031     -0.626     -0.907    24.3334 0.0000e+00
     -0.638      0.020     7.6550     91.330     16.224  16.240101     0.1869      7.162    56.0954 1.8150e+03     6.9418     -0.627     -0.908    24.3390 0.0000e+00
     -0.638      0.042     7.6461     91.367     27.068  27.489741     0.4626      7.183    72.3129 1.8387e+03     8.1511     -0.625     -0.906    24.3299 0.0000e+00
     -0.635      0.067     7.6206     91.346     37.258  38.340931     0.9526      7.222   161.2206 1.8698e+03    10.2565     -0.627     -0.910    24.3441 0.0000e+00
     -0.617      0.092     7.6308     91.311     42.211  43.845484     1.2183      7.246   213.8923 1.9101e+03    11.3897     -0.616     -0.893    24.3205 0.0000e+00
     -0.579      0.116     7.6032     91.390     42.626  44.623408     1.2365      7.253   222.8686 1.9494e+03    11.5030     -0.568     -0.825    24.6164 0.0000e+00
     -0.535      0.137     7.4759     92.005     42.682  44.954340     1.2560      7.253   222.0862 1.9750e+03    11.7622     -0.521     -0.756    25.5512 0.0000e+00
     -0.496      0.151     7.3529     92.931     42.681  45.181149     1.3035      7.249   208.3034 1.9880e+03    12.2011     -0.485     -0.704    26.4138 0.0000e+00
     -0.459      0.156     7.2826     93.371     42.648  45.334812     1.3282      7.237   177.7960 1.9977e+03    12.4367     -0.453     -0.657    26.9666 0.0000e+00
     -0.418      0.154     7.2136     93.653     42.538  45.352569     1.3219      7.222   154.8774 2.0047e+03    12.4930     -0.413     -0.598    27.3734 0.0000e+00
     -0.374      0.152     7.2210     94.303     42.323  45.205615     1.3192      7.207   149.2204 2.0075e+03    12.4727     -0.362     -0.526    27.6634 0.0000e+00
     -0.336      0.152     7.3148     95.041     42.109  45.018127     1.4365      7.190   148.8031 2.0020e+03    12.3958     -0.327     -0.474    27.9400 0.0000e+00
     -0.303      0.154     7.2887     95.597     41.949  44.863103     1.6658      7.170   148.8001 1.9711e+03    12.3139     -0.301     -0.437    28.1648 0.0000e+00
     -0.265      0.158     7.2671     95.948     41.823  44.727748     1.7950      7.151   150.1299 1.9311e+03    12.2686     -0.259     -0.376    28.3243 0.0000e+00
     -0.225      0.163     7.3291     96.149     41.761  44.651085     1.7999      7.134   164.1074 1.9055e+03    12.2591     -0.219     -0.317    28.4146 0.0000e+00
     -0.185      0.167     7.3841     96.330     41.760  44.634405     1.7841      7.122   177.1266 1.7802e+03    12.1977     -0.185     -0.269    28.4573 0.0000e+00
     -0.138      0.168     7.4259     96.624     41.855  44.716473     1.7867      7.112   165.0630 1.2724e+03    12.1074     -0.138     -0.200    28.4735 0.0000e+00
     -0.087      0.168     7.4512     96.944     42.031  44.881611     1.7984      7.103   151.1777 5.5259e+02    12.0557     -0.083     -0.121    28.4702 0.0000e+00
     -0.042      0.169     7.4673     97.238     42.156  44.980641     1.8086      7.096   149.3135 1.8609e+02    12.0504     -0.036     -0.052    28.4553 0.0000e+00
     -0.007      0.170     7.4745     97.591     42.200  44.961636     1.9103      7.090   148.8895 1.4118e+02    12.1469     -0.008     -0.011    28.4363 0.0000e+00
      0.031      0.168     7.5079     98.043     42.183  44.842152     2.0875      7.085   148.8904 1.3377e+02    12.3678      0.026      0.037    28.4128 0.0000e+00
      0.076      0.164     7.5386     98.634     42.138  44.678382     2.1867      7.083   148.9802 1.2968e+02    12.5343      0.074      0.107    28.3873 0.0000e+00
      0.123      0.159     7.5583     98.850     42.141  44.568242     2.2192      7.080   149.4584 1.2881e+02    12.5555      0.119      0.174    28.3576 0.0000e+00
      0.168      0.154     7.5995     97.475     42.194  44.525891     2.3303      7.076   150.4571 1.3126e+02    12.5898      0.167      0.242    28.2837 0.0000e+00
      0.209      0.148     7.6468     94.191     42.230  44.483551     2.5067      7.071   151.5916 1.3366e+02    12.6753      0.208      0.302    28.1500 0.0000e+00
      0.242      0.141     7.7174     89.989     42.247  44.437040     2.5878      7.068   152.5059 1.3640e+02    12.7020      0.240      0.348    28.0045 0.0000e+00
      0.268      0.130     7.8078     85.716     42.267  44.407758     2.5953      7.067   152.6500 1.4365e+02    12.7074      0.262      0.379    27.8672 0.0000e+00
      0.299      0.114     7.7290     81.683     42.279  44.383333     2.5964      7.067   152.1293 1.5297e+02    12.6374      0.288      0.417    27.7490 0.0000e+00
      0.338      0.089     7.4357     78.151     42.319  44.395558     2.5756      7.066   151.6303 1.5900e+02    12.4712      0.333      0.483    27.6548 0.0000e+00
      0.373      0.060     7.0939     75.576     42.375  44.428571     2.5610      7.064   151.6068 1.6511e+02    12.4053      0.372      0.541    27.5778 0.0000e+00
      0.390      0.032     6.7597     74.386     42.371  44.401596     2.5526      7.064   152.1907 1.6717e+02    12.4219      0.390      0.565    27.5206 0.0000e+00
      0.385      0.008     6.4407     74.531     42.310  44.323275     2.5411      7.063   153.0111 1.5845e+02    12.4325      0.383      0.555    27.4780 0.0000e+00
      0.365     -0.008     6.1515     75.383     42.240  44.243289     2.5129      7.061   153.6971 1.4536e+02    12.3964      0.357      0.517    27.4465 0.0000e+00
      0.346     -0.013     5.9341     76.103     42.198  44.196183     2.4695      7.060   154.2894 1.3511e+02    12.3274      0.334      0.483    27.4164 0.0000e+00
      0.341     -0.007     5.8456     76.286     42.202  44.198036     2.4417      7.060   154.7509 1.3182e+02    12.2816      0.330      0.479    27.3861 0.0000e+00
      0.347      0.006     5.8767     76.041     42.208  44.202217     2.4351      7.061   154.9763 1.3331e+02    12.2181      0.340      0.493    27.3688 0.0000e+00
      0.358      0.018     5.9749     75.492     42.192  44.183259     2.4887      7.062   155.2082 1.3347e+02    12.2434      0.351      0.509    27.3632 0.0000e+00
      0.369      0.025     6.0440     74.623     42.171  44.159232     2.5822      7.064   155.5757 1.3347e+02    12.3481      0.362      0.527    27.3608 0.0000e+00
      0.376      0.024     6.0488     73.375     42.178  44.165609     2.6247      7.067   155.8924 1.3344e+02    12.3915      0.370      0.538    27.3587 0.0000e+00
      0.381      0.019     6.0275     71.833     42.208  44.196875     2.6208      7.070   156.1114 1.3235e+02    12.3582      0.374      0.542    27.3552 0.0000e+00
      0.385      0.013     5.9849     70.268     42.228  44.219895     2.5935      7.073   156.2449 1.3044e+02    12.2518      0.377      0.547    27.3523 0.0000e+00
      0.387      0.008     5.9195     68.925     42.253  44.253523     2.5692      7.076   156.3012 1.2577e+02    12.2329      0.379      0.550    27.3501 0.0000e+00
      0.387      0.005     5.8198     67.892     42.277  44.286111     2.5760      7.079   156.4484 1.2012e+02    12.3345      0.381      0.552    27.3475 0.0000e+00
      0.386      0.003     5.6875     67.144     42.281  44.296550     2.5839      7.082   156.6488 1.1547e+02    12.3875      0.379      0.550    27.3471 0.0000e+00
      0.386      0.002     5.5559     66.612     42.295  44.316275     2.5731      7.085   156.7444 1.1191e+02    12.3271      0.378      0.548    27.3510 0.0000e+00
      0.388      0.002     5.4471     66.345     42.312  44.334182     2.5542      7.087   156.7444 1.0936e+02    12.2188      0.382      0.552    27.3601 0.0000e+00
      0.390      0.003     5.3647     66.502     42.304  44.322643     2.5477      7.088   156.7346 1.0788e+02    12.2053      0.383      0.555    27.3702 0.0000e+00
      0.390      0.005     5.3084     67.101     42.290  44.303697     2.5600      7.089   156.7979 1.0770e+02    12.2659      0.382      0.554    27.3782 0.0000e+00
      0.390      0.007     5.2652     68.002     42.288  44.295529     2.5701      7.089   156.9080 1.0843e+02    12.3031      0.382      0.553    27.3847 0.0000e+00
      0.392      0.007     5.2356     69.039     42.285  44.287352     2.5617      7.091   157.1192 1.0946e+02    12.2784      0.383      0.556    27.3862 0.0000e+00
      0.395      0.007     5.2493     70.094     42.271  44.268291     2.5422      7.093   157.2863 1.1045e+02    12.2073      0.388      0.563    27.3805 0.0000e+00
      0.399      0.006     5.3022     71.111     42.264  44.255481     2.5328      7.093   157.2078 1.1136e+02    12.1953      0.393      0.568    27.3732 0.0000e+00
      0.401      0.005     5.3789     72.031     42.273  44.259416     2.5308      7.094   157.1165 1.1141e+02    12.3035      0.395      0.571    27.3671 0.0000e+00
      0.401      0.003     5.4652     72.701     42.272  44.252383     2.5192      7.095   157.0434 1.1031e+02    12.4571      0.394      0.572    27.3618 0.0000e+00
      0.400      0.000     5.5499     72.974     42.261  44.233914     2.5082      7.096   156.9255 1.0856e+02    12.4803      0.392      0.569    27.3565 0.0000e+00
      0.400     -0.003     5.6320     72.871     42.260  44.226517     2.4986      7.098   156.8094 1.0666e+02    12.4141      0.392      0.568    27.3502 0.0000e+00
      0.400     -0.005     5.7100     72.559     42.265  44.226412     2.4947      7.101   156.6726 1.0492e+02    12.4418      0.392      0.568    27.3433 0.0000e+00
      0.399     -0.007     5.7702     72.230     42.275  44.232637     2.5022      7.102   156.7337 1.0307e+02    12.4733      0.392      0.568    27.3353 0.0000e+00
      0.397     -0.007     5.7910     71.988     42.284  44.238297     2.5066      7.103   157.0314 1.0129e+02    12.3849      0.390      0.565    27.3275 0.0000e+00
      0.392     -0.006     5.7785     71.783     42.281  44.231377     2.5051      7.105   157.4335 1.0025e+02    12.2609      0.385      0.558    27.3207 0.0000e+00
      0.388     -0.005     5.7484     71.479     42.266  44.212441     2.4930      7.106   157.8104 1.0032e+02    12.2045      0.380      0.550    27.3140 0.0000e+00
      0.388     -0.004     5.7195     71.028     42.257  44.199756     2.4767      7.108   157.9749 1.0093e+02    12.2499      0.381      0.551    27.3085 0.0000e+00
      0.390     -0.001     5.7021     70.534     42.263  44.204951     2.4672      7.110   158.0449 1.0148e+02    12.3307      0.383      0.556    27.3045 0.0000e+00
      0.390      0.001     5.6921     70.162     42.271  44.211766     2.4610      7.111   158.0542 1.0209e+02    12.3618      0.383      0.555    27.3007 0.0000e+00
      0.390      0.001     5.6702     69.986     42.278  44.218685     2.4507      7.111   157.8295 1.0233e+02    12.3192      0.383      0.555    27.2957 0.0000e+00
      0.391      0.000     5.6308     69.878     42.285  44.225137     2.4349      7.112   157.4780 1.0213e+02    12.2928      0.384      0.556    27.2919 0.0000e+00
      0.391     -0.001     5.5870     69.671     42.287  44.226299     2.4284      7.113   157.2467 1.0163e+02    12.3853      0.383      0.556    27.2903 0.0000e+00
      0.391     -0.002     5.5532     69.353     42.295  44.232733     2.4380      7.114   157.1836 1.0035e+02    12.4810      0.383      0.555    27.2892 0.0000e+00
      0.391     -0.004     5.5455     69.086     42.303  44.239444     2.4515      7.117   157.2316 9.8554e+01    12.4928      0.383      0.556    27.2882 0.0000e+00
      0.390     -0.006     5.5428     69.019     42.308  44.243971     2.4582      7.120   157.3971 9.6981e+01    12.4257      0.382      0.554    27.2873 0.0000e+00
      0.387     -0.009     5.5268     69.117     42.291  44.223995     2.4690      7.122   157.4639 9.5882e+01    12.2842      0.379      0.550    27.2859 0.0000e+00
      0.385     -0.013     5.4961     69.291     42.258  44.188332     2.4903      7.123   157.2647 9.5067e+01    12.2170      0.377      0.547    27.2845 0.0000e+00
      0.382     -0.014     5.4687     69.555     42.264  44.193619     2.5071      7.125   157.2257 9.4234e+01    12.2627      0.376      0.545    27.2835 0.0000e+00
      0.377     -0.011     5.4666     69.931     42.294  44.224446     2.5150      7.127   157.4225 9.3737e+01    12.2899      0.371      0.539    27.2818 0.0000e+00
      0.370     -0.004     5.4782     70.271     42.314  44.243686     2.5105      7.127   157.4933 9.3575e+01    12.2386      0.362      0.525    27.2793 0.0000e+00
      0.365      0.005     5.4912     70.335     42.309  44.235816     2.4946      7.127   157.5660 9.3703e+01    12.1894      0.355      0.516    27.2767 0.0000e+00
      0.366      0.016     5.5093     70.037     42.273  44.192765     2.4897      7.127   157.6995 9.4521e+01    12.2414      0.357      0.518    27.2761 0.0000e+00
      0.375      0.026     5.5442     69.490     42.194  44.103992     2.4847      7.128   157.8168 9.5431e+01    12.2858      0.367      0.532    27.2760 0.0000e+00
      0.388      0.032     5.5800     68.840     42.088  43.987628     2.4504      7.129   157.8654 9.5838e+01    12.3163      0.380      0.551    27.2751 0.0000e+00
      0.401      0.031     5.5883     68.165     42.033  43.928355     2.3990      7.129   157.6847 9.5532e+01    12.4057      0.393      0.570    27.2718 0.0000e+00
      0.412      0.025     5.5602     67.531     42.063  43.958599     2.3715      7.129   157.4385 9.4187e+01    12.4099      0.406      0.589    27.2652 0.0000e+00
      0.420      0.017     5.5131     67.053     42.138  44.035929     2.3756      7.130   157.3840 9.1887e+01    12.3679      0.415      0.602    27.2570 0.0000e+00
      0.421      0.012     5.4610     66.855     42.144  44.038182     2.3824      7.131   157.5422 8.9252e+01    12.4092      0.415      0.603    27.2489 0.0000e+00
