Data/DataNotYetUploadedToEDI/Raw_CTD/RawDownloads/071524_fcr50_S7809005.cnv
* Sea-Bird SBE19plus  Data File:
* FileName = C:\R\Reservoirs\Data\DataNotYetUploadedToEDI\Raw_CTD\RawDownloads\071524_fcr50_S7809_0005.hex
* Software version 2.8.0.119
* Temperature SN = 7809
* Conductivity SN = 7809
* System UpLoad Time = Jul 15 2024 16:23:55
* <ApplicationData>
* <Seaterm232>
# nquan = 15
# nvalues = 1163                        
# units = specified
# name 0 = depFM: Depth [fresh water, m]
# name 1 = dz/dtM: Descent Rate [m/s]
# name 2 = sbeox0Mg/L: Oxygen, SBE 43 [mg/l]
# name 3 = sbeox0PS: Oxygen, SBE 43 [% saturation]
# name 4 = specc: Specific Conductance [uS/cm]
# name 5 = c0uS/cm: Conductivity [uS/cm]
# name 6 = flECO-AFL: Fluorescence, WET Labs ECO-AFL/FL [mg/m^3]
# name 7 = ph: pH
# name 8 = orp: Oxidation Reduction Potential [mV]
# name 9 = par/sat/log: PAR/Logarithmic, Satlantic
# name 10 = turbWETntu0: Turbidity, WET Labs ECO [NTU]
# name 11 = prdM: Pressure, Strain Gauge [db]
# name 12 = prdE: Pressure, Strain Gauge [psi]
# name 13 = tv290C: Temperature [ITS-90, deg C]
# name 14 = flag:  0.000e+00
# span 0 =     -0.638,      6.229       
# span 1 =     -0.306,      0.137       
# span 2 =     0.1183,     8.6258       
# span 3 =      1.201,     95.070       
# span 4 =      3.125,     66.115       
# span 5 =   2.942147,  56.525892       
# span 6 =    -0.3622,    20.6490       
# span 7 =      7.026,      7.473       
# span 8 =   131.8651,   227.2181       
# span 9 = 1.2354e-01, 2.2518e+03       
# span 10 =    -0.3323,   298.4168      
# span 11 =     -0.627,      6.110      
# span 12 =     -0.910,      8.862      
# span 13 =    11.9053,    27.9110      
# span 14 = 0.0000e+00, 0.0000e+00      
# interval = seconds: 0.25
# start_time = Jul 15 2024 11:43:08 [Instrument's time stamp, header]
# bad_flag = -9.990e-29
*END*
[from data line 772]
      4.929      0.038     8.1764     76.734     53.776  39.871886     0.4086      7.330   189.9746 3.6874e-01    26.8483      4.834      7.010    12.0974 0.0000e+00
      4.940      0.038     8.2039     76.891     53.787  39.876293     0.4213      7.329   190.3667 3.6739e-01    26.7155      4.844      7.026    12.0960 0.0000e+00
      4.950      0.038     8.2188     77.072     53.777  39.863012     0.4149      7.329   190.6241 3.6404e-01    26.5763      4.854      7.041    12.0865 0.0000e+00
      4.959      0.039     8.2377     77.281     53.754  39.838217     0.3974      7.329   190.6769 3.6278e-01    26.5662      4.863      7.053    12.0742 0.0000e+00
      4.967      0.041     8.2563     77.501     53.756  39.830354     0.3933      7.328   190.9191 3.5316e-01    26.5931      4.870      7.063    12.0684 0.0000e+00
      4.977      0.042     8.2710     77.716     53.768  39.831393     0.3818      7.327   191.2296 3.3452e-01    26.4918      4.879      7.076    12.0667 0.0000e+00
      4.989      0.043     8.2925     77.929     53.798  39.850767     0.3502      7.326   191.5050 3.2002e-01    26.2977      4.892      7.096    12.0610 0.0000e+00
      5.003      0.043     8.3163     78.154     53.828  39.874205     0.3348      7.324   191.8402 3.0377e-01    26.1923      4.906      7.116    12.0542 0.0000e+00
      5.014      0.043     8.3435     78.390     53.813  39.860925     0.3369      7.323   192.0992 2.8153e-01    26.2092      4.918      7.133    12.0446 0.0000e+00
      5.023      0.044     8.3678     78.626     53.763  39.817131     0.3589      7.323   192.3129 2.6103e-01    26.3987      4.927      7.146    12.0337 0.0000e+00
      5.033      0.047     8.3903     78.822     53.738  39.788938     0.3930      7.322   192.6178 2.5385e-01    26.6734      4.934      7.157    12.0338 0.0000e+00
      5.043      0.050     8.4139     78.932     53.733  39.773893     0.4003      7.322   192.8599 2.4547e-01    26.7636      4.944      7.170    12.0369 0.0000e+00
      5.056      0.050     8.4396     78.964     53.729  39.762130     0.3889      7.321   193.0035 2.2292e-01    26.7382      4.957      7.189    12.0354 0.0000e+00
      5.074      0.048     8.4680     78.962     53.751  39.773639     0.3883      7.320   193.1488 2.1295e-01    26.7082      4.974      7.213    12.0289 0.0000e+00
      5.093      0.043     8.4937     78.957     53.766  39.786111     0.4018      7.319   193.3261 2.0629e-01    26.6737      4.996      7.245    12.0186 0.0000e+00
      5.106      0.039     8.5071     78.972     53.761  39.785996     0.4105      7.320   193.5129 1.9311e-01    26.6281      5.012      7.268    12.0074 0.0000e+00
      5.109      0.038     8.5099     79.014     53.741  39.772263     0.4100      7.320   193.6860 1.9620e-01    26.5333      5.012      7.269    11.9976 0.0000e+00
      5.109      0.039     8.5099     79.067     53.711  39.746991     0.4053      7.319   193.9568 2.0606e-01    26.4842      5.007      7.262    11.9935 0.0000e+00
      5.114      0.041     8.5078     79.124     53.703  39.734291     0.3949      7.316   194.2063 1.9837e-01    26.5460      5.011      7.268    11.9957 0.0000e+00
      5.128      0.046     8.5079     79.181     53.726  39.745621     0.4005      7.314   194.2939 1.7632e-01    26.6311      5.027      7.292    12.0008 0.0000e+00
      5.148      0.049     8.5136     79.240     53.744  39.757047     0.4225      7.314   194.3276 1.6791e-01    26.6258      5.049      7.323    12.0034 0.0000e+00
      5.167      0.047     8.5195     79.291     53.729  39.745508     0.4202      7.313   194.4418 1.8148e-01    26.5503      5.070      7.354    11.9994 0.0000e+00
      5.181      0.040     8.5279     79.310     53.710  39.733033     0.3967      7.311   194.6425 1.8917e-01    26.5034      5.084      7.373    11.9914 0.0000e+00
      5.188      0.030     8.5349     79.295     53.708  39.733147     0.3803      7.309   194.8606 1.7477e-01    26.5371      5.090      7.381    11.9853 0.0000e+00
      5.192      0.019     8.5414     79.271     53.724  39.746890     0.3799      7.309   195.1865 1.6463e-01    26.6170      5.092      7.385    11.9836 0.0000e+00
      5.193      0.011     8.5487     79.256     53.758  39.772275     0.3994      7.308   195.4851 1.6635e-01    26.6155      5.092      7.386    11.9843 0.0000e+00
      5.193      0.009     8.5504     79.251     53.774  39.786215     0.4087      7.307   195.5452 1.6155e-01    26.5868      5.092      7.386    11.9853 0.0000e+00
      5.193      0.009     8.5469     79.246     53.773  39.788514     0.4095      7.306   195.4837 1.5058e-01    26.6793      5.092      7.386    11.9879 0.0000e+00
      5.194      0.012     8.5434     79.243     53.784  39.800072     0.4178      7.306   195.4294 1.4108e-01    26.8120      5.092      7.386    11.9892 0.0000e+00
      5.198      0.017     8.5420     79.261     53.779  39.799032     0.4093      7.306   195.4912 1.3355e-01    26.8585      5.096      7.391    11.9890 0.0000e+00
      5.204      0.022     8.5412     79.306     53.747  39.775956     0.3973      7.305   195.7149 1.2748e-01    26.7637      5.103      7.401    11.9910 0.0000e+00
      5.211      0.027     8.5410     79.358     53.748  39.774907     0.3974      7.303   195.8969 1.3139e-01    26.5880      5.111      7.412    11.9938 0.0000e+00
      5.217      0.032     8.5380     79.377     53.771  39.786352     0.4021      7.303   196.0560 1.3880e-01    26.5445      5.117      7.420    11.9968 0.0000e+00
      5.225      0.036     8.5399     79.365     53.781  39.787392     0.4043      7.303   196.3481 1.3422e-01    26.6132      5.124      7.431    12.0000 0.0000e+00
      5.235      0.040     8.5442     79.369     53.786  39.787477     0.4076      7.302   196.5897 1.2729e-01    26.6328      5.134      7.447    12.0018 0.0000e+00
      5.246      0.042     8.5532     79.388     53.786  39.787383     0.4164      7.302   196.7411 1.2753e-01    26.5773      5.144      7.461    11.9997 0.0000e+00
      5.258      0.043     8.5568     79.394     53.782  39.786254     0.4118      7.301   196.9739 1.2783e-01    26.4888      5.156      7.479    11.9930 0.0000e+00
      5.272      0.043     8.5527     79.389     53.762  39.773822     0.4019      7.301   197.2524 1.2564e-01    26.4847      5.171      7.500    11.9866 0.0000e+00
      5.284      0.041     8.5550     79.398     53.745  39.763999     0.3963      7.301   197.4415 1.2596e-01    26.5280      5.182      7.516    11.9829 0.0000e+00
      5.294      0.037     8.5586     79.424     53.782  39.794420     0.3943      7.300   197.6264 1.2814e-01    26.5682      5.192      7.531    11.9831 0.0000e+00
      5.303      0.033     8.5583     79.450     53.819  39.824316     0.4025      7.297   197.8525 1.2714e-01    26.5953      5.201      7.543    11.9863 0.0000e+00
      5.310      0.028     8.5563     79.464     53.794  39.808151     0.4035      7.295   198.1101 1.2492e-01    26.5139      5.208      7.553    11.9871 0.0000e+00
      5.316      0.024     8.5565     79.475     53.765  39.789372     0.3983      7.294   198.3320 1.2397e-01    26.4720      5.213      7.560    11.9901 0.0000e+00
      5.322      0.020     8.5593     79.490     53.762  39.787657     0.4060      7.293   198.4711 1.2371e-01    26.5666      5.219      7.569    11.9940 0.0000e+00
      5.327      0.016     8.5630     79.506     53.762  39.787412     0.4215      7.291   198.6740 1.2372e-01    26.6338      5.225      7.578    11.9949 0.0000e+00
      5.330      0.014     8.5630     79.509     53.759  39.786409     0.4196      7.289   198.8060 1.2371e-01    26.6012      5.228      7.582    11.9977 0.0000e+00
      5.332      0.012     8.5633     79.477     53.741  39.775536     0.3997      7.289   198.8622 1.2367e-01    26.5483      5.229      7.584    12.0009 0.0000e+00
      5.334      0.012     8.5652     79.401     53.749  39.782879     0.3980      7.289   199.0097 1.2367e-01    26.5739      5.230      7.586    12.0004 0.0000e+00
      5.336      0.012     8.5677     79.320     53.786  39.811725     0.4159      7.288   199.1270 1.2367e-01    26.6375      5.232      7.589    11.9999 0.0000e+00
      5.339      0.014     8.5682     79.272     53.781  39.806994     0.4235      7.287   199.2470 1.2364e-01    26.6343      5.236      7.594    12.0018 0.0000e+00
      5.343      0.016     8.5658     79.246     53.761  39.789144     0.4155      7.287   199.4286 1.2361e-01    26.6042      5.241      7.601    12.0037 0.0000e+00
      5.348      0.016     8.5548     79.222     53.764  39.786283     0.3850      7.286   199.5165 1.2356e-01    26.6497      5.244      7.606    12.0052 0.0000e+00
      5.354      0.017     8.5436     79.203     53.749  39.772403     0.3559      7.284   199.5345 1.2354e-01    26.7735      5.249      7.613    12.0068 0.0000e+00
      5.359      0.019     8.5401     79.216     53.719  39.748245     0.3623      7.284   199.6464 1.2364e-01    26.8719      5.256      7.624    12.0067 0.0000e+00
      5.362      0.023     8.5383     79.250     53.721  39.748035     0.3699      7.284   199.8368 1.2376e-01    26.8823      5.259      7.628    12.0031 0.0000e+00
      5.366      0.028     8.5374     79.269     53.756  39.769864     0.3657      7.284   199.9442 1.2374e-01    26.8306      5.259      7.629    11.9980 0.0000e+00
      5.372      0.038     8.5338     79.277     53.747  39.758316     0.3779      7.283   200.0839 1.2364e-01    26.7591      5.266      7.639    11.9937 0.0000e+00
      5.382      0.050     8.5358     79.258     53.722  39.735333     0.4013      7.281   200.4075 1.2362e-01    26.7706      5.279      7.655    11.9935 0.0000e+00
      5.394      0.059     8.5427     79.213     53.743  39.745833     0.4153      7.281   200.7605 1.2369e-01    26.8323      5.289      7.669    11.9934 0.0000e+00
      5.412      0.061     8.5434     79.191     53.764  39.758335     0.4142      7.280   200.9959 1.2373e-01    26.8227      5.302      7.690    11.9882 0.0000e+00
      5.439      0.057     8.5463     79.205     53.767  39.759568     0.4042      7.279   201.1029 1.2370e-01    26.7558      5.334      7.738    11.9843 0.0000e+00
      5.463      0.050     8.5468     79.234     53.763  39.760728     0.3951      7.278   201.1933 1.2367e-01    26.7071      5.365      7.782    11.9798 0.0000e+00
      5.472      0.040     8.5384     79.274     53.767  39.772369     0.4035      7.278   201.3139 1.2367e-01    26.7465      5.370      7.789    11.9739 0.0000e+00
      5.471      0.030     8.5373     79.330     53.757  39.773399     0.4233      7.277   201.4436 1.2369e-01    26.8225      5.362      7.778    11.9709 0.0000e+00
      5.472      0.022     8.5404     79.401     53.755  39.773199     0.4174      7.277   201.5569 1.2368e-01    26.8055      5.364      7.780    11.9704 0.0000e+00
      5.477      0.018     8.5423     79.453     53.757  39.769948     0.3819      7.277   201.5650 1.2366e-01    26.6788      5.370      7.790    11.9730 0.0000e+00
      5.483      0.021     8.5453     79.463     53.717  39.734083     0.3515      7.276   201.5424 1.2369e-01    26.5543      5.376      7.798    11.9824 0.0000e+00
      5.489      0.026     8.5481     79.451     53.704  39.720333     0.3578      7.274   201.7136 1.2372e-01    26.5292      5.383      7.808    11.9936 0.0000e+00
      5.495      0.030     8.5576     79.431     53.722  39.730621     0.4001      7.273   202.0856 1.2378e-01    26.6146      5.389      7.816    11.9945 0.0000e+00
      5.503      0.036     8.5664     79.397     53.727  39.731547     0.4223      7.273   202.4274 1.2380e-01    26.6988      5.396      7.827    11.9876 0.0000e+00
      5.513      0.049     8.5663     79.353     53.730  39.731528     0.4016      7.272   202.6619 1.2373e-01    26.6933      5.408      7.843    11.9813 0.0000e+00
      5.522      0.064     8.5659     79.317     53.730  39.730383     0.3910      7.271   202.8564 1.2368e-01    26.6848      5.417      7.857    11.9771 0.0000e+00
      5.531      0.077     8.5643     79.280     53.715  39.717702     0.4016      7.270   202.9721 1.2368e-01    26.7322      5.419      7.859    11.9744 0.0000e+00
      5.555      0.083     8.5619     79.243     53.700  39.705122     0.4141      7.270   203.0278 1.2367e-01    26.7883      5.439      7.889    11.9721 0.0000e+00
      5.595      0.085     8.5553     79.236     53.701  39.705217     0.4176      7.269   203.1003 1.2366e-01    26.7821      5.490      7.963    11.9708 0.0000e+00
      5.629      0.086     8.5525     79.233     53.719  39.718843     0.4021      7.268   203.1606 1.2367e-01    26.7260      5.529      8.019    11.9696 0.0000e+00
      5.644      0.085     8.5504     79.222     53.752  39.742952     0.3760      7.267   203.2397 1.2363e-01    26.7242      5.537      8.031    11.9672 0.0000e+00
      5.652      0.078     8.5425     79.211     53.753  39.742856     0.3601      7.267   203.3693 1.2360e-01    26.7947      5.540      8.035    11.9660 0.0000e+00
      5.667      0.069     8.5453     79.202     53.718  39.717679     0.3676      7.267   203.4363 1.2369e-01    26.8621      5.554      8.054    11.9661 0.0000e+00
      5.691      0.062     8.5445     79.189     53.680  39.692399     0.3668      7.267   203.4481 1.2381e-01    26.8559      5.582      8.095    11.9663 0.0000e+00
      5.714      0.058     8.5428     79.179     53.675  39.691055     0.3423      7.265   203.5112 1.2382e-01    26.7869      5.607      8.131    11.9660 0.0000e+00
      5.730      0.054     8.5423     79.188     53.689  39.701431     0.3293      7.264   203.5980 1.2372e-01    26.6776      5.620      8.151    11.9652 0.0000e+00
      5.740      0.049     8.5407     79.186     53.676  39.690921     0.3352      7.263   203.7226 1.2362e-01    26.5928      5.631      8.168    11.9652 0.0000e+00
      5.747      0.045     8.5403     79.175     53.678  39.690910     0.3463      7.263   203.8992 1.2362e-01    26.6162      5.636      8.174    11.9675 0.0000e+00
      5.752      0.043     8.5350     79.170     53.695  39.701294     0.3554      7.262   204.0132 1.2366e-01    26.6182      5.637      8.176    11.9713 0.0000e+00
      5.762      0.046     8.5399     79.165     53.681  39.689547     0.3620      7.260   204.0676 1.2371e-01    26.5822      5.647      8.191    11.9716 0.0000e+00
      5.777      0.051     8.5388     79.154     53.664  39.675805     0.3760      7.260   204.2130 1.2369e-01    26.6258      5.665      8.218    11.9699 0.0000e+00
      5.793      0.055     8.5366     79.119     53.648  39.662063     0.4005      7.260   204.4813 1.2364e-01    26.7350      5.682      8.241    11.9689 0.0000e+00
      5.808      0.055     8.5382     79.069     53.634  39.650317     0.4247      7.260   204.7298 1.2370e-01    26.8445      5.696      8.260    11.9666 0.0000e+00
      5.823      0.050     8.5364     79.034     53.650  39.660702     0.4109      7.259   204.8946 1.2369e-01    26.8569      5.711      8.283    11.9646 0.0000e+00
      5.838      0.043     8.5378     79.014     53.650  39.660700     0.3663      7.258   205.0109 1.2360e-01    26.7826      5.727      8.307    11.9644 0.0000e+00
      5.849      0.034     8.5332     79.004     53.635  39.650296     0.3429      7.257   205.1038 1.2361e-01    26.7310      5.738      8.322    11.9629 0.0000e+00
      5.855      0.026     8.5267     79.005     53.650  39.661835     0.3529      7.256   205.2434 1.2366e-01    26.7447      5.742      8.327    11.9608 0.0000e+00
      5.859      0.019     8.5235     79.006     53.665  39.673288     0.3875      7.255   205.4085 1.2363e-01    26.7095      5.745      8.333    11.9598 0.0000e+00
      5.861      0.013     8.5220     79.001     53.649  39.661844     0.4116      7.253   205.5514 1.2358e-01    26.5795      5.748      8.337    11.9595 0.0000e+00
