Data/DataNotYetUploadedToEDI/Raw_CTD/RawDownloads/071524_fcr20_S7809002.cnv
* Sea-Bird SBE19plus  Data File:
* FileName = C:\R\Reservoirs\Data\DataNotYetUploadedToEDI\Raw_CTD\RawDownloads\071524_fcr50_S7809_0002.hex
* Software version 2.8.0.119
* Temperature SN = 7809
* Conductivity SN = 7809
* System UpLoad Time = Jul 15 2024 16:22:23
* <ApplicationData>
* <Seaterm232>
# nquan = 15
# nvalues = 694                         
# units = specified
# name 0 = depFM: Depth [fresh water, m]
# name 1 = dz/dtM: Descent Rate [m/s]
# name 2 = sbeox0Mg/L: Oxygen, SBE 43 [mg/l]
# name 3 = sbeox0PS: Oxygen, SBE 43 [% saturation]
# name 4 = specc: Specific Conductance [uS/cm]
# name 5 = c0uS/cm: Conductivity [uS/cm]
# name 6 = flECO-AFL: Fluorescence, WET Labs ECO-AFL/FL [mg/m^3]
# name 7 = ph: pH
# name 8 = orp: Oxidation Reduction Potential [mV]
# name 9 = par/sat/log: PAR/Logarithmic, Satlantic
# name 10 = turbWETntu0: Turbidity, WET Labs ECO [NTU]
# name 11 = prdM: Pressure, Strain Gauge [db]
# name 12 = prdE: Pressure, Strain Gauge [psi]
# name 13 = tv290C: Temperature [ITS-90, deg C]
# name 14 = flag:  0.000e+00
# span 0 =     -0.650,      2.314       
# span 1 =     -0.396,      0.181       
# span 2 =     0.1100,     7.6458       
# span 3 =      1.278,     97.725       
# span 4 =      1.352,    180.034       
# span 5 =   1.500596, 164.404349       
# span 6 =    -0.3062,    13.1379       
# span 7 =      5.637,      6.834       
# span 8 = -1240.7455,   358.3034       
# span 9 = 1.5751e+00, 2.4139e+03       
# span 10 =    -0.3210,    98.5173      
# span 11 =     -0.639,      2.270      
# span 12 =     -0.927,      3.293      
# span 13 =    20.6395,    30.5083      
# span 14 = 0.0000e+00, 0.0000e+00      
# interval = seconds: 0.25
# start_time = Jul 15 2024 11:18:45 [Instrument's time stamp, header]
# bad_flag = -9.990e-29
*END*
[from data line 386]
      0.507      0.038     5.1965     68.202     42.937  44.309473     5.2315      6.619   166.6720 3.6163e+01    10.4444      0.494      0.716    26.6533 0.0000e+00
      0.523      0.035     5.2684     68.000     42.914  44.289865     5.2020      6.622   167.1613 3.5835e+01    10.4259      0.515      0.746    26.6367 0.0000e+00
      0.537      0.033     5.3733     67.281     42.895  44.281217     5.1096      6.624   167.5249 3.5479e+01    10.3946      0.531      0.770    26.6178 0.0000e+00
      0.543      0.032     5.4560     66.420     42.870  44.268408     4.9798      6.625   167.7124 3.5059e+01    10.4075      0.534      0.775    26.5985 0.0000e+00
      0.544      0.030     5.4916     65.900     42.855  44.261953     4.9139      6.626   167.8796 3.4409e+01    10.4457      0.532      0.771    26.5866 0.0000e+00
      0.549      0.027     5.4742     65.915     42.854  44.266668     4.9129      6.629   168.0844 3.3624e+01    10.4122      0.536      0.777    26.5934 0.0000e+00
      0.558      0.026     5.4034     66.360     42.849  44.261940     5.0336      6.633   168.2963 3.2889e+01    10.2761      0.547      0.793    26.6104 0.0000e+00
      0.568      0.025     5.3150     67.076     42.856  44.268269     5.2833      6.635   168.3758 3.2142e+01    10.1658      0.558      0.810    26.6250 0.0000e+00
      0.575      0.021     5.2669     67.877     42.868  44.279706     5.4351      6.638   168.4434 3.1474e+01    10.1727      0.566      0.821    26.6370 0.0000e+00
      0.580      0.011     5.2744     68.606     42.857  44.273272     5.4544      6.640   168.5980 3.0979e+01    10.2222      0.569      0.826    26.6435 0.0000e+00
      0.585      0.000     5.3127     69.190     42.823  44.253959     5.4412      6.641   168.7823 3.0536e+01    10.2179      0.574      0.833    26.6438 0.0000e+00
      0.585     -0.006     5.3761     69.605     42.786  44.236649     5.2677      6.642   169.0371 3.0191e+01    10.2232      0.579      0.839    26.6423 0.0000e+00
      0.577     -0.006     5.4468     70.029     42.788  44.254442     4.9544      6.640   169.1827 3.0059e+01    10.3193      0.569      0.824    26.6373 0.0000e+00
      0.565     -0.003     5.5044     70.719     42.808  44.278687     4.7993      6.639   169.3390 3.0007e+01    10.4236      0.550      0.797    26.6398 0.0000e+00
      0.561      0.002     5.5531     71.694     42.809  44.275898     4.7905      6.639   169.6364 2.9807e+01    10.4599      0.544      0.790    26.6622 0.0000e+00
      0.569      0.009     5.5770     72.659     42.823  44.284183     4.7570      6.642   169.7674 2.9550e+01    10.4853      0.557      0.807    26.6922 0.0000e+00
      0.580      0.019     5.5982     73.219     42.863  44.315378     4.7101      6.645   169.8036 2.9445e+01    10.5589      0.571      0.828    26.7124 0.0000e+00
      0.587      0.027     5.6535     73.209     42.901  44.335683     4.6982      6.647   169.9019 2.9423e+01    10.6327      0.577      0.838    26.7147 0.0000e+00
      0.590      0.032     5.7409     72.680     42.934  44.339236     4.7210      6.648   170.0092 2.9341e+01    10.6942      0.577      0.838    26.7075 0.0000e+00
      0.595      0.034     5.8336     71.587     42.982  44.358294     4.7776      6.650   170.1546 2.9155e+01    10.7226      0.581      0.844    26.7013 0.0000e+00
      0.605      0.035     5.8840     69.780     43.017  44.375638     4.8505      6.654   170.2831 2.8911e+01    10.6682      0.591      0.859    26.6918 0.0000e+00
      0.618      0.037     5.8802     67.380     43.009  44.358476     4.8780      6.657   170.4450 2.8583e+01    10.5833      0.605      0.879    26.6710 0.0000e+00
      0.632      0.040     5.8427     64.837     42.994  44.341203     4.8928      6.658   170.7358 2.8171e+01    10.5846      0.621      0.901    26.6314 0.0000e+00
      0.642      0.043     5.7683     62.590     43.011  44.357218     4.9793      6.658   171.0458 2.7788e+01    10.7185      0.631      0.916    26.5895 0.0000e+00
      0.648      0.045     5.6226     60.921     43.022  44.361690     5.0998      6.657   171.2673 2.7413e+01    10.8697      0.634      0.920    26.5672 0.0000e+00
      0.656      0.047     5.4138     59.917     43.002  44.331780     5.1519      6.657   171.3498 2.6986e+01    10.9091      0.640      0.929    26.5606 0.0000e+00
      0.670      0.048     5.1972     59.443     42.995  44.312948     5.1603      6.657   171.3539 2.6503e+01    10.8533      0.655      0.950    26.5607 0.0000e+00
      0.687      0.048     5.0092     59.299     43.018  44.324394     5.2593      6.658   171.4035 2.6059e+01    10.9132      0.674      0.977    26.5619 0.0000e+00
      0.703      0.046     4.8720     59.378     43.045  44.343202     5.4328      6.661   171.4335 2.5813e+01    11.1201      0.691      1.002    26.5528 0.0000e+00
      0.715      0.042     4.7982     59.592     43.055  44.349912     5.5275      6.664   171.4581 2.5710e+01    11.2029      0.703      1.019    26.5405 0.0000e+00
      0.723      0.036     4.7683     59.803     43.050  44.342046     5.5296      6.666   171.6147 2.5592e+01    11.1294      0.710      1.029    26.5282 0.0000e+00
      0.729      0.030     4.7601     59.876     43.021  44.311567     5.5087      6.668   171.8652 2.5419e+01    11.0509      0.715      1.037    26.5105 0.0000e+00
      0.735      0.028     4.7691     59.789     43.011  44.298768     5.5160      6.672   172.0776 2.5219e+01    11.1083      0.721      1.045    26.5000 0.0000e+00
      0.740      0.028     4.7906     59.641     43.028  44.314245     5.5512      6.674   172.2034 2.5058e+01    11.2765      0.725      1.053    26.4966 0.0000e+00
      0.746      0.033     4.8130     59.533     43.026  44.308270     5.5765      6.674   172.4397 2.4950e+01    11.3768      0.731      1.060    26.4945 0.0000e+00
      0.754      0.040     4.8196     59.493     43.011  44.290000     5.5806      6.674   172.9552 2.4833e+01    11.3988      0.739      1.072    26.4932 0.0000e+00
      0.764      0.048     4.8087     59.508     43.009  44.283757     5.5175      6.672   173.5327 2.4653e+01    11.4053      0.749      1.086    26.4913 0.0000e+00
      0.777      0.054     4.7939     59.603     43.026  44.296243     5.4212      6.670   173.8295 2.4414e+01    11.4889      0.761      1.103    26.4885 0.0000e+00
      0.794      0.055     4.7847     59.798     43.047  44.314017     5.3821      6.669   173.8769 2.4137e+01    11.6239      0.776      1.126    26.4852 0.0000e+00
      0.813      0.052     4.7834     60.088     43.042  44.308232     5.3766      6.671   173.9336 2.3783e+01    11.6716      0.797      1.156    26.4810 0.0000e+00
      0.831      0.047     4.7838     60.493     43.023  44.289770     5.2975      6.673   174.0846 2.3422e+01    11.6898      0.818      1.186    26.4762 0.0000e+00
      0.843      0.041     4.7905     60.979     43.012  44.281218     5.1407      6.674   174.1544 2.3174e+01    11.7419      0.830      1.204    26.4692 0.0000e+00
      0.847      0.036     4.8085     61.437     42.996  44.268313     5.0545      6.675   174.0890 2.2968e+01    11.7893      0.832      1.206    26.4635 0.0000e+00
      0.849      0.032     4.8301     61.787     42.987  44.260697     5.0453      6.676   174.1548 2.2748e+01    11.8187      0.830      1.204    26.4634 0.0000e+00
      0.856      0.030     4.8628     62.013     42.982  44.252605     5.0459      6.677   174.3472 2.2518e+01    11.6539      0.837      1.214    26.4648 0.0000e+00
      0.867      0.031     4.9064     62.180     42.970  44.233945     5.0540      6.679   174.4356 2.2288e+01    11.2985      0.849      1.234    26.4685 0.0000e+00
      0.878      0.032     4.9444     62.411     42.968  44.225499     5.0432      6.681   174.4504 2.2157e+01    11.0740      0.863      1.252    26.4756 0.0000e+00
      0.886      0.034     4.9731     62.789     42.962  44.213949     5.0404      6.682   174.4402 2.2100e+01    11.0916      0.870      1.262    26.4771 0.0000e+00
      0.893      0.034     4.9903     63.353     42.971  44.221232     5.1370      6.684   174.4841 2.2048e+01    11.3068      0.875      1.269    26.4725 0.0000e+00
      0.900      0.035     4.9990     64.040     43.001  44.250079     5.3041      6.686   174.6365 2.1996e+01    11.5588      0.883      1.279    26.4657 0.0000e+00
      0.908      0.036     5.0174     64.729     43.000  44.245364     5.3960      6.687   174.7341 2.1881e+01    11.6438      0.890      1.290    26.4558 0.0000e+00
      0.918      0.038     5.0463     65.332     42.987  44.227686     5.3992      6.689   174.8902 2.1717e+01    11.5836      0.899      1.304    26.4486 0.0000e+00
      0.929      0.039     5.0936     65.787     42.989  44.226751     5.3508      6.691   175.1480 2.1508e+01    11.4799      0.910      1.321    26.4482 0.0000e+00
      0.942      0.039     5.1542     66.098     42.998  44.234054     5.2766      6.693   175.3559 2.1227e+01    11.4149      0.924      1.341    26.4481 0.0000e+00
      0.953      0.038     5.2107     66.323     43.016  44.252506     5.2430      6.696   175.5973 2.0967e+01    11.4131      0.936      1.357    26.4429 0.0000e+00
      0.961      0.036     5.2631     66.462     43.021  44.259434     5.2446      6.698   175.8295 2.0754e+01    11.3896      0.943      1.367    26.4369 0.0000e+00
      0.968      0.036     5.2998     66.471     43.015  44.254346     5.2379      6.699   175.9256 2.0551e+01    11.3347      0.949      1.377    26.4325 0.0000e+00
      0.975      0.037     5.3221     66.335     43.015  44.254460     5.2287      6.699   175.9846 2.0376e+01    11.3977      0.956      1.387    26.4301 0.0000e+00
      0.984      0.038     5.3404     66.102     43.023  44.260820     5.2246      6.700   176.0276 2.0199e+01    11.5717      0.964      1.399    26.4304 0.0000e+00
      0.996      0.040     5.3534     65.853     43.033  44.267756     5.2221      6.701   176.0153 1.9969e+01    11.6614      0.976      1.416    26.4326 0.0000e+00
      1.009      0.041     5.3545     65.641     43.045  44.274848     5.2556      6.703   176.0939 1.9741e+01    11.6290      0.990      1.436    26.4353 0.0000e+00
      1.021      0.041     5.3418     65.449     43.057  44.283093     5.5306      6.705   176.2896 1.9615e+01    11.5565      1.002      1.454    26.4367 0.0000e+00
      1.030      0.040     5.3207     65.249     43.082  44.303960     6.0079      6.706   176.4876 1.9548e+01    11.5020      1.011      1.465    26.4342 0.0000e+00
      1.039      0.038     5.2991     65.047     43.121  44.336710     6.2664      6.707   176.5096 1.9408e+01    11.4811      1.017      1.475    26.4275 0.0000e+00
      1.050      0.037     5.2840     64.839     43.155  44.361682     6.3091      6.709   176.4697 1.9201e+01    11.5101      1.029      1.493    26.4212 0.0000e+00
      1.060      0.037     5.2699     64.607     43.216  44.415456     6.3994      6.709   176.6927 1.9033e+01    11.5102      1.040      1.509    26.4170 0.0000e+00
      1.068      0.038     5.2540     64.332     43.286  44.479067     6.5250      6.709   177.0560 1.8923e+01    11.3797      1.047      1.518    26.4127 0.0000e+00
      1.075      0.039     5.2378     63.925     43.309  44.496023     6.5796      6.709   177.2480 1.8828e+01    11.2647      1.053      1.528    26.4046 0.0000e+00
      1.085      0.038     5.2240     63.256     43.309  44.493503     6.5682      6.710   177.2085 1.8705e+01    11.2473      1.062      1.541    26.3922 0.0000e+00
      1.097      0.037     5.2051     62.276     43.327  44.512073     6.4374      6.713   177.1796 1.8560e+01    11.1683      1.076      1.561    26.3807 0.0000e+00
      1.110      0.035     5.1869     61.078     43.344  44.530114     6.1964      6.716   177.2428 1.8414e+01    10.9930      1.090      1.581    26.3713 0.0000e+00
      1.120      0.033     5.1600     59.930     43.334  44.521218     6.0520      6.717   177.2846 1.8266e+01    10.8358      1.100      1.595    26.3630 0.0000e+00
      1.125      0.031     5.1071     59.046     43.340  44.531466     6.0310      6.717   177.4269 1.8144e+01    10.7712      1.104      1.601    26.3586 0.0000e+00
      1.130      0.029     5.0278     58.471     43.395  44.590548     6.1668      6.718   177.6732 1.8034e+01    10.8603      1.107      1.606    26.3603 0.0000e+00
      1.136      0.029     4.9198     58.175     43.469  44.664295     6.4380      6.719   177.8526 1.7892e+01    11.0253      1.113      1.614    26.3634 0.0000e+00
      1.144      0.029     4.8208     58.100     43.531  44.724881     6.5964      6.720   177.9606 1.7706e+01    11.1269      1.121      1.626    26.3630 0.0000e+00
      1.154      0.029     4.7492     58.095     43.559  44.751797     6.6094      6.721   178.0331 1.7513e+01    11.1325      1.132      1.642    26.3682 0.0000e+00
      1.164      0.027     4.7033     57.890     43.546  44.735832     6.5777      6.722   178.0414 1.7385e+01    11.0593      1.142      1.657    26.3736 0.0000e+00
      1.172      0.023     4.6814     57.363     43.538  44.722267     6.4711      6.724   177.9746 1.7313e+01    10.9242      1.149      1.667    26.3689 0.0000e+00
      1.177      0.019     4.6782     56.602     43.598  44.778214     6.3278      6.726   177.9997 1.7229e+01    10.7631      1.154      1.674    26.3647 0.0000e+00
      1.180      0.018     4.6891     55.759     43.787  44.967934     6.2759      6.727   178.3454 1.7125e+01    10.6826      1.158      1.679    26.3643 0.0000e+00
      1.181      0.020     4.6766     55.034     44.063  45.238770     6.2772      6.726   178.7986 1.7018e+01    10.6341      1.159      1.680    26.3619 0.0000e+00
      1.182      0.024     4.6293     54.472     44.294  45.450257     6.2857      6.724   179.0055 1.6889e+01    10.5527      1.157      1.678    26.3537 0.0000e+00
      1.188      0.030     4.5665     53.729     44.430  45.557136     6.3282      6.722   179.1263 1.6722e+01    10.5184      1.163      1.686    26.3452 0.0000e+00
      1.200      0.035     4.4911     52.267     44.479  45.578792     6.3667      6.722   179.3125 1.6560e+01    10.5609      1.177      1.706    26.3453 0.0000e+00
      1.214      0.040     4.4288     49.784     44.504  45.585097     6.4093      6.723   179.4501 1.6459e+01    10.6560      1.191      1.727    26.3360 0.0000e+00
      1.226      0.042     4.3983     46.409     44.564  45.633337     6.6769      6.723   179.5859 1.6409e+01    10.6780      1.203      1.745    26.3031 0.0000e+00
      1.237      0.041     4.3598     42.585     44.596  45.654198     7.1478      6.723   179.8350 1.6347e+01    10.5876      1.213      1.760    26.2604 0.0000e+00
      1.246      0.038     4.2551     38.939     44.533  45.583397     7.4006      6.722   180.2258 1.6260e+01    10.5196      1.222      1.772    26.2245 0.0000e+00
      1.256      0.036     4.0498     35.879     44.484  45.539025     7.4030      6.721   180.6106 1.6169e+01    10.5387      1.232      1.786    26.2044 0.0000e+00
      1.264      0.034     3.7660     33.383     44.560  45.625549     7.1009      6.720   180.8741 1.6083e+01    10.5462      1.240      1.798    26.1950 0.0000e+00
      1.271      0.034     3.4377     31.588     44.677  45.740859     6.5194      6.717   181.0895 1.5977e+01    10.4733      1.247      1.808    26.1795 0.0000e+00
      1.279      0.035     3.1265     30.786     44.744  45.790579     6.1819      6.716   181.2351 1.5824e+01    10.4091      1.255      1.819    26.1652 0.0000e+00
      1.289      0.036     2.8887     30.673     44.821  45.845797     6.1079      6.716   181.3437 1.5624e+01    10.3510      1.263      1.832    26.1783 0.0000e+00
      1.299      0.036     2.6823     30.414     44.962  45.964100     5.7999      6.716   181.4562 1.5410e+01    10.3855      1.273      1.847    26.1985 0.0000e+00
