Data/DataNotYetUploadedToEDI/Raw_CTD/RawDownloads/071524_bvr50_S8188001.cnv
* Sea-Bird SBE19plus  Data File:
* FileName = C:\R\Reservoirs\Data\DataNotYetUploadedToEDI\Raw_CTD\RawDownloads\071524_bvr50_S8188_0001.hex
* Software version 2.8.0.119
* Temperature SN = 8188
* Conductivity SN = 8188
* System UpLoad Time = Jul 15 2024 16:45:14
* <ApplicationData>
* <Seaterm232>
# nquan = 16
# nvalues = 2108                        
# units = specified
# name 0 = depFM: Depth [fresh water, m]
# name 1 = dz/dtM: Descent Rate [m/s]
# name 2 = sbeox0Mg/L: Oxygen, SBE 43 [mg/l]
# name 3 = sbeox0PS: Oxygen, SBE 43 [% saturation]
# name 4 = specc: Specific Conductance [uS/cm]
# name 5 = c0uS/cm: Conductivity [uS/cm]
# name 6 = wetCDOM: Fluorescence, WET Labs CDOM [mg/m^3]
# name 7 = flECO-AFL: Fluorescence, WET Labs ECO-AFL/FL [mg/m^3]
# name 8 = flECO-AFL1: Fluorescence, WET Labs ECO-AFL/FL, 2 [mg/m^3]
# name 9 = flECO-AFL2: Fluorescence, WET Labs ECO-AFL/FL, 3 [mg/m^3]
# name 10 = par/sat/log: PAR/Logarithmic, Satlantic
# name 11 = turbWETntu0: Turbidity, WET Labs ECO [NTU]
# name 12 = prdM: Pressure, Strain Gauge [db]
# name 13 = prdE: Pressure, Strain Gauge [psi]
# name 14 = tv290C: Temperature [ITS-90, deg C]
# name 15 = flag:  0.000e+00
# span 0 =     -0.713,      9.369       
# span 1 =     -0.289,      0.162       
# span 2 =     0.0126,    10.7198       
# span 3 =      0.129,    137.687       
# span 4 =     -0.027,    128.237       
# span 5 =  -0.028466,  90.210859       
# span 6 =    -4.5000,    52.2900       
# span 7 =    -0.2846,    84.1131       
# span 8 =    -2.1300,     2.1726       
# span 9 =    -2.0304,    16.0317       
# span 10 = 1.1575e-01, 2.7723e+03      
# span 11 =    -1.1555,    79.8150      
# span 12 =     -0.699,      9.188      
# span 13 =     -1.014,     13.326      
# span 14 =    10.1614,    28.2994      
# span 15 = 0.0000e+00, 0.0000e+00      
# interval = seconds: 0.25
# start_time = Jul 15 2024 09:35:12 [Instrument's time stamp, header]
# bad_flag = -9.990e-29
*END*
[from data line 1266]
      2.060      0.028     4.0627     47.995     31.549  31.097711    30.9600     9.6796     0.0852     1.4382 6.3469e+01     2.0018      2.020      2.930    24.4689 0.0000e+00
      2.067      0.029     4.0758     47.189     31.637  31.125779    30.9600     9.6910     0.0852     1.4382 6.3386e+01     1.9866      2.027      2.941    24.4373 0.0000e+00
      2.075      0.031     4.0756     46.064     31.760  31.163832    30.9600    10.0038     0.0852     1.4382 6.2091e+01     1.2615      2.035      2.952    24.3980 0.0000e+00
      2.083      0.033     4.0568     44.531     31.920  31.212056    30.9600    10.0000     0.0852     1.4382 6.1514e+01     1.3371      2.043      2.963    24.3481 0.0000e+00
      2.092      0.034     4.0172     42.469     32.102  31.263389    30.6900    10.0038     0.0852     1.4382 6.1220e+01     1.3522      2.052      2.975    24.2823 0.0000e+00
      2.101      0.035     3.9557     39.762     32.272  31.305620    30.6900     9.9886     0.0852     1.4382 5.8681e+01     1.3975      2.060      2.988    24.1907 0.0000e+00
      2.110      0.036     3.8698     36.360     32.408  31.334068    30.6900     9.8131     0.0852     1.4382 5.8757e+01     1.3220      2.070      3.001    24.0615 0.0000e+00
      2.120      0.037     3.7520     32.351     32.516  31.352333    30.6900     9.8093     0.0852     1.4382 5.7034e+01     1.4126      2.079      3.015    23.8914 0.0000e+00
      2.129      0.037     3.5906     28.005     32.600  31.361300    30.3300     9.8093     0.0852     1.5651 5.6552e+01     1.2615      2.089      3.029    23.6951 0.0000e+00
      2.139      0.037     3.3730     23.722     32.667  31.367339    30.3300     9.8016     0.0852     1.5651 5.6100e+01     1.2918      2.098      3.042    23.5040 0.0000e+00
      2.149      0.038     3.0932     19.884     32.728  31.376042    30.3300     9.6872     0.0852     1.5651 5.5493e+01     1.4579      2.107      3.056    23.3422 0.0000e+00
      2.158      0.038     2.7586     16.759     32.776  31.381761    30.3300     9.6796     0.0852     1.5651 5.5217e+01     1.2615      2.116      3.069    23.2085 0.0000e+00
      2.168      0.038     2.3928     14.487     32.810  31.386021    30.3300     9.7025     0.0852     1.5651 5.4300e+01     1.3220      2.126      3.083    23.0971 0.0000e+00
      2.177      0.037     2.0303     13.061     32.849  31.401906    30.1500     9.6948     0.0426     1.6074 5.4006e+01     1.3673      2.135      3.097    23.0066 0.0000e+00
      2.187      0.037     1.7044     12.369     32.915  31.445602    30.1500     9.3324     0.0426     1.6074 5.3667e+01     1.0652      2.145      3.111    22.9310 0.0000e+00
      2.197      0.037     1.4386     12.250     33.010  31.512827    30.1500     9.3019     0.0426     1.6074 5.3609e+01     1.0954      2.154      3.124    22.8690 0.0000e+00
      2.206      0.037     1.2450     12.527     33.098  31.571717    30.1500     9.3057     0.0426     1.6074 5.3469e+01     1.0652      2.163      3.137    22.8249 0.0000e+00
      2.215      0.037     1.1236     13.018     33.161  31.608097    30.1500     9.3172     0.0852     1.6920 5.3481e+01     1.1407      2.172      3.151    22.7931 0.0000e+00
      2.224      0.036     1.0650     13.558     33.197  31.623700    30.1500     9.3095     0.0852     1.6920 5.3145e+01     1.0803      2.182      3.164    22.7625 0.0000e+00
      2.234      0.036     1.0558     14.021     33.215  31.622689    30.1500     9.2943     0.0852     1.6920 5.2456e+01     1.0652      2.191      3.177    22.7274 0.0000e+00
      2.243      0.035     1.0807     14.343     33.237  31.620726    30.1500     9.3172     0.0852     1.6920 5.2456e+01     1.1105      2.199      3.190    22.6886 0.0000e+00
      2.252      0.034     1.1239     14.515     33.272  31.625254    29.8800     9.3095     0.0852     1.6920 5.2104e+01     1.0652      2.208      3.202    22.6539 0.0000e+00
      2.260      0.034     1.1712     14.544     33.338  31.655405    29.8800     9.1875     0.0852     1.6920 5.2149e+01     1.1709      2.216      3.214    22.6259 0.0000e+00
      2.268      0.033     1.2118     14.433     33.435  31.707266    29.8800     9.1760     0.0852     1.6920 5.2093e+01     1.0349      2.224      3.226    22.5976 0.0000e+00
      2.276      0.034     1.2404     14.191     33.525  31.742884    29.8800     9.1989     0.0852     1.6920 5.2434e+01     1.0954      2.232      3.238    22.5634 0.0000e+00
      2.284      0.034     1.2563     13.846     33.611  31.763787    29.8800     9.1951     0.0852     1.6920 5.2525e+01     1.0954      2.240      3.249    22.5215 0.0000e+00
      2.293      0.036     1.2599     13.430     33.712  31.789490    29.7900     8.7183     0.0852     1.5228 5.1508e+01     0.9896      2.249      3.262    22.4718 0.0000e+00
      2.302      0.037     1.2516     12.946     33.815  31.816882    29.7900     8.7106     0.0852     1.5228 5.2070e+01     1.0954      2.258      3.275    22.4126 0.0000e+00
      2.312      0.039     1.2322     12.366     33.904  31.835341    29.7900     8.7144     0.0852     1.5228 5.0368e+01     1.1256      2.268      3.289    22.3390 0.0000e+00
      2.323      0.041     1.2042     11.664     33.987  31.847793    29.7900     8.6877     0.0852     1.5228 5.0697e+01     1.0803      2.278      3.303    22.2485 0.0000e+00
      2.333      0.042     1.1702     10.848     34.091  31.871501    29.4300     7.9095     0.0852     1.5228 4.9456e+01     1.0652      2.288      3.318    22.1458 0.0000e+00
      2.344      0.043     1.1302      9.968     34.219  31.902826    29.4300     7.9324     0.0852     1.5228 4.8933e+01     1.0349      2.299      3.334    22.0424 0.0000e+00
      2.355      0.044     1.0813      9.075     34.349  31.924225    29.4300     7.9324     0.0852     1.5228 4.8604e+01     1.1860      2.310      3.350    21.9460 0.0000e+00
      2.367      0.045     1.0215      8.203     34.470  31.933433    29.4300     7.9210     0.0852     1.5228 4.7374e+01     1.1256      2.321      3.366    21.8508 0.0000e+00
      2.378      0.045     0.9519      7.367     34.583  31.940866    28.7100     7.3640     0.0852     1.3959 4.6964e+01     1.1256      2.333      3.383    21.7431 0.0000e+00
      2.390      0.045     0.8765      6.588     34.691  31.952485    28.7100     7.3449     0.0852     1.3959 4.6406e+01     1.2313      2.344      3.399    21.6144 0.0000e+00
      2.401      0.044     0.8002      5.904     34.770  31.955449    28.7100     7.3678     0.0852     1.3959 4.5805e+01     1.2011      2.355      3.415    21.4689 0.0000e+00
      2.413      0.043     0.7253      5.350     34.820  31.950548    28.7100     7.3755     0.0852     1.3959 4.4820e+01     1.1558      2.366      3.431    21.3193 0.0000e+00
      2.424      0.042     0.6531      4.931     34.863  31.952405    28.1700     5.9602     0.0852     1.4382 4.4048e+01     0.8688      2.377      3.447    21.1774 0.0000e+00
      2.434      0.041     0.5856      4.643     34.901  31.953550    28.1700     5.9869     0.0852     1.4382 4.3553e+01     0.8537      2.387      3.462    21.0508 0.0000e+00
      2.444      0.041     0.5260      4.490     34.930  31.946321    28.1700     5.9373     0.0852     1.4382 4.3336e+01     0.8688      2.397      3.477    20.9490 0.0000e+00
      2.454      0.041     0.4774      4.471     34.955  31.932771    28.1700     5.9869     0.0852     1.4382 4.3148e+01     0.7932      2.407      3.491    20.8761 0.0000e+00
      2.464      0.041     0.4407      4.567     34.974  31.909286    28.1700     5.8381     0.0852     1.4382 4.2989e+01     1.0954      2.416      3.505    20.8215 0.0000e+00
      2.474      0.043     0.4154      4.745     34.993  31.877569    27.8100     5.8343     0.0852     1.2690 4.2681e+01     1.1105      2.426      3.519    20.7731 0.0000e+00
      2.484      0.045     0.4022      4.960     35.008  31.837128    27.8100     5.8343     0.0852     1.2690 4.2580e+01     1.1407      2.437      3.534    20.7243 0.0000e+00
      2.496      0.047     0.4010      5.180     35.014  31.789126    27.8100     5.8381     0.0852     1.2690 4.1196e+01     1.1558      2.448      3.551    20.6720 0.0000e+00
      2.509      0.049     0.4103      5.381     35.012  31.736692    27.8100     5.2773     0.0852     1.2690 4.0249e+01     1.1407      2.460      3.569    20.6129 0.0000e+00
      2.522      0.051     0.4268      5.541     34.996  31.675801    27.7200     5.2926     0.0852     1.2690 3.9026e+01     1.0954      2.474      3.588    20.5438 0.0000e+00
      2.536      0.052     0.4469      5.655     34.976  31.614115    27.7200     5.2888     0.0852     1.2690 3.8146e+01     1.0500      2.487      3.607    20.4667 0.0000e+00
      2.549      0.052     0.4674      5.727     34.954  31.547132    27.7200     5.3040     0.0852     1.2690 3.8080e+01     1.0803      2.500      3.626    20.3892 0.0000e+00
      2.563      0.052     0.4863      5.764     34.909  31.447033    27.7200     4.4877     0.0852     1.2690 3.7188e+01     0.8386      2.513      3.645    20.3171 0.0000e+00
      2.576      0.051     0.5014      5.777     34.846  31.313013    27.5400     4.4801     0.0426     1.3536 3.6357e+01     0.8839      2.526      3.664    20.2512 0.0000e+00
      2.589      0.050     0.5123      5.786     34.786  31.169082    27.5400     4.4877     0.0426     1.3536 3.5352e+01     0.8688      2.539      3.683    20.1881 0.0000e+00
      2.602      0.048     0.5195      5.804     34.734  31.032620    27.5400     4.4762     0.0426     1.3536 3.4675e+01     0.8235      2.552      3.701    20.1210 0.0000e+00
      2.614      0.046     0.5237      5.849     34.703  30.922996    27.5400     3.1716     0.0426     1.3536 3.4100e+01     0.8688      2.564      3.719    20.0364 0.0000e+00
      2.626      0.043     0.5261      5.933     34.704  30.854792    26.9100     3.1716     0.0852     1.3113 3.3607e+01     0.8386      2.575      3.735    19.9247 0.0000e+00
      2.637      0.039     0.5282      6.057     34.726  30.823757    26.9100     3.1602     0.0852     1.3113 3.3042e+01     0.9594      2.586      3.751    19.7954 0.0000e+00
      2.647      0.035     0.5312      6.213     34.751  30.815637    26.9100     3.1716     0.0852     1.3113 3.2318e+01     0.8386      2.595      3.764    19.6660 0.0000e+00
      2.655      0.030     0.5367      6.387     34.765  30.816318    26.9100     2.6032     0.0852     1.3113 3.1865e+01     0.8537      2.604      3.776    19.5483 0.0000e+00
      2.662      0.026     0.5454      6.563     34.783  30.829964    26.9100     2.5956     0.0852     1.3113 3.1664e+01     0.8990      2.610      3.786    19.4499 0.0000e+00
      2.668      0.022     0.5576      6.720     34.811  30.854241    26.4600     2.6070     0.0426     0.9306 3.1548e+01     1.0047      2.616      3.794    19.3770 0.0000e+00
      2.672      0.018     0.5724      6.842     34.828  30.869732    26.4600     2.5879     0.0426     0.9306 3.1548e+01     0.8990      2.620      3.800    19.3334 0.0000e+00
      2.676      0.015     0.5886      6.921     34.833  30.878574    26.4600     2.7291     0.0426     0.9306 3.1520e+01     0.8386      2.624      3.806    19.3160 0.0000e+00
      2.679      0.013     0.6049      6.955     34.839  30.891094    26.4600     2.7443     0.0426     0.9306 3.1555e+01     0.8537      2.627      3.811    19.3129 0.0000e+00
      2.682      0.012     0.6194      6.951     34.835  30.898680    26.1000     2.7367     0.0852     0.8037 3.1507e+01     0.8839      2.630      3.815    19.3124 0.0000e+00
      2.685      0.011     0.6306      6.918     34.808  30.887423    26.1000     2.7215     0.0852     0.8037 3.1816e+01     0.9292      2.633      3.818    19.3136 0.0000e+00
      2.687      0.011     0.6378      6.866     34.781  30.874237    26.1000     2.4086     0.0852     0.8037 3.1706e+01     0.8386      2.635      3.822    19.3197 0.0000e+00
      2.690      0.011     0.6408      6.802     34.782  30.879507    26.1000     2.4354     0.0852     0.8037 3.1692e+01     0.8386      2.637      3.826    19.3305 0.0000e+00
      2.692      0.012     0.6402      6.732     34.800  30.888708    26.0100     2.4506     0.0852     0.7614 3.1802e+01     0.9896      2.640      3.829    19.3455 0.0000e+00
      2.695      0.013     0.6370      6.665     34.815  30.888358    26.0100     2.4086     0.0852     0.7614 3.1795e+01     0.8688      2.643      3.833    19.3636 0.0000e+00
      2.698      0.015     0.6320      6.607     34.828  30.882346    26.0100     2.4163     0.0852     0.7614 3.1837e+01     1.0954      2.646      3.838    19.3797 0.0000e+00
      2.702      0.017     0.6260      6.558     34.825  30.861101    26.0100     2.4086     0.0852     0.7614 3.1740e+01     1.1558      2.650      3.844    19.3853 0.0000e+00
      2.707      0.019     0.6196      6.525     34.797  30.818958    26.1000     2.3934     0.0852     0.8460 3.1445e+01     1.0803      2.655      3.851    19.3760 0.0000e+00
      2.713      0.021     0.6138      6.509     34.764  30.776543    26.1000     2.4163     0.0852     0.8460 3.0656e+01     1.1407      2.660      3.859    19.3559 0.0000e+00
      2.719      0.022     0.6087      6.503     34.741  30.748435    26.1000     2.3362     0.0852     0.8460 3.0010e+01     1.2313      2.667      3.868    19.3307 0.0000e+00
      2.726      0.022     0.6046      6.497     34.730  30.735107    26.1000     2.2637     0.0852     0.8460 2.9679e+01     1.0954      2.673      3.877    19.3040 0.0000e+00
      2.731      0.021     0.6018      6.490     34.724  30.731011    26.1000     2.2942     0.0852     0.8460 2.9653e+01     1.0349      2.679      3.885    19.2791 0.0000e+00
      2.737      0.020     0.6006      6.483     34.722  30.735055    26.0100     2.3095     0.0426     0.8460 2.9627e+01     1.0500      2.684      3.893    19.2599 0.0000e+00
      2.741      0.018     0.6002      6.479     34.730  30.756285    26.0100     2.1912     0.0426     0.8460 2.9595e+01     1.1860      2.689      3.899    19.2487 0.0000e+00
      2.745      0.017     0.5997      6.476     34.741  30.786420    26.0100     2.1645     0.0426     0.8460 2.9365e+01     1.1407      2.693      3.905    19.2444 0.0000e+00
      2.749      0.016     0.5990      6.473     34.722  30.789682    26.0100     2.1721     0.0426     0.8460 2.9275e+01     1.0803      2.697      3.911    19.2457 0.0000e+00
      2.753      0.016     0.5983      6.468     34.672  30.758978    25.9200     2.1874     0.0426     0.7614 2.9123e+01     1.1709      2.700      3.916    19.2547 0.0000e+00
      2.757      0.016     0.5976      6.461     34.618  30.715994    25.9200     2.2866     0.0426     0.7614 2.9079e+01     1.1105      2.704      3.922    19.2750 0.0000e+00
      2.761      0.017     0.5970      6.454     34.570  30.669184    25.9200     2.2904     0.0426     0.7614 2.9060e+01     1.1709      2.708      3.927    19.3042 0.0000e+00
      2.765      0.019     0.5964      6.445     34.525  30.614033    25.9200     2.2980     0.0426     0.7614 2.8796e+01     1.0652      2.712      3.933    19.3331 0.0000e+00
      2.770      0.022     0.5956      6.432     34.450  30.517909    25.7400     2.2866     0.0426     0.7614 2.8834e+01     1.0652      2.716      3.940    19.3527 0.0000e+00
      2.775      0.025     0.5949      6.411     34.328  30.355178    25.7400     2.4582     0.0426     0.7614 2.8503e+01     1.0954      2.722      3.947    19.3593 0.0000e+00
      2.782      0.029     0.5943      6.379     34.185  30.144184    25.7400     2.4773     0.0426     0.7614 2.8349e+01     1.1407      2.728      3.957    19.3521 0.0000e+00
      2.790      0.033     0.5938      6.331     34.056  29.922262    25.7400     2.4811     0.0426     0.7614 2.8140e+01     1.0954      2.736      3.968    19.3305 0.0000e+00
