Data/DataNotYetUploadedToEDI/Raw_CTD/RawDownloads/071524_fcr10_S7809001.cnv
* Sea-Bird SBE19plus  Data File:
* FileName = C:\R\Reservoirs\Data\DataNotYetUploadedToEDI\Raw_CTD\RawDownloads\071524_fcr50_S7809_0001.hex
* Software version 2.8.0.119
* Temperature SN = 7809
* Conductivity SN = 7809
* System UpLoad Time = Jul 15 2024 16:22:03
* <ApplicationData>
* <Seaterm232>
# nquan = 15
# nvalues = 2010                        
# units = specified
# name 0 = depFM: Depth [fresh water, m]
# name 1 = dz/dtM: Descent Rate [m/s]
# name 2 = sbeox0Mg/L: Oxygen, SBE 43 [mg/l]
# name 3 = sbeox0PS: Oxygen, SBE 43 [% saturation]
# name 4 = specc: Specific Conductance [uS/cm]
# name 5 = c0uS/cm: Conductivity [uS/cm]
# name 6 = flECO-AFL: Fluorescence, WET Labs ECO-AFL/FL [mg/m^3]
# name 7 = ph: pH
# name 8 = orp: Oxidation Reduction Potential [mV]
# name 9 = par/sat/log: PAR/Logarithmic, Satlantic
# name 10 = turbWETntu0: Turbidity, WET Labs ECO [NTU]
# name 11 = prdM: Pressure, Strain Gauge [db]
# name 12 = prdE: Pressure, Strain Gauge [psi]
# name 13 = tv290C: Temperature [ITS-90, deg C]
# name 14 = flag:  0.000e+00
# span 0 =     -0.639,      9.583       
# span 1 =     -0.505,      3.857       
# span 2 =     0.1422,     8.8658       
# span 3 =      1.514,    100.848       
# span 4 =      0.355,    662.268       
# span 5 =   0.384464, 490.006353       
# span 6 =    -0.9069,     9.4766       
# span 7 =      5.490,      7.171       
# span 8 =    53.6861,   860.0702       
# span 9 = 1.2349e-01, 1.6278e+03       
# span 10 =    -2.3842,    86.1348      
# span 11 =     -0.628,      9.398      
# span 12 =     -0.910,     13.631      
# span 13 =    11.9430,    29.0754      
# span 14 = 0.0000e+00, 0.0000e+00      
# interval = seconds: 0.25
# start_time = Jul 15 2024 09:55:53 [Instrument's time stamp, header]
# bad_flag = -9.990e-29
*END*
     -0.639 1.1566e-12     7.3365     95.558      0.380   0.411053    -0.0555      5.540   750.7902 1.1001e+03     0.9585     -0.627     -0.909    29.0657 0.0000e+00
     -0.639 1.2723e-11     7.3381     95.572      0.369   0.399433    -0.0533      5.540   625.8220 1.3165e+03     0.9128     -0.627     -0.909    29.0660 0.0000e+00
     -0.639 1.3995e-10     7.3382     95.556      0.379   0.409806    -0.0402      5.543   689.7670 1.1793e+03     0.9315     -0.627     -0.909    29.0667 0.0000e+00
     -0.639 1.5395e-09     7.3374     95.552      0.379   0.409806    -0.0379      5.545   796.6538 9.5745e+02     0.8766     -0.626     -0.908    29.0679 0.0000e+00
     -0.639 1.6934e-08     7.3405     95.577      0.369   0.399423    -0.0513      5.547   860.0702 1.2858e+03     0.7620     -0.626     -0.908    29.0691 0.0000e+00
     -0.639 1.8627e-07     7.3430     95.608      0.380   0.410939    -0.0768      5.549   805.2119 1.5970e+03     0.7068     -0.626     -0.908    29.0705 0.0000e+00
     -0.639 1.8627e-07     7.3390     95.636      0.391   0.422368    -0.0794      5.545   666.0360 1.2459e+03     0.7220     -0.626     -0.908    29.0713 0.0000e+00
     -0.639 1.6934e-08     7.3384     95.646      0.380   0.410938    -0.0667      5.537   648.0610 5.4337e+02     0.6380     -0.627     -0.909    29.0715 0.0000e+00
     -0.638 1.5395e-09     7.3418     95.644      0.369   0.399422    -0.0736      5.532   680.6283 1.5931e+02     0.3742     -0.626     -0.908    29.0712 0.0000e+00
     -0.638 1.3995e-10     7.3436     95.664      0.379   0.409795    -0.0718      5.534   666.8630 1.5164e+02     0.2310     -0.626     -0.908    29.0705 0.0000e+00
     -0.638 1.2723e-11     7.3468     95.693      0.379   0.409692    -0.0523      5.539   646.0480 4.6307e+02     0.2739     -0.626     -0.908    29.0701 0.0000e+00
     -0.638 1.1568e-12     7.3477     95.705      0.368   0.398167    -0.0464      5.544   627.4479 1.0317e+03     0.3455     -0.627     -0.909    29.0701 0.0000e+00
     -0.638 1.0629e-13     7.3453     95.695      0.367   0.397119    -0.0587      5.546   609.4890 1.3611e+03     0.4482     -0.626     -0.908    29.0702 0.0000e+00
     -0.638 2.2138e-14     7.3481     95.670      0.367   0.397024    -0.0675      5.545   594.3627 1.4125e+03     0.5248     -0.625     -0.907    29.0708 0.0000e+00
     -0.638 1.3923e-13     7.3509     95.641      0.367   0.397015    -0.0613      5.541   578.6061 1.1558e+03     0.5200     -0.626     -0.908    29.0710 0.0000e+00
     -0.638 1.5221e-12     7.3519     95.629      0.367   0.397013    -0.0593      5.541   552.3371 5.9151e+02     0.5268     -0.626     -0.907    29.0712 0.0000e+00
     -0.638 1.6742e-11     7.3508     95.647      0.367   0.397005    -0.0676      5.553   509.4840 2.4657e+02     0.6410     -0.626     -0.908    29.0715 0.0000e+00
     -0.638 1.8416e-10     7.3485     95.665      0.367   0.396910    -0.0611      5.570   468.8154 2.8669e+02     0.7404     -0.626     -0.907    29.0715 0.0000e+00
     -0.638 2.0258e-09     7.3462     95.662      0.366   0.395873    -0.0485      5.573   445.2115 6.4938e+02     0.6688     -0.626     -0.908    29.0713 0.0000e+00
     -0.638 2.2284e-08     7.3439     95.674      0.355   0.384464    -0.0815      5.564   427.7459 1.1436e+03    -0.1564     -0.626     -0.908    29.0707 0.0000e+00
     -0.638 2.4512e-07     7.3472     95.716      0.356   0.385637    -0.1518      5.557   410.2731 1.3732e+03    -1.6186     -0.625     -0.907    29.0705 0.0000e+00
     -0.639      0.000     7.3493     95.721      0.379   0.410053    -0.1911      5.553   393.7249 1.1112e+03    -2.3566     -0.626     -0.908    29.0699 0.0000e+00
     -0.639      0.000     7.3480     95.681      0.394   0.426332    -0.1902      5.551   372.6392 5.4116e+02    -2.3842     -0.627     -0.909    29.0702 0.0000e+00
     -0.639      0.000     7.3469     95.660      0.422   0.455795    -0.1992      5.531   387.3756 2.1960e+02    -2.3622     -0.627     -0.909    29.0684 0.0000e+00
     -0.638      0.004     7.3545     95.675      0.712   0.766282    -0.3835      5.492   454.6302 2.1588e+02    -1.4760     -0.626     -0.907    29.0694 0.0000e+00
     -0.638      0.014     7.3548     95.711      4.308   4.623762    -0.7201      5.490   509.1952 5.2704e+02     0.2356     -0.627     -0.909    29.0670 0.0000e+00
     -0.638      0.034     7.3484     95.758     15.187  16.240554    -0.9069      5.545   434.3456 1.0992e+03     1.1503     -0.625     -0.906    29.0712 0.0000e+00
     -0.637      0.062     7.3473     95.820     28.804  30.685995    -0.9031      5.622   237.7715 1.4125e+03     1.3511     -0.628     -0.910    29.0649 0.0000e+00
     -0.625      0.094     7.3484     95.881     37.546  39.855975    -0.5072      5.688   124.1572 1.4647e+03     3.3800     -0.622     -0.903    29.0754 0.0000e+00
     -0.593      0.124     7.3540     95.922     41.462  43.889644     0.2509      5.732   119.7883 1.5146e+03     7.1680     -0.585     -0.849    29.0450 0.0000e+00
     -0.548      0.147     7.3995     95.984     42.889  45.312335     0.6811      5.761   126.0113 1.5610e+03     9.2688     -0.541     -0.786    28.7355 0.0000e+00
     -0.495      0.158     7.4550     96.184     43.071  45.442165     0.7322      5.789   133.7505 1.5965e+03     9.5145     -0.485     -0.705    28.3141 0.0000e+00
     -0.443      0.158     7.5024     97.483     43.068  45.395824     0.9025      5.811   139.4543 1.6200e+03    10.2750     -0.428     -0.622    28.0590 0.0000e+00
     -0.400      0.146     7.5106     99.625     43.084  45.386753     1.2334      5.826   142.2334 1.6278e+03    11.7003     -0.388     -0.563    27.9118 0.0000e+00
     -0.370      0.129     7.5480    100.368     43.166  45.459394     1.4208      5.837   143.6066 1.6216e+03    12.4691     -0.361     -0.523    27.8095 0.0000e+00
     -0.346      0.111     7.5320     99.930     43.342  45.639316     1.4531      5.849   143.6668 1.6060e+03    12.5341     -0.340     -0.493    27.7379 0.0000e+00
     -0.322      0.096     7.6037     99.635     43.481  45.784741     1.5074      5.858   141.9292 1.5762e+03    12.5549     -0.313     -0.454    27.6889 0.0000e+00
     -0.299      0.092     7.9307     99.395     43.450  45.757696     1.5951      5.860   140.4928 1.3676e+03    12.5835     -0.293     -0.425    27.6608 0.0000e+00
     -0.278      0.101     7.9404     99.265     43.440  45.756677     1.6562      5.858   140.1527 1.1765e+03    12.6070     -0.274     -0.397    27.6467 0.0000e+00
     -0.259      0.116     7.8401     99.254     43.568  45.899389     1.6798      5.862   139.3662 1.3541e+03    12.6673     -0.249     -0.362    27.6426 0.0000e+00
     -0.239      0.126     7.8643     99.275     43.617  45.959713     1.7310      5.872   138.8984 1.5309e+03    12.7668     -0.242     -0.351    27.6394 0.0000e+00
     -0.200      0.127     7.8158     99.457     43.442  45.787776     1.8091      5.886   139.8318 1.3126e+03    12.8185     -0.212     -0.307    27.6445 0.0000e+00
     -0.140      0.126     7.8147     99.847     43.255  45.597969     1.8498      5.897   141.7889 1.0701e+03    12.8481     -0.129     -0.188    27.6629 0.0000e+00
     -0.094      0.122     7.8148    100.267     43.295  45.632649     1.8492      5.904   143.6332 1.1736e+03    12.8859     -0.077     -0.112    27.6681 0.0000e+00
     -0.079      0.112     7.8099    100.583     43.373  45.699247     1.8345      5.911   144.4929 1.2618e+03    12.9000     -0.077     -0.111    27.6744 0.0000e+00
     -0.069      0.092     7.8172    100.788     43.272  45.577946     1.8225      5.921   144.6115 1.1743e+03    12.8826     -0.076     -0.110    27.6964 0.0000e+00
     -0.046      0.069     7.8556    100.848     43.086  45.372096     1.8038      5.932   144.8096 1.0486e+03    12.8121     -0.048     -0.069    27.7077 0.0000e+00
     -0.018      0.053     7.8939    100.707     42.967  45.241640     1.7826      5.944   146.5442 9.9397e+02    12.7296     -0.009     -0.012    27.6976 0.0000e+00
     -0.003      0.042     7.9195    100.120     42.937  45.206699     1.7822      5.957   149.1502 1.0622e+03    12.6716      0.002      0.003    27.6739 0.0000e+00
      0.001      0.030     7.9416     98.484     42.936  45.203529     1.8082      5.969   150.6788 1.0722e+03    12.6233      0.001      0.001    27.6543 0.0000e+00
      0.001      0.016     7.9467     95.269     42.937  45.203303     1.8468      5.980   151.2613 1.0795e+03    12.5897      0.002      0.003    27.6454 0.0000e+00
      0.001      0.006     7.9418     90.804     42.938  45.203963     1.8584      5.991   151.7192 1.0508e+03    12.5377      0.001      0.001    27.6399 0.0000e+00
      0.001      0.001     7.9130     85.941     42.944  45.211515     1.8483      6.001   152.8588 8.9820e+02    12.4732      0.001      0.001    27.6362 0.0000e+00
      0.001 4.1178e-08     7.8106     81.381     42.962  45.231136     1.8668      6.011   154.8010 8.2398e+02    12.4932      0.001      0.001    27.6344 0.0000e+00
      0.001 4.5295e-07     7.5426     77.575     42.978  45.250771     1.9232      6.019   156.5324 8.8159e+02    12.6428      0.001      0.001    27.6329 0.0000e+00
      0.001      0.000     7.1604     74.619     42.982  45.258491     1.9725      6.026   157.6177 1.0701e+03    12.7795      0.000      0.001    27.6321 0.0000e+00
      0.001      0.000     6.7623     72.439     42.981  45.260999     1.9804      6.034   158.1146 1.2264e+03    12.7790      0.002      0.002    27.6327 0.0000e+00
      0.001      0.001     6.3859     70.999     42.996  45.281102     1.9515      6.043   157.9799 1.1495e+03    12.6715      0.001      0.002    27.6343 0.0000e+00
      0.001      0.002     6.0869     70.169     43.021  45.311128     1.9147      6.052   157.7960 1.0109e+03    12.5388      0.001      0.001    27.6369 0.0000e+00
      0.001      0.002     5.8573     69.642     43.013  45.306659     1.9012      6.058   158.1282 9.2318e+02    12.5061      0.001      0.002    27.6405 0.0000e+00
      0.002      0.003     5.6845     69.177     42.995  45.290549     1.9142      6.063   158.5548 9.0753e+02    12.5499      0.001      0.002    27.6455 0.0000e+00
      0.003      0.003     5.5727     68.858     43.009  45.306783     1.9136      6.069   158.1366 9.5160e+02    12.5561      0.004      0.004    27.6503 0.0000e+00
      0.005      0.003     5.5173     68.855     43.013  45.312513     1.8775      6.077   157.2866 9.6250e+02    12.5129      0.005      0.007    27.6553 0.0000e+00
      0.005      0.002     5.4856     69.100     42.997  45.296345     1.8521      6.084   157.3978 9.3308e+02    12.4370      0.005      0.008    27.6601 0.0000e+00
      0.005      0.001     5.4430     69.345     43.001  45.301736     1.8566      6.090   158.1049 9.0052e+02    12.4237      0.006      0.008    27.6632 0.0000e+00
      0.005      0.000     5.4104     69.379     43.012  45.314221     1.8562      6.097   158.8666 9.1688e+02    12.4888      0.005      0.008    27.6653 0.0000e+00
      0.005 2.0475e-08     5.4124     69.138     43.017  45.320351     1.8553      6.104   159.2946 1.0056e+03    12.5415      0.005      0.007    27.6662 0.0000e+00
      0.006 2.2522e-07     5.4413     68.770     43.009  45.312362     1.8626      6.110   159.1498 1.0808e+03    12.5490      0.005      0.008    27.6671 0.0000e+00
      0.006 2.2522e-07     5.4653     68.474     42.979  45.281110     1.8536      6.116   159.4386 1.0430e+03    12.5108      0.005      0.008    27.6684 0.0000e+00
      0.006 2.0475e-08     5.4715     68.270     42.957  45.259882     1.8465      6.121   160.2926 9.8950e+02    12.4894      0.005      0.008    27.6696 0.0000e+00
      0.006 1.8614e-09     5.4471     68.140     42.942  45.246137     1.8595      6.125   161.1286 9.6585e+02    12.5294      0.006      0.008    27.6699 0.0000e+00
      0.006 1.6921e-10     5.4094     68.183     42.936  45.241880     1.8690      6.129   161.3730 9.0385e+02    12.5847      0.006      0.008    27.6702 0.0000e+00
      0.006 1.5383e-11     5.3879     68.536     42.963  45.271881     1.8623      6.134   161.1825 8.7409e+02    12.5770      0.006      0.009    27.6717 0.0000e+00
      0.006 1.3985e-12     5.3735     69.231     42.981  45.291495     1.8447      6.138   161.3206 8.9504e+02    12.5050      0.006      0.008    27.6736 0.0000e+00
      0.006 1.2713e-13     5.3594     70.166     42.978  45.288600     1.8552      6.142   161.7522 8.8825e+02    12.4300      0.006      0.008    27.6758 0.0000e+00
      0.005 1.1558e-14     5.3572     71.143     42.990  45.300359     1.9067      6.145   162.3577 9.0055e+02    12.3883      0.005      0.007    27.6784 0.0000e+00
      0.005 1.0507e-15     5.3844     71.993     42.996  45.306716     1.9425      6.149   163.1350 9.9266e+02    12.3776      0.005      0.007    27.6805 0.0000e+00
      0.006 9.5515e-17     5.4415     72.622     42.993  45.301983     1.9383      6.152   163.8369 1.0838e+03    12.3346      0.005      0.008    27.6815 0.0000e+00
      0.006 8.6835e-18     5.5219     73.003     42.998  45.306605     1.9227      6.155   164.1321 1.0937e+03    12.3456      0.006      0.008    27.6817 0.0000e+00
      0.006 7.8940e-19     5.6036     73.144     42.992  45.299111     1.9205      6.159   164.0374 1.0409e+03    12.5450      0.006      0.008    27.6811 0.0000e+00
      0.006 7.1765e-20     5.6730     73.079     42.970  45.274855     1.9286      6.162   164.0693 9.7513e+02    12.7307      0.006      0.009    27.6802 0.0000e+00
      0.006 6.5240e-21     5.7232     72.893     42.964  45.267239     1.9291      6.165   164.7757 9.0265e+02    12.7452      0.005      0.008    27.6790 0.0000e+00
      0.006 5.9310e-22     5.7525     72.672     42.968  45.270502     1.9178      6.167   165.6092 8.4994e+02    12.6518      0.006      0.008    27.6777 0.0000e+00
      0.006 5.3915e-23     5.7642     72.461     42.950  45.250830     1.9080      6.168   165.8006 9.4408e+02    12.5244      0.006      0.009    27.6763 0.0000e+00
      0.006 4.9015e-24     5.7553     72.272     42.921  45.219819     1.9113      6.169   165.8862 1.0936e+03    12.5024      0.006      0.009    27.6749 0.0000e+00
      0.006 4.4559e-25     5.7391     72.153     42.914  45.212941     1.9080      6.172   166.5579 1.0406e+03    12.5570      0.006      0.008    27.6736 0.0000e+00
      0.006 4.0509e-26     5.7199     72.148     42.931  45.231145     1.9008      6.176   167.6415 8.9832e+02    12.5708      0.006      0.008    27.6723 0.0000e+00
      0.006 3.6826e-27     5.7042     72.238     42.946  45.249496     1.9075      6.179   168.4054 8.4060e+02    12.5314      0.006      0.009    27.6717 0.0000e+00
      0.006 3.3478e-28     5.6874     72.350     42.938  45.244387     1.9059      6.183   168.6529 8.3895e+02    12.4565      0.006      0.008    27.6718 0.0000e+00
      0.006 3.0435e-29     5.6761     72.368     42.925  45.232853     1.9064      6.187   168.5683 8.9604e+02    12.4515      0.006      0.008    27.6718 0.0000e+00
      0.006 2.7668e-30     5.6774     72.274     42.929  45.237007     1.9214      6.190   168.5871 9.8770e+02    12.5042      0.006      0.008    27.6723 0.0000e+00
      0.006 2.5187e-31     5.6843     72.210     42.924  45.231128     1.9295      6.193   169.1384 1.0406e+03    12.5129      0.006      0.008    27.6754 0.0000e+00
      0.006 2.6617e-32     5.6993     72.551     42.918  45.225248     1.9208      6.196   169.8995 1.0414e+03    12.4891      0.006      0.009    27.6799 0.0000e+00
      0.006 4.3341e-32     5.6988     73.478     42.922  45.229392     1.9001      6.200   170.3902 9.9415e+02    12.4548      0.006      0.009    27.6822 0.0000e+00
      0.006 4.5407e-31     5.6902     74.493     42.911  45.217755     1.9038      6.205   170.5974 9.2028e+02    12.4743      0.006      0.008    27.6816 0.0000e+00
      0.006 4.9927e-30     5.6730     75.023     42.905  45.211502     1.9408      6.209   170.7697 8.8102e+02    12.5885      0.006      0.009    27.6805 0.0000e+00
