Data/DataNotYetUploadedToEDI/Raw_CTD/RawDownloads/071524_fcr10_S7809001.cnv
* Sea-Bird SBE19plus  Data File:
* FileName = C:\R\Reservoirs\Data\DataNotYetUploadedToEDI\Raw_CTD\RawDownloads\071524_fcr50_S7809_0001.hex
* Software version 2.8.0.119
* Temperature SN = 7809
* Conductivity SN = 7809
* System UpLoad Time = Jul 15 2024 16:22:03
* <ApplicationData>
* <Seaterm232>
# nquan = 15
# nvalues = 2010                        
# units = specified
# name 0 = depFM: Depth [fresh water, m]
# name 1 = dz/dtM: Descent Rate [m/s]
# name 2 = sbeox0Mg/L: Oxygen, SBE 43 [mg/l]
# name 3 = sbeox0PS: Oxygen, SBE 43 [% saturation]
# name 4 = specc: Specific Conductance [uS/cm]
# name 5 = c0uS/cm: Conductivity [uS/cm]
# name 6 = flECO-AFL: Fluorescence, WET Labs ECO-AFL/FL [mg/m^3]
# name 7 = ph: pH
# name 8 = orp: Oxidation Reduction Potential [mV]
# name 9 = par/sat/log: PAR/Logarithmic, Satlantic
# name 10 = turbWETntu0: Turbidity, WET Labs ECO [NTU]
# name 11 = prdM: Pressure, Strain Gauge [db]
# name 12 = prdE: Pressure, Strain Gauge [psi]
# name 13 = tv290C: Temperature [ITS-90, deg C]
# name 14 = flag:  0.000e+00
# span 0 =     -0.639,      9.583       
# span 1 =     -0.505,      3.857       
# span 2 =     0.1422,     8.8658       
# span 3 =      1.514,    100.848       
# span 4 =      0.355,    662.268       
# span 5 =   0.384464, 490.006353       
# span 6 =    -0.9069,     9.4766       
# span 7 =      5.490,      7.171       
# span 8 =    53.6861,   860.0702       
# span 9 = 1.2349e-01, 1.6278e+03       
# span 10 =    -2.3842,    86.1348      
# span 11 =     -0.628,      9.398      
# span 12 =     -0.910,     13.631      
# span 13 =    11.9430,    29.0754      
# span 14 = 0.0000e+00, 0.0000e+00      
# interval = seconds: 0.25
# start_time = Jul 15 2024 09:55:53 [Instrument's time stamp, header]
# bad_flag = -9.990e-29
*END*
[from data line 1350]
      6.011      0.006     8.5668     80.226     53.982  40.215334     0.4089      6.699   248.9097 1.2357e-01    27.1967      5.894      8.550    12.2349 0.0000e+00
      6.013      0.006     8.5713     80.218     53.951  40.183212     0.4054      6.700   249.2951 1.2352e-01    27.2377      5.896      8.552    12.2331 0.0000e+00
      6.013      0.005     8.5866     80.104     53.983  40.194739     0.4134      6.700   250.0071 1.2357e-01    27.2711      5.896      8.552    12.2399 0.0000e+00
      6.014      0.004     8.5872     79.942     54.038  40.227770     0.4223      6.700   249.7746 1.2362e-01    27.2583      5.897      8.554    12.2500 0.0000e+00
      6.015      0.003     8.5998     79.823     54.088  40.265248     0.4208      6.700   248.5495 1.2361e-01    27.2201      5.899      8.556    12.2484 0.0000e+00
      6.015      0.003     8.6015     79.747     54.082  40.267087     0.4043      6.700   248.0144 1.2363e-01    27.1847      5.898      8.555    12.2395 0.0000e+00
      6.016      0.004     8.5903     79.722     54.044  40.250009     0.4058      6.700   248.3818 1.2362e-01    27.2410      5.899      8.557    12.2251 0.0000e+00
      6.018      0.004     8.5685     79.789     54.023  40.249179     0.4227      6.700   249.0335 1.2359e-01    27.3198      5.901      8.559    12.2167 0.0000e+00
      6.019      0.005     8.5572     79.822     54.006  40.257060     0.4253      6.700   249.3544 1.2360e-01    27.3182      5.902      8.559    12.2159 0.0000e+00
      6.020      0.006     8.5505     79.755     54.010  40.281852     0.4203      6.700   249.0785 1.2358e-01    27.2554      5.904      8.562    12.2240 0.0000e+00
      6.021      0.007     8.5363     79.667     54.009  40.295105     0.4201      6.700   248.7090 1.2358e-01    27.2770      5.904      8.564    12.2352 0.0000e+00
      6.022      0.007     8.5529     79.577     53.997  40.290385     0.4318      6.700   248.6731 1.2362e-01    27.4439      5.905      8.565    12.2463 0.0000e+00
      6.024      0.007     8.5555     79.482     54.000  40.288253     0.4445      6.701   248.9029 1.2368e-01    27.5652      5.907      8.568    12.2664 0.0000e+00
      6.027      0.007     8.5357     79.403     53.992  40.269318     0.4324      6.703   249.1640 1.2370e-01    27.5486      5.911      8.573    12.2912 0.0000e+00
      6.030      0.007     8.5261     79.351     53.987  40.251825     0.4112      6.703   249.6788 1.2363e-01    27.4813      5.913      8.576    12.3036 0.0000e+00
      6.031      0.006     8.5158     79.328     54.023  40.267133     0.4043      6.702   250.3958 1.2359e-01    27.4685      5.916      8.579    12.3072 0.0000e+00
      6.033      0.005     8.5046     79.366     54.039  40.264003     0.4070      6.702   250.6922 1.2355e-01    27.5309      5.917      8.581    12.3055 0.0000e+00
      6.033      0.003     8.4987     79.452     53.998  40.213963     0.4184      6.701   250.5083 1.2352e-01    27.5869      5.916      8.581    12.2883 0.0000e+00
      6.033      0.002     8.4973     79.533     53.960  40.169795     0.4177      6.701   250.3239 1.2361e-01    27.4968      5.917      8.581    12.2740 0.0000e+00
      6.034      0.002     8.4930     79.599     53.976  40.174216     0.3986      6.702   251.2158 1.2368e-01    27.2948      5.917      8.582    12.2678 0.0000e+00
      6.034      0.003     8.5005     79.677     54.017  40.203942     0.3870      6.702   252.7737 1.2362e-01    27.1950      5.918      8.583    12.2536 0.0000e+00
      6.035      0.005     8.5171     79.758     54.026  40.211884     0.3945      6.702   253.3289 1.2357e-01    27.2120      5.918      8.583    12.2315 0.0000e+00
      6.036      0.006     8.5294     79.833     54.019  40.206774     0.4142      6.702   253.1110 1.2362e-01    27.2270      5.919      8.585    12.2157 0.0000e+00
      6.037      0.010     8.5350     79.914     54.019  40.205629     0.4170      6.703   252.8923 1.2367e-01    27.2053      5.921      8.587    12.2102 0.0000e+00
      6.040      0.015     8.5442     79.977     54.009  40.198033     0.4031      6.703   253.4380 1.2367e-01    27.1887      5.924      8.591    12.2104 0.0000e+00
      6.043      0.020     8.5541     80.006     53.980  40.178403     0.3954      6.704   254.7182 1.2367e-01    27.1967      5.926      8.595    12.2132 0.0000e+00
      6.047      0.025     8.5590     79.997     53.956  40.158677     0.3987      6.704   255.4654 1.2366e-01    27.2340      5.930      8.600    12.2135 0.0000e+00
      6.055      0.028     8.5713     79.925     53.951  40.149918     0.4105      6.704   255.5032 1.2365e-01    27.2635      5.937      8.611    12.2108 0.0000e+00
      6.067      0.028     8.5785     79.812     53.941  40.135958     0.4137      6.703   255.3473 1.2364e-01    27.2467      5.950      8.630    12.2099 0.0000e+00
      6.079      0.028     8.5795     79.722     53.932  40.116816     0.4046      6.703   255.1292 1.2364e-01    27.2354      5.963      8.650    12.2147 0.0000e+00
      6.085      0.027     8.5816     79.685     53.947  40.108852     0.3995      6.703   255.1028 1.2363e-01    27.2643      5.968      8.656    12.2135 0.0000e+00
      6.088      0.024     8.5745     79.700     53.959  40.103107     0.4104      6.703   255.4584 1.2364e-01    27.3224      5.970      8.657    12.2048 0.0000e+00
      6.093      0.021     8.5589     79.756     53.984  40.110807     0.4282      6.702   255.9016 1.2368e-01    27.3240      5.975      8.666    12.2038 0.0000e+00
      6.098      0.019     8.5502     79.854     54.029  40.138473     0.4310      6.703   256.1595 1.2359e-01    27.2489      5.981      8.675    12.1939 0.0000e+00
      6.103      0.018     8.5522     80.052     54.085  40.183747     0.4191      6.703   255.7375 1.2352e-01    27.2002      5.985      8.681    12.1680 0.0000e+00
      6.109      0.016     8.5553     80.358     54.112  40.213961     0.4183      6.702   255.0147 1.2361e-01    27.2807      5.991      8.689    12.1569 0.0000e+00
      6.114      0.013     8.5645     80.632     54.064  40.186475     0.4458      6.701   255.0781 1.2367e-01    27.4716      5.996      8.697    12.1486 0.0000e+00
      6.117      0.010     8.5747     80.829     54.033  40.168752     0.4767      6.702   255.4713 1.2366e-01    27.5614      5.999      8.700    12.1368 0.0000e+00
      6.117      0.007     8.5895     80.986     54.053  40.190071     0.4760      6.702   255.8969 1.2367e-01    27.5119      5.999      8.700    12.1443 0.0000e+00
      6.118      0.005     8.6323     81.076     54.042  40.190382     0.4543      6.702   256.5251 1.2368e-01    27.4876      5.999      8.701    12.1565 0.0000e+00
      6.119      0.003     8.6600     81.087     54.011  40.172524     0.4307      6.701   256.3558 1.2365e-01    27.5069      6.001      8.703    12.1636 0.0000e+00
      6.119      0.002     8.6759     81.007     54.005  40.164560     0.4157      6.702   255.4846 1.2361e-01    27.5406      6.001      8.704    12.1677 0.0000e+00
      6.120      0.002     8.6968     80.850     54.008  40.157548     0.4226      6.702   255.1969 1.2361e-01    27.5537      6.002      8.705    12.1710 0.0000e+00
      6.120      0.003     8.7021     80.683     54.009  40.151193     0.4229      6.702   255.5445 1.2367e-01    27.5287      6.002      8.705    12.1820 0.0000e+00
      6.120      0.005     8.7038     80.543     54.015  40.151183     0.4099      6.702   255.9875 1.2368e-01    27.5458      6.002      8.705    12.1906 0.0000e+00
      6.121      0.005     8.6960     80.437     54.025  40.157425     0.4070      6.703   256.0797 1.2362e-01    27.5894      6.002      8.705    12.1843 0.0000e+00
      6.123      0.006     8.6776     80.381     54.029  40.163198     0.4131      6.703   255.7990 1.2360e-01    27.6119      6.004      8.707    12.1722 0.0000e+00
      6.126      0.006     8.6594     80.371     54.015  40.157515     0.4175      6.702   255.6913 1.2362e-01    27.5444      6.008      8.714    12.1673 0.0000e+00
      6.129      0.006     8.6460     80.396     53.999  40.152187     0.4022      6.701   255.8956 1.2365e-01    27.3547      6.011      8.719    12.1638 0.0000e+00
      6.129      0.006     8.6335     80.455     53.998  40.162257     0.3941      6.701   256.2904 1.2366e-01    27.2656      6.010      8.717    12.1601 0.0000e+00
      6.130      0.013     8.6275     80.529     53.974  40.152343     0.4027      6.700   257.1950 1.2360e-01    27.3205      6.010      8.718    12.1653 0.0000e+00
      6.130      0.032     8.6259     80.599     53.904  40.095798     0.4059      6.696   258.3152 1.2357e-01    27.4032      6.011      8.719    12.1692 0.0000e+00
      6.131      0.059     8.6272     80.634     53.879  40.049763     0.4086      6.691   258.8217 1.2360e-01    27.5137      6.011      8.718    12.1734 0.0000e+00
      6.137      0.086     8.6325     80.608     53.922  40.039959     0.4019      6.688   258.7589 1.2356e-01    27.5644      6.010      8.717    12.1867 0.0000e+00
      6.165      0.106     8.6384     80.541     53.967  40.040670     0.3990      6.687   258.5888 1.2356e-01    27.5724      6.033      8.750    12.1968 0.0000e+00
      6.217      0.120     8.6473     80.499     54.011  40.058328     0.4078      6.684   258.9154 1.2361e-01    27.5757      6.099      8.845    12.1979 0.0000e+00
      6.267      0.127     8.6578     80.522     54.028  40.063042     0.4081      6.683   259.6104 1.2364e-01    27.5697      6.155      8.926    12.1712 0.0000e+00
      6.299      0.123     8.6643     80.587     54.006  40.034194     0.4112      6.683   259.9369 1.2364e-01    27.5685      6.180      8.964    12.1194 0.0000e+00
      6.319      0.108     8.6602     80.671     54.024  40.026849     0.4113      6.683   260.1096 1.2364e-01    27.5262      6.197      8.988    12.0874 0.0000e+00
      6.340      0.090     8.6552     80.786     54.063  40.037672     0.4010      6.681   260.1491 1.2367e-01    27.5029      6.214      9.013    12.0787 0.0000e+00
      6.364      0.079     8.6603     80.936     54.076  40.038100     0.4040      6.681   259.9847 1.2372e-01    27.5256      6.242      9.055    12.0751 0.0000e+00
      6.384      0.075     8.6705     81.091     54.075  40.032010     0.4138      6.681   260.3595 1.2375e-01    27.5618      6.265      9.087    12.0667 0.0000e+00
      6.395      0.074     8.6827     81.208     54.070  40.027498     0.4193      6.681   261.1533 1.2374e-01    27.5656      6.270      9.094    12.0415 0.0000e+00
      6.410      0.079     8.6993     81.263     54.093  40.047005     0.4209      6.681   261.4943 1.2366e-01    27.5374      6.282      9.110    12.0219 0.0000e+00
      6.434      0.089     8.7173     81.287     54.124  40.077479     0.4160      6.680   261.3846 1.2360e-01    27.7668      6.313      9.156    12.0169 0.0000e+00
      6.456      0.097     8.7371     81.323     54.101  40.078631     0.4188      6.678   261.2901 1.2361e-01    28.2558      6.335      9.188    12.0111 0.0000e+00
      6.477      0.098     8.7517     81.373     54.047  40.060961     0.4300      6.676   261.2981 1.2368e-01    28.5307      6.342      9.198    12.0109 0.0000e+00
      6.513      0.091     8.7551     81.405     54.021  40.054251     0.4354      6.675   261.3961 1.2372e-01    28.4942      6.381      9.256    12.0138 0.0000e+00
      6.555      0.077     8.7546     81.362     54.026  40.060981     0.4331      6.674   261.5278 1.2372e-01    28.2248      6.441      9.342    12.0157 0.0000e+00
      6.575      0.060     8.7555     81.229     54.049  40.078867     0.4358      6.674   261.5142 1.2366e-01    27.8696      6.456      9.364    12.0352 0.0000e+00
      6.574      0.041     8.7552     81.069     54.047  40.080117     0.4427      6.674   261.4900 1.2355e-01    27.7520      6.443      9.345    12.0645 0.0000e+00
      6.574      0.022     8.7601     80.913     54.033  40.076087     0.4418      6.674   261.4932 1.2353e-01    27.7940      6.445      9.350    12.0737 0.0000e+00
      6.576      0.008     8.7575     80.752     54.046  40.093618     0.4323      6.674   261.3797 1.2358e-01    27.7279      6.451      9.357    12.0726 0.0000e+00
      6.576      0.004     8.7386     80.623     54.045  40.101698     0.4115      6.675   261.3223 1.2361e-01    27.5677      6.447      9.350    12.0725 0.0000e+00
      6.577      0.005     8.7196     80.571     54.042  40.110335     0.3989      6.675   261.4014 1.2360e-01    27.4963      6.449      9.353    12.0753 0.0000e+00
      6.579      0.005     8.7036     80.578     54.060  40.134586     0.4058      6.674   261.4762 1.2359e-01    27.5140      6.453      9.359    12.0821 0.0000e+00
      6.580      0.006     8.6830     80.614     54.057  40.141064     0.4108      6.674   261.4523 1.2358e-01    27.5090      6.453      9.359    12.0885 0.0000e+00
      6.581      0.007     8.6643     80.667     54.026  40.125209     0.4095      6.674   261.4571 1.2359e-01    27.4694      6.454      9.360    12.0963 0.0000e+00
      6.583      0.008     8.6591     80.731     54.027  40.133290     0.4063      6.674   261.5338 1.2362e-01    27.4450      6.456      9.363    12.1066 0.0000e+00
      6.585      0.010     8.6583     80.804     54.074  40.175311     0.4060      6.675   261.6055 1.2367e-01    27.4871      6.457      9.365    12.1184 0.0000e+00
      6.587      0.012     8.6609     80.872     54.084  40.189035     0.4141      6.676   261.7222 1.2370e-01    27.5682      6.459      9.369    12.1262 0.0000e+00
      6.591      0.014     8.6657     80.907     54.056  40.172294     0.4211      6.676   261.8262 1.2365e-01    27.6745      6.463      9.374    12.1324 0.0000e+00
      6.595      0.014     8.6712     80.908     54.042  40.163294     0.4153      6.677   261.9159 1.2359e-01    27.7476      6.467      9.380    12.1396 0.0000e+00
      6.600      0.014     8.6783     80.923     54.014  40.143687     0.4018      6.677   262.0319 1.2363e-01    27.7007      6.473      9.388    12.1449 0.0000e+00
      6.604      0.014     8.6855     80.956     53.991  40.125622     0.4003      6.678   262.1970 1.2367e-01    27.6874      6.478      9.396    12.1528 0.0000e+00
      6.607      0.016     8.6897     80.959     54.010  40.135269     0.4218      6.678   262.4496 1.2369e-01    27.7239      6.480      9.398    12.1564 0.0000e+00
      6.608      0.025     8.6860     80.936     54.014  40.133396     0.4363      6.678   262.6766 1.2375e-01    27.6300      6.479      9.397    12.1549 0.0000e+00
      6.611      0.040     8.6867     80.910     53.982  40.102970     0.4182      6.678   262.8774 1.2367e-01    27.4749      6.482      9.402    12.1591 0.0000e+00
      6.616      0.056     8.6945     80.894     53.975  40.084708     0.3940      6.676   263.0704 1.2351e-01    27.3845      6.486      9.407    12.1583 0.0000e+00
      6.630      0.067     8.6942     80.875     54.025  40.102977     0.3941      6.674   263.2030 1.2349e-01    27.4595      6.495      9.419    12.1522 0.0000e+00
      6.660      0.072     8.6924     80.847     54.081  40.133442     0.4108      6.672   263.3626 1.2358e-01    27.6650      6.526      9.465    12.1474 0.0000e+00
      6.696      0.072     8.6893     80.851     54.086  40.135711     0.4131      6.672   263.5370 1.2365e-01    27.7512      6.574      9.534    12.1443 0.0000e+00
      6.718      0.065     8.6899     80.896     54.077  40.130412     0.4049      6.671   263.5042 1.2364e-01    27.6820      6.597      9.568    12.1334 0.0000e+00
      6.724      0.055     8.6952     80.961     54.077  40.132839     0.4037      6.671   263.3105 1.2361e-01    27.6140      6.593      9.561    12.1083 0.0000e+00
      6.730      0.044     8.6899     81.028     54.032  40.101595     0.4068      6.672   263.1745 1.2359e-01    27.6115      6.598      9.569    12.0974 0.0000e+00
