Data/DataNotYetUploadedToEDI/Raw_CTD/RawDownloads/071524_fcr50_S7809005.cnv
* Sea-Bird SBE19plus  Data File:
* FileName = C:\R\Reservoirs\Data\DataNotYetUploadedToEDI\Raw_CTD\RawDownloads\071524_fcr50_S7809_0005.hex
* Software version 2.8.0.119
* Temperature SN = 7809
* Conductivity SN = 7809
* System UpLoad Time = Jul 15 2024 16:23:55
* <ApplicationData>
* <Seaterm232>
# nquan = 15
# nvalues = 1163                        
# units = specified
# name 0 = depFM: Depth [fresh water, m]
# name 1 = dz/dtM: Descent Rate [m/s]
# name 2 = sbeox0Mg/L: Oxygen, SBE 43 [mg/l]
# name 3 = sbeox0PS: Oxygen, SBE 43 [% saturation]
# name 4 = specc: Specific Conductance [uS/cm]
# name 5 = c0uS/cm: Conductivity [uS/cm]
# name 6 = flECO-AFL: Fluorescence, WET Labs ECO-AFL/FL [mg/m^3]
# name 7 = ph: pH
# name 8 = orp: Oxidation Reduction Potential [mV]
# name 9 = par/sat/log: PAR/Logarithmic, Satlantic
# name 10 = turbWETntu0: Turbidity, WET Labs ECO [NTU]
# name 11 = prdM: Pressure, Strain Gauge [db]
# name 12 = prdE: Pressure, Strain Gauge [psi]
# name 13 = tv290C: Temperature [ITS-90, deg C]
# name 14 = flag:  0.000e+00
# span 0 =     -0.638,      6.229       
# span 1 =     -0.306,      0.137       
# span 2 =     0.1183,     8.6258       
# span 3 =      1.201,     95.070       
# span 4 =      3.125,     66.115       
# span 5 =   2.942147,  56.525892       
# span 6 =    -0.3622,    20.6490       
# span 7 =      7.026,      7.473       
# span 8 =   131.8651,   227.2181       
# span 9 = 1.2354e-01, 2.2518e+03       
# span 10 =    -0.3323,   298.4168      
# span 11 =     -0.627,      6.110      
# span 12 =     -0.910,      8.862      
# span 13 =    11.9053,    27.9110      
# span 14 = 0.0000e+00, 0.0000e+00      
# interval = seconds: 0.25
# start_time = Jul 15 2024 11:43:08 [Instrument's time stamp, header]
# bad_flag = -9.990e-29
*END*
[from data line 290]
      0.327      0.066     6.9252     87.176     42.564  44.504326     2.6098      7.419   148.5065 4.9556e+02    14.1312      0.322      0.468    27.3419 0.0000e+00
      0.336      0.063     6.9215     87.042     42.571  44.504327     2.6077      7.420   148.6854 5.0079e+02    14.1500      0.326      0.474    27.3223 0.0000e+00
      0.351      0.061     6.9202     86.814     42.571  44.498084     2.6539      7.422   148.8094 4.9738e+02    14.1254      0.341      0.494    27.3010 0.0000e+00
      0.374      0.059     6.9161     86.524     42.574  44.492305     2.7435      7.424   148.9747 4.8336e+02    14.1068      0.369      0.534    27.2836 0.0000e+00
      0.394      0.058     6.9134     86.226     42.587  44.497917     2.7837      7.425   149.2213 4.6521e+02    14.0963      0.389      0.564    27.2709 0.0000e+00
      0.408      0.055     6.9052     85.905     42.597  44.502445     2.7745      7.426   149.3809 4.5877e+02    14.1349      0.403      0.584    27.2657 0.0000e+00
      0.418      0.050     6.8866     85.489     42.583  44.483560     2.7230      7.428   149.4417 4.6983e+02    14.2662      0.411      0.595    27.2594 0.0000e+00
      0.428      0.044     6.8624     84.971     42.561  44.460005     2.6361      7.430   149.6129 4.8073e+02    14.3855      0.419      0.608    27.2455 0.0000e+00
      0.439      0.039     6.8412     84.470     42.571  44.471551     2.5900      7.431   149.9022 4.7655e+02    14.3822      0.433      0.627    27.2368 0.0000e+00
      0.449      0.035     6.8188     84.110     42.593  44.496211     2.5731      7.433   150.0997 4.7475e+02    14.2946      0.442      0.641    27.2294 0.0000e+00
      0.458      0.033     6.7885     83.945     42.599  44.504259     2.5808      7.435   150.1942 4.9886e+02    14.1800      0.449      0.652    27.2232 0.0000e+00
      0.467      0.031     6.7419     83.954     42.597  44.505387     2.6413      7.437   150.2710 5.3848e+02    14.0559      0.458      0.665    27.2235 0.0000e+00
      0.474      0.029     6.6982     84.107     42.599  44.509859     2.6890      7.437   150.4256 5.8982e+02    13.9897      0.465      0.675    27.2264 0.0000e+00
      0.479      0.027     6.6680     84.402     42.588  44.494864     2.6838      7.438   150.6878 6.2232e+02    13.9593      0.470      0.681    27.2291 0.0000e+00
      0.486      0.027     6.6553     84.733     42.559  44.451020     2.6028      7.439   150.8598 5.7165e+02    13.9615      0.477      0.692    27.2287 0.0000e+00
      0.493      0.028     6.6585     84.953     42.550  44.424056     2.4838      7.441   150.8705 4.8242e+02    14.0851      0.483      0.702    27.2326 0.0000e+00
      0.499      0.028     6.6664     84.993     42.561  44.422722     2.4434      7.443   150.8172 4.3204e+02    14.1905      0.489      0.709    27.2386 0.0000e+00
      0.507      0.028     6.6953     84.942     42.580  44.434862     2.4556      7.445   150.8173 4.1856e+02    14.1769      0.496      0.720    27.2374 0.0000e+00
      0.517      0.029     6.7275     84.920     42.590  44.443879     2.4319      7.447   150.8713 4.4322e+02    14.1934      0.507      0.735    27.2179 0.0000e+00
      0.525      0.031     6.7514     84.917     42.555  44.404794     2.3823      7.449   150.9542 4.7986e+02    14.2537      0.517      0.749    27.1932 0.0000e+00
      0.529      0.035     6.7534     84.891     42.510  44.343142     2.3632      7.450   151.1309 4.9097e+02    14.2907      0.519      0.753    27.1775 0.0000e+00
      0.534      0.037     6.7438     84.787     42.524  44.333179     2.3665      7.450   151.2872 5.1280e+02    14.3330      0.521      0.755    27.1678 0.0000e+00
      0.545      0.039     6.7454     84.608     42.557  44.347768     2.3229      7.450   151.4673 5.3754e+02    14.3900      0.533      0.773    27.1717 0.0000e+00
      0.560      0.041     6.7441     84.455     42.547  44.329080     2.2439      7.452   151.7601 5.1913e+02    14.3993      0.551      0.799    27.1745 0.0000e+00
      0.574      0.043     6.7470     84.378     42.521  44.297634     2.1937      7.454   151.9017 4.9740e+02    14.3426      0.565      0.819    27.1558 0.0000e+00
      0.584      0.043     6.7444     84.331     42.511  44.284926     2.1819      7.455   151.8887 4.9723e+02    14.3199      0.574      0.832    27.1174 0.0000e+00
      0.593      0.044     6.7282     84.298     42.532  44.302377     2.1934      7.456   152.0339 4.8613e+02    14.3290      0.581      0.843    27.0917 0.0000e+00
      0.602      0.047     6.7151     84.303     42.552  44.318207     2.2079      7.456   152.2799 4.5870e+02    14.2818      0.590      0.855    27.0864 0.0000e+00
      0.611      0.054     6.7124     84.348     42.529  44.285888     2.2070      7.455   152.3680 4.2888e+02    14.1943      0.598      0.867    27.0825 0.0000e+00
      0.624      0.064     6.7093     84.402     42.489  44.228971     2.1898      7.454   152.4120 4.1878e+02    14.1252      0.611      0.886    27.0800 0.0000e+00
      0.642      0.072     6.7055     84.397     42.483  44.201287     2.1834      7.454   152.5531 4.3226e+02    14.1284      0.628      0.910    27.0758 0.0000e+00
      0.665      0.076     6.7070     84.280     42.505  44.205025     2.1966      7.454   152.6967 4.4016e+02    14.1986      0.650      0.942    27.0687 0.0000e+00
      0.691      0.074     6.7121     84.096     42.522  44.210669     2.2072      7.455   152.8581 4.1986e+02    14.2569      0.681      0.987    27.0623 0.0000e+00
      0.714      0.067     6.7205     83.946     42.522  44.206028     2.2119      7.455   153.0416 3.8521e+02    14.2194      0.703      1.019    27.0457 0.0000e+00
      0.731      0.057     6.7263     83.865     42.529  44.212373     2.2040      7.455   153.0236 3.7705e+02    14.1207      0.718      1.041    27.0143 0.0000e+00
      0.744      0.044     6.7183     83.815     42.542  44.223913     2.1945      7.455   152.8982 4.1760e+02    14.0532      0.733      1.062    26.9898 0.0000e+00
      0.750      0.033     6.7007     83.752     42.540  44.218606     2.1972      7.455   152.9021 4.6570e+02    14.0186      0.738      1.069    26.9780 0.0000e+00
      0.752      0.025     6.6891     83.683     42.536  44.211678     2.2027      7.455   152.8989 4.4710e+02    14.0097      0.735      1.066    26.9725 0.0000e+00
      0.756      0.021     6.6840     83.623     42.528  44.203613     2.2121      7.455   152.9447 3.8769e+02    14.0132      0.739      1.074    26.9719 0.0000e+00
      0.762      0.022     6.6818     83.550     42.508  44.184571     2.2107      7.456   153.1987 3.6505e+02    13.9594      0.749      1.087    26.9721 0.0000e+00
      0.767      0.026     6.6769     83.455     42.499  44.171866     2.2021      7.456   153.4745 3.7337e+02    13.8718      0.753      1.092    26.9678 0.0000e+00
      0.771      0.034     6.6706     83.347     42.512  44.176947     2.1995      7.456   153.7843 3.8956e+02    13.9101      0.753      1.094    26.9618 0.0000e+00
      0.780      0.045     6.6675     83.213     42.526  44.182515     2.2048      7.455   154.1904 3.9109e+02    14.0132      0.764      1.108    26.9632 0.0000e+00
      0.792      0.057     6.6610     83.020     42.531  44.175691     2.2666      7.453   154.5130 3.6087e+02    13.9912      0.778      1.128    26.9681 0.0000e+00
      0.806      0.067     6.6534     82.756     42.528  44.157899     2.3635      7.451   154.6735 3.4596e+02    13.9171      0.787      1.141    26.9642 0.0000e+00
      0.827      0.071     6.6466     82.426     42.542  44.157797     2.4105      7.450   154.7545 3.5114e+02    13.9023      0.808      1.171    26.9511 0.0000e+00
      0.855      0.069     6.6386     81.991     42.565  44.174427     2.4190      7.451   154.8896 3.3584e+02    13.9145      0.840      1.219    26.9408 0.0000e+00
      0.880      0.064     6.6249     81.440     42.560  44.168537     2.4333      7.451   155.1030 3.0955e+02    13.8937      0.867      1.258    26.9302 0.0000e+00
      0.895      0.061     6.6051     80.875     42.542  44.150057     2.5834      7.452   155.3561 2.9413e+02    13.6850      0.880      1.276    26.9095 0.0000e+00
      0.900      0.058     6.5831     80.433     42.536  44.141421     2.8613      7.452   155.5400 2.9312e+02    13.3386      0.883      1.281    26.8876 0.0000e+00
      0.905      0.054     6.5508     80.145     42.531  44.127584     3.0038      7.453   155.6059 2.9094e+02    13.1904      0.884      1.282    26.8805 0.0000e+00
      0.918      0.054     6.5028     79.963     42.536  44.109690     3.0337      7.455   155.5507 2.8432e+02    13.1904      0.896      1.299    26.8836 0.0000e+00
      0.940      0.055     6.4521     79.826     42.585  44.115453     3.3972      7.456   155.4742 2.7926e+02    12.8954      0.923      1.339    26.8846 0.0000e+00
      0.961      0.057     6.4171     79.574     42.656  44.133722     4.0693      7.456   155.5416 2.6897e+02    12.3217      0.946      1.372    26.8817 0.0000e+00
      0.975      0.060     6.3966     78.854     42.711  44.140067     4.4272      7.457   155.7638 2.5937e+02    11.9926      0.957      1.388    26.8767 0.0000e+00
      0.985      0.060     6.3860     77.319     42.730  44.128618     4.4616      7.458   156.0962 2.5888e+02    11.9216      0.967      1.402    26.8538 0.0000e+00
      0.995      0.058     6.3843     74.989     42.725  44.122196     4.6261      7.458   156.3770 2.5747e+02    11.4294      0.975      1.414    26.7950 0.0000e+00
      1.010      0.054     6.3840     72.369     42.715  44.125885     4.9440      7.457   156.4914 2.4670e+02    10.5167      0.986      1.430    26.7223 0.0000e+00
      1.030      0.051     6.3467     70.194     42.700  44.109772     5.1263      7.457   156.5333 2.3976e+02    10.0063      1.011      1.467    26.6597 0.0000e+00
      1.050      0.049     6.2284     68.883     42.735  44.117798     5.1238      7.458   156.6252 2.3986e+02     9.9039      1.036      1.504    26.6158 0.0000e+00
      1.060      0.049     6.0261     68.285     42.815  44.159417     4.9558      7.460   156.7418 2.3704e+02     9.7228      1.041      1.510    26.6183 0.0000e+00
      1.064      0.050     5.7864     67.879     42.864  44.168596     4.6674      7.462   156.9113 2.3570e+02     9.4910      1.042      1.510    26.6544 0.0000e+00
      1.071      0.051     5.5983     67.078     42.899  44.165237     4.5246      7.464   157.1261 2.3771e+02     9.4236      1.048      1.519    26.6584 0.0000e+00
      1.085      0.055     5.5038     65.459     42.949  44.182212     4.5110      7.466   157.2738 2.3454e+02     9.4551      1.061      1.539    26.6148 0.0000e+00
      1.104      0.060     5.4780     62.980     42.998  44.183364     4.2695      7.467   157.4065 2.2429e+02     9.0864      1.082      1.570    26.5626 0.0000e+00
      1.126      0.062     5.4670     59.907     43.067  44.179100     3.8107      7.467   157.5256 2.1285e+02     8.3807      1.105      1.603    26.5148 0.0000e+00
      1.145      0.059     5.4216     56.493     43.149  44.194015     3.5582      7.468   157.5956 2.0321e+02     8.0277      1.125      1.630    26.4659 0.0000e+00
      1.159      0.054     5.2954     52.812     43.163  44.173157     3.5386      7.470   157.7362 1.9861e+02     8.0288      1.137      1.649    26.4346 0.0000e+00
      1.169      0.049     5.0885     48.968     43.125  44.117280     3.5399      7.471   157.9356 2.0084e+02     8.0523      1.148      1.665    26.3913 0.0000e+00
      1.177      0.045     4.8431     45.467     43.136  44.089669     3.5161      7.471   158.0280 2.0373e+02     8.0044      1.155      1.675    26.2834 0.0000e+00
      1.186      0.042     4.5737     42.802     43.216  44.093155     3.4842      7.472   158.0782 1.9869e+02     7.9280      1.160      1.684    26.1826 0.0000e+00
      1.199      0.042     4.2821     40.823     43.305  44.095835     3.4781      7.473   158.1991 1.8855e+02     7.9149      1.176      1.705    26.1553 0.0000e+00
      1.213      0.046     3.9520     38.929     43.345  44.058461     3.5253      7.473   158.3718 1.8540e+02     7.9492      1.191      1.728    26.1550 0.0000e+00
      1.223      0.051     3.6500     36.725     43.387  44.021998     3.9139      7.473   158.8752 1.8715e+02     7.9322      1.200      1.741    26.1221 0.0000e+00
      1.232      0.055     3.4493     34.292     43.474  44.035697     4.5810      7.473   159.8121 1.8452e+02     7.8121      1.206      1.749    26.0101 0.0000e+00
      1.245      0.056     3.3162     31.557     43.522  44.033555     4.9245      7.471   160.6646 1.7826e+02     7.7267      1.217      1.765    25.8946 0.0000e+00
      1.265      0.056     3.1841     28.311     43.516  43.996022     5.0044      7.469   161.2676 1.7303e+02     7.7195      1.240      1.798    25.8237 0.0000e+00
      1.285      0.056     2.9968     24.829     43.502  43.962697     5.6053      7.469   161.6817 1.6987e+02     7.6909      1.263      1.833    25.7260 0.0000e+00
      1.298      0.053     2.8060     21.618     43.502  43.947965     6.6879      7.470   162.0580 1.6608e+02     7.6202      1.274      1.850    25.6254 0.0000e+00
      1.308      0.046     2.6016     18.983     43.518  43.944823     7.2663      7.471   162.6342 1.6284e+02     7.5481      1.281      1.859    25.5753 0.0000e+00
      1.320      0.038     2.3231     16.995     43.512  43.924673     7.2967      7.470   163.0561 1.6011e+02     7.5014      1.294      1.877    25.5405 0.0000e+00
      1.331      0.033     2.0224     15.678     43.437  43.831265     7.2382      7.469   163.2014 1.5561e+02     7.4659      1.308      1.897    25.5193 0.0000e+00
      1.337      0.032     1.7510     15.073     43.359  43.704054     7.1417      7.469   163.2728 1.5310e+02     7.4603      1.312      1.903    25.5158 0.0000e+00
      1.340      0.035     1.5360     15.051     43.389  43.655987     7.0957      7.469   163.4032 1.5225e+02     7.5014      1.313      1.903    25.4794 0.0000e+00
      1.345      0.041     1.3743     15.245     43.433  43.630807     7.0652      7.469   163.8307 1.4939e+02     7.5196      1.319      1.912    25.4643 0.0000e+00
      1.355      0.046     1.2623     15.217     43.438  43.589921     6.7641      7.469   164.3991 1.4489e+02     7.4751      1.327      1.924    25.4669 0.0000e+00
      1.370      0.050     1.2176     14.755     43.490  43.605884     6.2353      7.468   165.0261 1.3983e+02     7.4413      1.340      1.946    25.4084 0.0000e+00
      1.390      0.050     1.2299     13.978     43.543  43.633343     5.9651      7.468   165.7333 1.3568e+02     7.4869      1.363      1.978    25.2938 0.0000e+00
      1.410      0.048     1.2626     13.072     43.529  43.604521     5.9602      7.468   166.2380 1.3370e+02     7.5492      1.388      2.012    25.2070 0.0000e+00
      1.421      0.043     1.2694     12.201     43.505  43.574744     5.9435      7.468   166.5685 1.3238e+02     7.5447      1.398      2.026    25.1715 0.0000e+00
      1.424      0.038     1.2248     11.558     43.508  43.590672     5.8041      7.468   166.8050 1.3032e+02     7.5006      1.396      2.025    25.1212 0.0000e+00
      1.429      0.034     1.1560     11.228     43.496  43.606702     5.5897      7.468   166.9461 1.2788e+02     7.4603      1.400      2.030    25.0924 0.0000e+00
      1.437      0.034     1.0787     11.200     43.454  43.578183     5.4902      7.468   167.1559 1.2533e+02     7.4674      1.408      2.042    25.0821 0.0000e+00
      1.448      0.037     0.9987     11.429     43.451  43.563233     5.4671      7.468   167.4484 1.2330e+02     7.5514      1.420      2.060    25.0631 0.0000e+00
      1.459      0.038     0.9440     11.805     43.517  43.616353     5.1357      7.468   167.6442 1.2150e+02     7.7935      1.430      2.074    25.0793 0.0000e+00
