Data/DataNotYetUploadedToEDI/Raw_CTD/RawDownloads/071524_fcr30_S7809003.cnv
* Sea-Bird SBE19plus  Data File:
* FileName = C:\R\Reservoirs\Data\DataNotYetUploadedToEDI\Raw_CTD\RawDownloads\071524_fcr50_S7809_0003.hex
* Software version 2.8.0.119
* Temperature SN = 7809
* Conductivity SN = 7809
* System UpLoad Time = Jul 15 2024 16:22:51
* <ApplicationData>
* <Seaterm232>
# nquan = 15
# nvalues = 1033                        
# units = specified
# name 0 = depFM: Depth [fresh water, m]
# name 1 = dz/dtM: Descent Rate [m/s]
# name 2 = sbeox0Mg/L: Oxygen, SBE 43 [mg/l]
# name 3 = sbeox0PS: Oxygen, SBE 43 [% saturation]
# name 4 = specc: Specific Conductance [uS/cm]
# name 5 = c0uS/cm: Conductivity [uS/cm]
# name 6 = flECO-AFL: Fluorescence, WET Labs ECO-AFL/FL [mg/m^3]
# name 7 = ph: pH
# name 8 = orp: Oxidation Reduction Potential [mV]
# name 9 = par/sat/log: PAR/Logarithmic, Satlantic
# name 10 = turbWETntu0: Turbidity, WET Labs ECO [NTU]
# name 11 = prdM: Pressure, Strain Gauge [db]
# name 12 = prdE: Pressure, Strain Gauge [psi]
# name 13 = tv290C: Temperature [ITS-90, deg C]
# name 14 = flag:  0.000e+00
# span 0 =     -0.642,      2.658       
# span 1 =     -0.311,      0.109       
# span 2 =     0.0843,     7.8032       
# span 3 =      1.064,     98.763       
# span 4 =      0.997,     89.204       
# span 5 =   1.012780,  78.618052       
# span 6 =    -0.7301,   227.5603       
# span 7 =      6.723,      7.210       
# span 8 =    56.0090,   272.1925       
# span 9 = 3.3262e+00, 2.1227e+03       
# span 10 =   -12.3113,   110.4732      
# span 11 =     -0.632,      2.607      
# span 12 =     -0.916,      3.781      
# span 13 =    18.3809,    27.8785      
# span 14 = 0.0000e+00, 0.0000e+00      
# interval = seconds: 0.25
# start_time = Jul 15 2024 11:25:21 [Instrument's time stamp, header]
# bad_flag = -9.990e-29
*END*
[from data line 675]
      1.048      0.018     5.2533     65.253     43.237  44.520935     4.2663      7.198   185.1449 2.1751e+02    10.6046      1.028      1.492    26.4988 0.0000e+00
      1.050      0.017     5.2368     65.185     43.230  44.507306     4.2778      7.200   185.1935 2.1667e+02    10.5988      1.030      1.494    26.4980 0.0000e+00
      1.054      0.016     5.2356     64.936     43.238  44.513444     4.2642      7.201   185.2272 2.1488e+02    10.4787      1.033      1.498    26.4929 0.0000e+00
      1.061      0.013     5.2466     64.445     43.256  44.531671     4.2266      7.202   185.2939 2.1151e+02    10.3482      1.040      1.509    26.4864 0.0000e+00
      1.068      0.011     5.2500     63.830     43.260  44.537258     4.1976      7.203   185.3977 2.0848e+02    10.3182      1.049      1.521    26.4779 0.0000e+00
      1.071      0.010     5.2477     63.320     43.239  44.517521     4.1971      7.204   185.3634 2.0825e+02    10.3557      1.052      1.526    26.4698 0.0000e+00
      1.068      0.010     5.2322     63.051     43.205  44.483459     4.2113      7.206   185.2243 2.0903e+02    10.3575      1.047      1.519    26.4674 0.0000e+00
      1.066      0.010     5.1880     63.000     43.170  44.442805     4.2696      7.207   185.1777 2.0813e+02    10.2027      1.044      1.514    26.4677 0.0000e+00
      1.069      0.012     5.1305     63.015     43.149  44.406817     4.3700      7.207   185.2298 2.0575e+02     9.9529      1.047      1.519    26.4695 0.0000e+00
      1.075      0.017     5.0849     62.856     43.127  44.365687     4.4261      7.208   185.4241 2.0284e+02     9.8657      1.054      1.528    26.4724 0.0000e+00
      1.082      0.023     5.0642     62.297     43.107  44.326340     4.4479      7.208   185.7198 2.0155e+02     9.9000      1.062      1.541    26.4763 0.0000e+00
      1.087      0.028     5.0647     61.265     43.111  44.311895     4.5419      7.207   185.9661 2.0164e+02     9.7182      1.067      1.548    26.4720 0.0000e+00
      1.092      0.032     5.0746     59.774     43.133  44.317965     4.6985      7.206   185.9936 1.9821e+02     9.3412      1.071      1.551    26.4518 0.0000e+00
      1.101      0.035     5.0723     57.863     43.164  44.336223     4.7849      7.205   185.8798 1.9177e+02     9.1332      1.078      1.563    26.4293 0.0000e+00
      1.113      0.036     5.0301     55.697     43.180  44.342203     4.7947      7.205   185.9673 1.8667e+02     9.1157      1.092      1.583    26.4084 0.0000e+00
      1.126      0.036     4.9474     53.562     43.175  44.326771     4.8004      7.205   186.1907 1.8278e+02     9.0954      1.105      1.602    26.3864 0.0000e+00
      1.136      0.034     4.8299     51.692     43.192  44.340048     4.7962      7.205   186.3433 1.7902e+02     9.0596      1.115      1.618    26.3675 0.0000e+00
      1.144      0.030     4.6723     50.200     43.222  44.375782     4.7853      7.206   186.4362 1.7663e+02     9.0243      1.122      1.628    26.3506 0.0000e+00
      1.149      0.025     4.4894     49.190     43.216  44.377985     4.7772      7.207   186.5406 1.7573e+02     8.9425      1.127      1.634    26.3374 0.0000e+00
      1.155      0.020     4.3103     48.755     43.201  44.366695     4.7811      7.207   186.6582 1.7443e+02     8.8891      1.133      1.643    26.3259 0.0000e+00
      1.160      0.015     4.1595     48.954     43.203  44.366237     4.8070      7.207   186.7407 1.7290e+02     8.9596      1.140      1.652    26.3175 0.0000e+00
      1.165      0.011     4.0344     49.715     43.215  44.372440     4.8250      7.207   186.8489 1.7289e+02     9.0437      1.143      1.657    26.3271 0.0000e+00
      1.166      0.008     3.9495     50.709     43.229  44.378214     4.8239      7.208   187.0195 1.7357e+02     9.0513      1.143      1.658    26.3424 0.0000e+00
      1.166      0.004     3.9125     51.492     43.231  44.372559     4.7847      7.209   187.0834 1.7352e+02     9.0528      1.143      1.657    26.3446 0.0000e+00
      1.166      0.002     3.9282     51.772     43.233  44.367526     4.7256      7.210   187.1048 1.7337e+02     9.1299      1.143      1.658    26.3414 0.0000e+00
      1.166      0.001     4.0017     51.550     43.256  44.380831     4.7175      7.210   187.1923 1.7332e+02     9.2314      1.144      1.660    26.3348 0.0000e+00
      1.166      0.005     4.0964     50.978     43.294  44.406457     4.7359      7.210   187.2809 1.7313e+02     9.2554      1.144      1.659    26.3233 0.0000e+00
      1.165      0.013     4.1702     50.146     43.326  44.423441     4.7396      7.210   187.4879 1.7355e+02     9.1813      1.143      1.657    26.3138 0.0000e+00
      1.165      0.023     4.1918     49.076     43.382  44.459207     4.8541      7.208   187.8018 1.7339e+02     9.0526      1.142      1.657    26.3072 0.0000e+00
      1.169      0.032     4.1678     47.754     43.472  44.521492     5.0968      7.206   188.1512 1.6997e+02     8.9635      1.144      1.659    26.2958 0.0000e+00
      1.182      0.036     4.1219     46.189     43.523  44.541712     5.2514      7.204   188.4432 1.6396e+02     8.9574      1.155      1.676    26.2784 0.0000e+00
      1.202      0.036     4.0544     44.341     43.517  44.513210     5.2926      7.203   188.5796 1.5877e+02     8.9789      1.180      1.712    26.2621 0.0000e+00
      1.220      0.034     3.9715     42.222     43.503  44.494230     5.3533      7.203   188.7674 1.5644e+02     8.9494      1.202      1.742    26.2403 0.0000e+00
      1.227      0.030     3.8662     40.189     43.505  44.502642     5.4447      7.203   188.9933 1.5635e+02     8.8747      1.205      1.749    26.2027 0.0000e+00
      1.224      0.027     3.7425     38.698     43.549  44.551455     5.4905      7.202   189.0738 1.5580e+02     8.8610      1.199      1.740    26.1591 0.0000e+00
      1.223      0.023     3.6011     37.948     43.645  44.640095     5.5163      7.200   189.2245 1.5360e+02     8.9554      1.196      1.734    26.1305 0.0000e+00
      1.228      0.021     3.4150     37.769     43.710  44.685698     5.7564      7.199   189.5248 1.5106e+02     9.0935      1.201      1.743    26.1266 0.0000e+00
      1.241      0.020     3.2345     37.639     43.704  44.658467     6.1789      7.197   189.7795 1.4863e+02     9.1644      1.216      1.764    26.1403 0.0000e+00
      1.253      0.018     3.1079     36.980     43.686  44.628199     6.3968      7.196   189.8948 1.4704e+02     9.1299      1.232      1.786    26.1508 0.0000e+00
      1.259      0.016     3.0514     35.606     43.696  44.637096     6.4186      7.197   189.8864 1.4755e+02     9.1201      1.239      1.796    26.1394 0.0000e+00
      1.257      0.016     3.0559     33.864     43.760  44.702561     6.6252      7.198   189.9360 1.4890e+02     9.2503      1.234      1.790    26.1097 0.0000e+00
      1.252      0.016     3.0665     32.289     43.845  44.784957     7.0145      7.198   190.1502 1.4906e+02     9.4406      1.225      1.776    26.0812 0.0000e+00
      1.252      0.017     3.0211     31.108     43.880  44.808140     7.2225      7.198   190.4110 1.4746e+02     9.5090      1.224      1.774    26.0689 0.0000e+00
      1.261      0.020     2.8962     30.037     43.876  44.792407     7.2339      7.198   190.5083 1.4456e+02     9.4277      1.235      1.791    26.0690 0.0000e+00
      1.275      0.023     2.7366     28.682     43.874  44.785145     7.2109      7.198   190.4664 1.4173e+02     9.3112      1.252      1.815    26.0742 0.0000e+00
      1.285      0.024     2.6001     27.137     43.874  44.783814     7.1767      7.199   190.5072 1.4025e+02     9.2280      1.262      1.831    26.0712 0.0000e+00
      1.289      0.022     2.5168     25.878     43.867  44.776305     7.1701      7.199   190.6569 1.3952e+02     9.2065      1.264      1.834    26.0508 0.0000e+00
      1.290      0.020     2.4478     25.157     43.847  44.757831     7.1799      7.200   190.8142 1.3850e+02     9.2233      1.265      1.835    26.0341 0.0000e+00
      1.291      0.019     2.3350     24.849     43.840  44.750886     7.1787      7.200   190.9462 1.3702e+02     9.1916      1.266      1.837    26.0309 0.0000e+00
      1.295      0.020     2.1889     24.795     43.847  44.755805     7.2317      7.200   191.0477 1.3462e+02     9.1304      1.268      1.841    26.0305 0.0000e+00
      1.302      0.021     2.0796     24.956     43.849  44.753833     7.3543      7.201   191.0948 1.3140e+02     9.1329      1.274      1.848    26.0303 0.0000e+00
      1.311      0.024     2.0284     25.260     43.887  44.790504     7.4374      7.201   191.0858 1.2838e+02     9.1535      1.286      1.865    26.0322 0.0000e+00
      1.319      0.026     2.0087     25.547     43.978  44.881809     7.4795      7.202   191.1122 1.2640e+02     9.1745      1.296      1.880    26.0341 0.0000e+00
      1.324      0.026     2.0041     25.802     44.071  44.969113     7.7551      7.203   191.2414 1.2531e+02     9.1815      1.299      1.884    26.0310 0.0000e+00
      1.328      0.026     2.0176     25.992     44.136  45.020869     8.2646      7.203   191.3573 1.2386e+02     9.1364      1.300      1.887    26.0241 0.0000e+00
      1.335      0.026     2.0511     25.716     44.200  45.063228     8.5452      7.203   191.4812 1.2192e+02     9.1067      1.308      1.898    26.0232 0.0000e+00
      1.344      0.027     2.0731     24.486     44.261  45.100363     8.5844      7.203   191.6202 1.2047e+02     9.1292      1.319      1.912    26.0246 0.0000e+00
      1.351      0.028     2.0897     22.236     44.272  45.088958     8.6884      7.204   191.6618 1.1945e+02     9.1012      1.325      1.922    26.0172 0.0000e+00
      1.357      0.028     2.1207     19.340     44.253  45.052250     8.8458      7.203   191.7257 1.1834e+02     8.9739      1.331      1.930    25.9990 0.0000e+00
      1.365      0.027     2.1181     16.273     44.248  45.037372     8.9223      7.202   191.8772 1.1705e+02     8.9224      1.339      1.941    25.9724 0.0000e+00
      1.372      0.026     2.0205     13.351     44.255  45.036011     8.9228      7.202   192.1162 1.1585e+02     8.9224      1.346      1.952    25.9411 0.0000e+00
      1.379      0.026     1.8256     10.845     44.265  45.035776     8.9027      7.202   192.3791 1.1492e+02     8.9047      1.353      1.962    25.9125 0.0000e+00
      1.384      0.025     1.5745      9.057     44.274  45.034518     8.8866      7.201   192.4750 1.1404e+02     8.9487      1.357      1.969    25.8945 0.0000e+00
      1.390      0.023     1.3183      8.068     44.272  45.020784     8.8781      7.201   192.5015 1.1294e+02     8.9421      1.363      1.977    25.8850 0.0000e+00
      1.397      0.023     1.0759      7.752     44.261  44.996654     8.8337      7.202   192.6128 1.1176e+02     8.8928      1.370      1.987    25.8760 0.0000e+00
      1.403      0.023     0.8587      7.918     44.272  44.996656     8.4746      7.203   192.7023 1.1072e+02     8.8644      1.376      1.995    25.8642 0.0000e+00
      1.408      0.023     0.7129      8.342     44.303  45.020790     7.8319      7.204   192.7235 1.0983e+02     8.8042      1.381      2.002    25.8519 0.0000e+00
      1.413      0.023     0.6377      8.857     44.318  45.034536     7.4884      7.204   192.7831 1.0887e+02     8.7795      1.386      2.010    25.8393 0.0000e+00
      1.419      0.022     0.6163      9.347     44.315  45.035898     7.4505      7.204   192.9063 1.0772e+02     8.7704      1.392      2.018    25.8257 0.0000e+00
      1.426      0.020     0.6383      9.746     44.309  45.037269     7.3906      7.204   193.0090 1.0642e+02     8.6265      1.399      2.028    25.8122 0.0000e+00
      1.432      0.019     0.6767     10.048     44.318  45.051117     7.1805      7.204   193.0780 1.0560e+02     8.3718      1.405      2.038    25.8017 0.0000e+00
      1.437      0.020     0.7222     10.274     44.343  45.076382     6.8741      7.204   193.2244 1.0549e+02     8.2184      1.409      2.046    25.7997 0.0000e+00
      1.438      0.023     0.7641     10.443     44.363  45.088844     6.7241      7.203   193.4020 1.0530e+02     8.2056      1.410      2.045    25.8062 0.0000e+00
      1.440      0.026     0.7962     10.555     44.363  45.074823     6.7234      7.203   193.5045 1.0452e+02     8.1837      1.410      2.044    25.8163 0.0000e+00
      1.447      0.028     0.8198     10.574     44.341  45.033789     6.8821      7.202   193.6038 1.0281e+02     7.9876      1.417      2.055    25.8228 0.0000e+00
      1.460      0.030     0.8378     10.447     44.296  44.973544     7.1864      7.201   193.7425 1.0054e+02     7.6456      1.432      2.077    25.8226 0.0000e+00
      1.472      0.032     0.8514     10.188     44.256  44.917685     7.3651      7.201   193.8907 9.9243e+01     7.4989      1.446      2.098    25.8151 0.0000e+00
      1.480      0.034     0.8615      9.862     44.224  44.866207     7.3947      7.201   194.1049 9.8911e+01     7.5795      1.452      2.107    25.7988 0.0000e+00
      1.485      0.034     0.8663      9.560     44.179  44.795447     7.3534      7.200   194.4392 9.8239e+01     7.5275      1.454      2.110    25.7733 0.0000e+00
      1.491      0.035     0.8552      9.376     44.109  44.696854     7.2642      7.199   194.7498 9.7075e+01     7.3138      1.460      2.119    25.7573 0.0000e+00
      1.501      0.036     0.8323      9.357     44.073  44.626238     7.2242      7.198   194.9358 9.5580e+01     7.1823      1.472      2.134    25.7452 0.0000e+00
      1.512      0.036     0.8037      9.479     44.120  44.639823     7.2520      7.198   195.1390 9.3512e+01     7.2013      1.482      2.149    25.7205 0.0000e+00
      1.524      0.034     0.7760      9.703     44.173  44.670630     7.4841      7.197   195.3999 9.1383e+01     7.2358      1.493      2.167    25.6937 0.0000e+00
      1.537      0.029     0.7601      9.984     44.188  44.681310     7.8830      7.196   195.5087 9.0333e+01     7.1558      1.510      2.190    25.6628 0.0000e+00
      1.544      0.026     0.7603     10.243     44.142  44.641994     8.0885      7.195   195.4220 9.0392e+01     7.0528      1.519      2.202    25.6225 0.0000e+00
      1.544      0.026     0.7722     10.419     44.009  44.512658     8.1550      7.195   195.3843 9.0677e+01     7.0150      1.514      2.197    25.5781 0.0000e+00
      1.544      0.027     0.7914     10.489     43.897  44.387048     8.7448      7.195   195.4829 9.0294e+01     7.0415      1.511      2.192    25.5489 0.0000e+00
      1.550      0.028     0.8177     10.449     43.868  44.329285     9.8179      7.195   195.4953 8.8619e+01     7.0999      1.517      2.200    25.5450 0.0000e+00
      1.562      0.031     0.8404     10.310     43.891  44.322016    10.3930      7.195   195.4486 8.6507e+01     7.0722      1.530      2.220    25.5603 0.0000e+00
      1.577      0.032     0.8547     10.104     43.890  44.299107    10.4383      7.195   195.5202 8.4949e+01     6.9792      1.548      2.245    25.5757 0.0000e+00
      1.588      0.032     0.8609      9.888     43.845  44.242695    10.4985      7.196   195.5871 8.3979e+01     6.9665      1.559      2.260    25.5596 0.0000e+00
      1.594      0.029     0.8581      9.713     43.818  44.211202    10.6046      7.196   195.6544 8.3454e+01     7.0556      1.564      2.269    25.5187 0.0000e+00
      1.597      0.026     0.8463      9.567     43.719  44.108750    10.6722      7.195   195.9042 8.2985e+01     7.1332      1.566      2.272    25.4795 0.0000e+00
      1.600      0.028     0.8287      9.453     43.519  43.892605    10.6922      7.194   196.2845 8.2451e+01     7.1188      1.569      2.275    25.4543 0.0000e+00
      1.605      0.035     0.8079      9.383     43.438  43.755921    10.7882      7.193   196.4666 8.1851e+01     7.1214      1.575      2.284    25.4451 0.0000e+00
      1.612      0.044     0.7957      9.315     43.583  43.789008    12.0159      7.193   196.3851 8.0626e+01     8.0866      1.578      2.289    25.4405 0.0000e+00
