Data/DataNotYetUploadedToEDI/Raw_CTD/RawDownloads/071524_fcr20_S7809002.cnv
* Sea-Bird SBE19plus  Data File:
* FileName = C:\R\Reservoirs\Data\DataNotYetUploadedToEDI\Raw_CTD\RawDownloads\071524_fcr50_S7809_0002.hex
* Software version 2.8.0.119
* Temperature SN = 7809
* Conductivity SN = 7809
* System UpLoad Time = Jul 15 2024 16:22:23
* <ApplicationData>
* <Seaterm232>
# nquan = 15
# nvalues = 694                         
# units = specified
# name 0 = depFM: Depth [fresh water, m]
# name 1 = dz/dtM: Descent Rate [m/s]
# name 2 = sbeox0Mg/L: Oxygen, SBE 43 [mg/l]
# name 3 = sbeox0PS: Oxygen, SBE 43 [% saturation]
# name 4 = specc: Specific Conductance [uS/cm]
# name 5 = c0uS/cm: Conductivity [uS/cm]
# name 6 = flECO-AFL: Fluorescence, WET Labs ECO-AFL/FL [mg/m^3]
# name 7 = ph: pH
# name 8 = orp: Oxidation Reduction Potential [mV]
# name 9 = par/sat/log: PAR/Logarithmic, Satlantic
# name 10 = turbWETntu0: Turbidity, WET Labs ECO [NTU]
# name 11 = prdM: Pressure, Strain Gauge [db]
# name 12 = prdE: Pressure, Strain Gauge [psi]
# name 13 = tv290C: Temperature [ITS-90, deg C]
# name 14 = flag:  0.000e+00
# span 0 =     -0.650,      2.314       
# span 1 =     -0.396,      0.181       
# span 2 =     0.1100,     7.6458       
# span 3 =      1.278,     97.725       
# span 4 =      1.352,    180.034       
# span 5 =   1.500596, 164.404349       
# span 6 =    -0.3062,    13.1379       
# span 7 =      5.637,      6.834       
# span 8 = -1240.7455,   358.3034       
# span 9 = 1.5751e+00, 2.4139e+03       
# span 10 =    -0.3210,    98.5173      
# span 11 =     -0.639,      2.270      
# span 12 =     -0.927,      3.293      
# span 13 =    20.6395,    30.5083      
# span 14 = 0.0000e+00, 0.0000e+00      
# interval = seconds: 0.25
# start_time = Jul 15 2024 11:18:45 [Instrument's time stamp, header]
# bad_flag = -9.990e-29
*END*
[from data line 579]
      2.153      0.024     0.1396      1.605     92.795  86.715348    11.0875      6.738   149.8822 5.4517e+00    13.3959      2.110      3.060    21.9915 0.0000e+00
      2.160      0.025     0.1389      1.599     93.170  86.772196    11.1401      6.737   149.5160 5.3747e+00    13.7824      2.118      3.072    22.0103 0.0000e+00
      2.169      0.025     0.1396      1.589     91.592  85.103404    11.6703      6.736   149.3335 5.2954e+00    18.1277      2.127      3.086    21.9825 0.0000e+00
      2.176      0.025     0.1403      1.575     91.104  84.601884    12.6368      6.734   149.1379 5.2394e+00    26.1389      2.135      3.097    21.8866 0.0000e+00
      2.183      0.024     0.1417      1.564     93.583  86.941308    13.1379      6.733   148.8722 5.1975e+00    30.5411      2.140      3.105    21.7307 0.0000e+00
      2.188      0.022     0.1411      1.575     96.380  89.599649    12.9929      6.731   148.4433 5.1525e+00    31.0465      2.146      3.113    21.5408 0.0000e+00
      2.192      0.020     0.1404      1.596     97.726  90.917476    10.9091      6.730   147.7386 5.0972e+00    32.3864      2.150      3.119    21.4117 0.0000e+00
      2.196      0.020     0.1398      1.608     99.231  92.314421     7.0608      6.729   146.8911 5.0440e+00    34.7863      2.153      3.124    21.4120 0.0000e+00
      2.201      0.020     0.1368      1.608    101.022  93.827901     4.9493      6.727   146.1114 4.9869e+00    35.9813      2.157      3.130    21.4485 0.0000e+00
      2.206      0.021     0.1388      1.612    101.502  94.009197     4.6563      6.725   145.3663 4.9095e+00    35.2542      2.163      3.137    21.4691 0.0000e+00
      2.212      0.021     0.1411      1.613    101.424  93.679316     3.4593      6.724   144.5077 4.8080e+00    26.2679      2.170      3.146    21.5235 0.0000e+00
      2.219      0.021     0.1425      1.600    101.103  93.211601     1.2882      6.723   143.3016 4.7136e+00     9.7563      2.178      3.158    21.5438 0.0000e+00
      2.225      0.021     0.1415      1.582     99.682  91.789736     0.1033      6.724   141.9676 4.6672e+00     0.7404      2.183      3.165    21.4581 0.0000e+00
      2.229      0.021     0.1428      1.566    100.037  92.075888    -0.0129      6.724   141.1987 4.6212e+00    -0.1109      2.185      3.170    21.3005 0.0000e+00
      2.234      0.021     0.1444      1.567    105.979  97.624574    -0.0421      6.723   141.0598 4.5022e+00    -0.1617      2.191      3.177    21.1547 0.0000e+00
      2.239      0.022     0.1419      1.580    116.074 106.945547    -0.0589      6.722   141.1490 4.2892e+00    -0.0099      2.195      3.184    21.0845 0.0000e+00
      2.244      0.024     0.1417      1.603    126.399 116.224285    -0.0658      6.719   141.2442 3.9983e+00     0.1193      2.200      3.191    21.0320 0.0000e+00
      2.250      0.026     0.1383      1.635    133.551 122.435225    -0.0676      6.717   141.2655 3.6775e+00     0.1368      2.207      3.200    20.9769 0.0000e+00
      2.258      0.026     0.1393      1.645    136.410 124.768690    -0.0639      6.714   140.7177 3.3769e+00     0.0296      2.214      3.212    21.0550 0.0000e+00
      2.266      0.025     0.1406      1.634    140.247 128.126439    -0.0540      6.713   139.6118 3.1098e+00    -0.1515      2.222      3.223    21.1226 0.0000e+00
      2.274      0.024     0.1416      1.629    152.124 138.937720    -0.0484      6.713   138.6487 2.8813e+00    -0.2424      2.230      3.235    20.9938 0.0000e+00
      2.280      0.023     0.1479      1.638    169.969 155.235878    -0.0453      6.712   137.5044 2.7156e+00    -0.2493      2.237      3.244    20.8181 0.0000e+00
      2.284      0.021     0.1482      1.642    180.034 164.404349    -0.0331      6.710   136.1012 2.5896e+00    -0.2012      2.240      3.249    20.7085 0.0000e+00
      2.288      0.020     0.1461      1.616    175.862 160.571229    -0.0346      6.707   134.7607 2.4209e+00    -0.1724      2.243      3.254    20.6592 0.0000e+00
      2.293      0.019     0.1455      1.559    167.130 152.624879    -0.0464      6.704   133.5138 2.1768e+00    -0.2099      2.248      3.260    20.6561 0.0000e+00
      2.299      0.018     0.1472      1.512    161.074 147.162128    -0.0419      6.700   132.4677 1.9381e+00    -0.2103      2.254      3.270    20.6670 0.0000e+00
      2.304      0.016     0.1483      1.495    161.201 147.356372    -0.0312      6.696   130.6307 1.7738e+00    -0.1778      2.260      3.279    20.6552 0.0000e+00
      2.308      0.012     0.1466      1.480    159.412 145.776644    -0.0252      6.693   127.7371 1.6571e+00    -0.1577      2.263      3.282    20.6395 0.0000e+00
      2.311      0.006     0.1393      1.450    144.580 132.240786    -0.0195      6.690   124.7554 1.5751e+00    -0.1380      2.267      3.288    20.6514 0.0000e+00
      2.314     -0.003     0.1340      1.415    129.953 118.883185    -0.0204      6.685   121.7673 1.5821e+00    -0.1447      2.270      3.293    20.6765 0.0000e+00
      2.314     -0.013     0.1342      1.395    122.242 111.852707    -0.0354      6.680   119.2264 1.7318e+00    -0.2043      2.270      3.293    20.7023 0.0000e+00
      2.310     -0.022     0.1333      1.392    114.797 105.073211    -0.0515      6.676   117.6086 2.0583e+00    -0.2783      2.266      3.287    20.7227 0.0000e+00
      2.301     -0.030     0.1301      1.397    109.972 100.717230    -0.0566      6.673   116.6620 2.5626e+00    -0.3210      2.258      3.275    20.7285 0.0000e+00
      2.289     -0.035     0.1259      1.402    109.359 100.252021    -0.0556      6.673   116.2130 3.0987e+00    -0.2767      2.244      3.255    20.7347 0.0000e+00
      2.276     -0.036     0.1245      1.402    111.486 102.313179    -0.0562      6.673   115.4489 3.5074e+00    -0.0169      2.231      3.236    20.7457 0.0000e+00
      2.265     -0.032     0.1242      1.409    114.405 105.076757    -0.0469      6.673   113.9622 3.8326e+00     2.2739      2.220      3.220    20.7551 0.0000e+00
      2.256     -0.025     0.1252      1.418    116.388 106.928257    -0.0265      6.673   112.4337 4.0464e+00     6.4814      2.212      3.208    20.7805 0.0000e+00
      2.251     -0.015     0.1258      1.423    117.737 108.145872    -0.0182      6.674   111.2513 4.0184e+00     8.8059      2.207      3.200    20.8281 0.0000e+00
      2.249     -0.006     0.1245      1.423    118.207 108.528239    -0.0208      6.676   110.2479 3.8610e+00     9.0627      2.205      3.198    20.8846 0.0000e+00
      2.251      0.001     0.1259      1.416    117.887 108.176680    -0.0250      6.678   109.0772 3.7465e+00     9.8944      2.207      3.201    20.9279 0.0000e+00
      2.254      0.006     0.1268      1.422    117.655 107.906836    -0.0359      6.680   107.5940 3.6707e+00    11.4838      2.210      3.205    20.9389 0.0000e+00
      2.257      0.009     0.1269      1.441    117.618 107.812598    -0.0523      6.680   105.9950 3.5984e+00    12.3626      2.213      3.209    20.9261 0.0000e+00
      2.261      0.009     0.1280      1.460    117.674 107.801284    -0.0652      6.680   104.3710 3.5561e+00    12.1840      2.217      3.215    20.9015 0.0000e+00
      2.263      0.009     0.1256      1.488    117.911 107.960987    -0.0597      6.681   102.6707 3.5686e+00     9.1534      2.220      3.219    20.8757 0.0000e+00
      2.264      0.008     0.1265      1.508    118.310 108.278885    -0.0351      6.683   101.0097 3.5843e+00     3.5943      2.221      3.221    20.8529 0.0000e+00
      2.265      0.006     0.1296      1.498    118.479 108.397360    -0.0257      6.684    99.4312 3.5424e+00     0.5806      2.222      3.222    20.8273 0.0000e+00
      2.268      0.003     0.1296      1.480    118.340 108.247250    -0.0371      6.685    97.5234 3.4721e+00     0.2817      2.225      3.226    20.7993 0.0000e+00
      2.269     -0.001     0.1334      1.477    117.728 107.673762    -0.0405      6.685    95.2359 3.4436e+00     0.0830      2.226      3.229    20.7742 0.0000e+00
      2.269     -0.009     0.1368      1.477    115.824 105.920641    -0.0420      6.685    92.9398 3.4525e+00    -0.1476      2.225      3.227    20.7539 0.0000e+00
      2.269     -0.025     0.1343      1.472    111.973 102.394995    -0.0550      6.681    90.7544 3.4699e+00    -0.1498      2.226      3.228    20.7381 0.0000e+00
      2.266     -0.053     0.1316      1.456    106.608  97.513130    -0.0392      6.678    89.2039 3.5023e+00     1.1827      2.224      3.225    20.7293 0.0000e+00
      2.257     -0.097     0.1325      1.420    101.348  92.786366     0.2991      6.678    88.3901 3.5871e+00    16.2037      2.217      3.215    20.7249 0.0000e+00
      2.239     -0.155     0.1327      1.393     96.241  88.263885     0.9309      6.680    87.6254 3.9062e+00    43.7372      2.203      3.194    20.7199 0.0000e+00
      2.200     -0.216     0.1318      1.370     88.593  81.450469     1.2824      6.684    86.5821 4.6024e+00    58.7971      2.167      3.143    20.7137 0.0000e+00
      2.134     -0.265     0.1320      1.316     79.405  73.240150     1.3528      6.690    84.8957 5.5139e+00    60.7996      2.103      3.050    20.7196 0.0000e+00
      2.039     -0.289     0.1264      1.278     73.526  68.089532     1.8398      6.697    82.6371 6.5497e+00    68.3246      2.007      2.912    20.7585 0.0000e+00
      1.929     -0.286     0.1235      1.295     70.847  65.897987     2.7351      6.703    80.8696 7.7603e+00    81.9749      1.888      2.739    20.8419 0.0000e+00
      1.830     -0.263     0.1248      1.330     68.943  64.409190     3.2134      6.711    80.1299 8.8561e+00    89.4114      1.780      2.581    20.9645 0.0000e+00
      1.768     -0.233     0.1166      1.372     67.831  63.623454     3.2374      6.718    79.8881 9.5281e+00    90.2955      1.719      2.493    21.1145 0.0000e+00
      1.743     -0.205     0.1100      1.423     66.872  62.942890     2.9669      6.725    79.5811 1.0007e+01    92.5283      1.705      2.475    21.2945 0.0000e+00
      1.725     -0.189     0.1149      1.464     63.950  60.374255     2.4396      6.731    79.0848 1.0762e+01    96.4244      1.700      2.466    21.5067 0.0000e+00
      1.690     -0.191     0.1165      1.486     60.974  57.721252     2.1461      6.737    78.3620 1.1959e+01    98.4963      1.666      2.417    21.7186 0.0000e+00
      1.631     -0.206     0.1193      1.511     61.246  58.116735     2.1157      6.742    77.7249 1.3371e+01    98.5173      1.602      2.324    21.9010 0.0000e+00
      1.561     -0.226     0.1251      1.557     61.773  58.742908     2.1472      6.744    77.9209 1.4713e+01    97.2937      1.532      2.221    22.0649 0.0000e+00
      1.489     -0.243     0.1279      1.590     60.644  57.798662     2.5849      6.747    78.8389 1.5818e+01    84.1459      1.459      2.115    22.2121 0.0000e+00
      1.424     -0.250     0.1297      1.609     59.254  56.609228     3.3961      6.751    79.7908 1.6561e+01    60.0630      1.391      2.017    22.3359 0.0000e+00
      1.369     -0.246     0.1290      1.639     58.378  55.921780     3.8326      6.754    80.6543 1.7211e+01    46.8312      1.344      1.949    22.4399 0.0000e+00
      1.311     -0.235     0.1359      1.675     57.918  55.648062     3.8668      6.757    81.6214 1.8127e+01    45.1195      1.292      1.874    22.5396 0.0000e+00
      1.244     -0.218     0.1382      1.747     57.343  55.268802     3.8844      6.759    82.6216 1.9147e+01    40.3578      1.220      1.768    22.6504 0.0000e+00
      1.178     -0.202     0.1372      1.900     56.720  54.829547     3.9037      6.761    83.3691 2.0168e+01    31.9226      1.150      1.668    22.7597 0.0000e+00
      1.126     -0.193     0.1416      2.129     55.932  54.211381     3.9254      6.761    84.0351 2.1217e+01    27.3673      1.098      1.594    22.8824 0.0000e+00
      1.090     -0.190     0.1426      2.416     55.074  53.510549     3.9480      6.762    84.8227 2.2225e+01    26.8864      1.065      1.546    23.0355 0.0000e+00
      1.062     -0.195     0.1460      2.726     54.309  52.897187     4.0189      6.764    85.6647 2.3462e+01    25.8691      1.045      1.516    23.1900 0.0000e+00
      1.023     -0.206     0.1600      3.049     53.840  52.574327     4.1333      6.768    86.4721 2.5326e+01    24.0861      1.011      1.467    23.3343 0.0000e+00
      0.963     -0.221     0.1790      3.427     53.403  52.274243     4.1827      6.772    87.0998 2.7801e+01    23.1250      0.950      1.377    23.4625 0.0000e+00
      0.890     -0.232     0.2043      3.967     52.487  51.491597     4.2077      6.776    87.5751 3.0666e+01    22.9926      0.874      1.267    23.5759 0.0000e+00
      0.815     -0.237     0.2313      4.822     51.273  50.413980     4.3615      6.778    88.0895 3.3811e+01    22.2127      0.797      1.156    23.6930 0.0000e+00
      0.749     -0.235     0.2553      5.937     50.241  49.531500     4.6026      6.780    88.7595 3.6826e+01    20.7315      0.728      1.056    23.8215 0.0000e+00
      0.696     -0.227     0.2860      7.110     49.624  49.076069     4.7173      6.784    89.6530 3.9308e+01    19.8405      0.678      0.983    23.9441 0.0000e+00
      0.651     -0.216     0.3215      8.380     49.231  48.844156     4.7070      6.788    90.7191 4.1888e+01    19.6382      0.640      0.929    24.0475 0.0000e+00
      0.602     -0.205     0.3953     10.065     48.810  48.568918     4.7363      6.792    91.6688 4.5223e+01    18.9338      0.595      0.863    24.1507 0.0000e+00
      0.544     -0.194     0.4983     12.393     48.149  48.034022     4.8228      6.794    92.4461 4.9394e+01    17.7120      0.535      0.775    24.2792 0.0000e+00
      0.485     -0.186     0.5930     15.160     47.331  47.328983     4.8778      6.794    92.9765 5.4751e+01    17.0944      0.472      0.685    24.4410 0.0000e+00
      0.435     -0.181     0.6856     17.989     46.666  46.774089     4.8778      6.794    93.0912 6.2255e+01    17.0003      0.422      0.613    24.6081 0.0000e+00
      0.397     -0.180     0.8113     20.629     46.186  46.403791     4.8632      6.794    93.1446 7.3480e+01    16.8475      0.387      0.561    24.7553 0.0000e+00
      0.366     -0.180     1.0135     23.183     45.951  46.279990     4.8349      6.794    93.7072 8.7808e+01    16.5450      0.360      0.523    24.8801 0.0000e+00
      0.329     -0.177     1.2515     26.002     45.862  46.293116     4.7940      6.792    94.9041 1.0360e+02    16.1787      0.330      0.479    24.9925 0.0000e+00
      0.275     -0.167     1.4911     29.192     45.669  46.181764     4.7763      6.788    96.1728 1.1783e+02    16.0733      0.274      0.398    25.1087 0.0000e+00
      0.211     -0.149     1.7036     32.576     45.624  46.203396     4.7790      6.784    97.0868 1.2532e+02    16.0899      0.203      0.294    25.2298 0.0000e+00
      0.160     -0.122     1.8910     35.841     45.850  46.491279     4.8683      6.781    97.7819 1.2525e+02    15.6281      0.147      0.212    25.3538 0.0000e+00
      0.133     -0.087     2.1182     38.734     46.055  46.742441     5.0485      6.778    98.4689 1.2077e+02    14.7944      0.123      0.178    25.4727 0.0000e+00
      0.127     -0.049     2.3803     41.099     46.055  46.764423     5.1516      6.777    99.1991 1.1552e+02    14.4132      0.123      0.178    25.5610 0.0000e+00
      0.132     -0.020     2.6643     42.741     45.916  46.630128     5.1661      6.778    99.9848 1.1187e+02    14.5377      0.130      0.188    25.6301 0.0000e+00
      0.140     -0.012     2.9357     43.465     45.797  46.515318     5.1732      6.779   100.7421 1.1090e+02    15.4793      0.137      0.199    25.7005 0.0000e+00
      0.146     -0.031     3.1695     43.213     45.541  46.265048     5.1794      6.779   101.3860 1.2283e+02    17.1548      0.144      0.209    25.7503 0.0000e+00
