Data/DataNotYetUploadedToEDI/Raw_CTD/RawDownloads/071524_fcr20_S7809002.cnv
* Sea-Bird SBE19plus  Data File:
* FileName = C:\R\Reservoirs\Data\DataNotYetUploadedToEDI\Raw_CTD\RawDownloads\071524_fcr50_S7809_0002.hex
* Software version 2.8.0.119
* Temperature SN = 7809
* Conductivity SN = 7809
* System UpLoad Time = Jul 15 2024 16:22:23
* <ApplicationData>
* <Seaterm232>
# nquan = 15
# nvalues = 694                         
# units = specified
# name 0 = depFM: Depth [fresh water, m]
# name 1 = dz/dtM: Descent Rate [m/s]
# name 2 = sbeox0Mg/L: Oxygen, SBE 43 [mg/l]
# name 3 = sbeox0PS: Oxygen, SBE 43 [% saturation]
# name 4 = specc: Specific Conductance [uS/cm]
# name 5 = c0uS/cm: Conductivity [uS/cm]
# name 6 = flECO-AFL: Fluorescence, WET Labs ECO-AFL/FL [mg/m^3]
# name 7 = ph: pH
# name 8 = orp: Oxidation Reduction Potential [mV]
# name 9 = par/sat/log: PAR/Logarithmic, Satlantic
# name 10 = turbWETntu0: Turbidity, WET Labs ECO [NTU]
# name 11 = prdM: Pressure, Strain Gauge [db]
# name 12 = prdE: Pressure, Strain Gauge [psi]
# name 13 = tv290C: Temperature [ITS-90, deg C]
# name 14 = flag:  0.000e+00
# span 0 =     -0.650,      2.314       
# span 1 =     -0.396,      0.181       
# span 2 =     0.1100,     7.6458       
# span 3 =      1.278,     97.725       
# span 4 =      1.352,    180.034       
# span 5 =   1.500596, 164.404349       
# span 6 =    -0.3062,    13.1379       
# span 7 =      5.637,      6.834       
# span 8 = -1240.7455,   358.3034       
# span 9 = 1.5751e+00, 2.4139e+03       
# span 10 =    -0.3210,    98.5173      
# span 11 =     -0.639,      2.270      
# span 12 =     -0.927,      3.293      
# span 13 =    20.6395,    30.5083      
# span 14 = 0.0000e+00, 0.0000e+00      
# interval = seconds: 0.25
# start_time = Jul 15 2024 11:18:45 [Instrument's time stamp, header]
# bad_flag = -9.990e-29
*END*
[from data line 97]
     -0.039     -0.031     5.4214     66.166     42.711  45.219978     4.8315      6.141   186.5320 8.5812e+01    11.0889     -0.034     -0.049    27.9254 0.0000e+00
     -0.052     -0.028     5.3630     66.545     42.683  45.185851     4.8588      6.140   185.6179 8.9792e+01    11.1536     -0.046     -0.068    27.9239 0.0000e+00
     -0.073     -0.024     5.2968     67.280     42.762  45.248271     4.9154      6.143   184.5888 9.0292e+01    11.3641     -0.076     -0.110    27.9160 0.0000e+00
     -0.085     -0.019     5.2055     67.805     42.812  45.276397     5.0088      6.150   183.2957 8.6737e+01    11.6541     -0.091     -0.133    27.9190 0.0000e+00
     -0.082     -0.012     5.1531     68.055     42.766  45.208488     5.0469      6.157   181.9417 8.6678e+01    11.7552     -0.083     -0.120    27.9378 0.0000e+00
     -0.073     -0.002     5.2052     68.377     42.700  45.125416     5.0269      6.162   180.0910 8.7612e+01    11.7673     -0.068     -0.098    27.9336 0.0000e+00
     -0.070      0.007     5.2850     69.085     42.681  45.097174     4.9173      6.166   170.0397 8.7036e+01    11.7324     -0.066     -0.096    27.9024 0.0000e+00
     -0.074      0.011     5.3292     69.975     42.707  45.120924     4.7207      6.171   152.1305 8.6786e+01    11.5729     -0.075     -0.108    27.8686 0.0000e+00
     -0.074      0.009     5.3395     70.521     42.743  45.158655     4.6137      6.176   141.3950 8.5952e+01    11.4437     -0.076     -0.110    27.8467 0.0000e+00
     -0.068      0.007     5.3520     70.531     42.758  45.172503     4.5967      6.182   139.1830 8.5014e+01    11.3652     -0.067     -0.097    27.8322 0.0000e+00
     -0.063      0.007     5.4159     70.260     42.753  45.161403     4.5656      6.187   139.0659 8.4303e+01    11.3412     -0.060     -0.088    27.8214 0.0000e+00
     -0.060      0.006     5.5070     69.935     42.749  45.151394     4.5210      6.193   149.4435 8.2880e+01    11.3926     -0.059     -0.086    27.8188 0.0000e+00
     -0.060      0.003     5.5560     69.556     42.779  45.178432     4.4984      6.203   168.4660 8.1957e+01    11.4402     -0.059     -0.086    27.8203 0.0000e+00
     -0.061     -0.000     5.5442     69.066     42.832  45.234399     4.5001      6.214   174.8745 8.2427e+01    11.4040     -0.060     -0.087    27.8180 0.0000e+00
     -0.063     -0.001     5.5163     68.416     42.909  45.320259     4.4997      6.222   163.5176 8.3282e+01    11.3305     -0.062     -0.089    27.8110 0.0000e+00
     -0.065     -0.001     5.4949     67.581     42.973  45.391340     4.5770      6.227   147.7335 8.3724e+01    11.4056     -0.064     -0.093    27.8019 0.0000e+00
     -0.065      0.000     5.4661     66.579     42.977  45.395582     4.7271      6.230   139.4171 8.3710e+01    11.5606     -0.065     -0.095    27.7955 0.0000e+00
     -0.063      0.001     5.4301     65.489     42.953  45.371558     4.7998      6.233   137.8189 8.3608e+01    11.6344     -0.063     -0.090    27.7954 0.0000e+00
     -0.062      0.002     5.3782     64.426     42.934  45.354781     4.8065      6.238   137.2719 8.3441e+01    11.6483     -0.060     -0.086    27.8021 0.0000e+00
     -0.062      0.003     5.3122     63.430     42.957  45.383163     4.7337      6.243   136.8477 8.3089e+01    11.5238     -0.060     -0.087    27.8085 0.0000e+00
     -0.062      0.003     5.2318     62.475     43.027  45.460814     4.5848      6.247   136.3033 8.2554e+01    11.3590     -0.062     -0.090    27.8064 0.0000e+00
     -0.061      0.002     5.1413     61.528     43.091  45.531919     4.5055      6.251   135.7660 8.2068e+01    11.3637     -0.061     -0.088    27.8062 0.0000e+00
     -0.060      0.001     5.0570     60.607     43.100  45.544627     4.4987      6.256   135.2551 8.1731e+01    11.4100     -0.059     -0.085    27.8122 0.0000e+00
     -0.058      0.001     4.9790     59.775     43.040  45.487511     4.5444      6.261   134.9443 8.1822e+01    11.3720     -0.057     -0.083    27.8171 0.0000e+00
     -0.058      0.001     4.9055     59.040     42.962  45.412659     4.6165      6.266   134.9337 8.2311e+01    11.3131     -0.057     -0.083    27.8217 0.0000e+00
     -0.059      0.001     4.8303     58.364     42.945  45.401347     4.6376      6.270   135.0413 8.2299e+01    11.3135     -0.058     -0.084    27.8252 0.0000e+00
     -0.061      0.002     4.7546     57.723     43.013  45.477712     4.6334      6.272   135.1260 8.1525e+01    11.3084     -0.060     -0.087    27.8287 0.0000e+00
     -0.061      0.003     4.6889     57.125     43.101  45.574242     4.6160      6.273   135.1833 8.0763e+01    11.2853     -0.061     -0.088    27.8359 0.0000e+00
     -0.059      0.003     4.6322     56.625     43.139  45.616311     4.5765      6.276   135.1317 8.0551e+01    11.3076     -0.059     -0.085    27.8457 0.0000e+00
     -0.056      0.003     4.5787     56.250     43.128  45.605491     4.5472      6.279   134.9321 8.0568e+01    11.3055     -0.055     -0.079    27.8530 0.0000e+00
     -0.055      0.003     4.5288     55.933     43.091  45.570373     4.5286      6.282   134.7491 8.0649e+01    11.3280     -0.053     -0.076    27.8575 0.0000e+00
     -0.055      0.002     4.4789     55.628     43.089  45.572590     4.5091      6.284   134.6400 8.1014e+01    11.4426     -0.053     -0.077    27.8631 0.0000e+00
     -0.056      0.002     4.4378     55.358     43.142  45.632296     4.4943      6.284   134.5600 8.1424e+01    11.5638     -0.055     -0.080    27.8652 0.0000e+00
     -0.057      0.002     4.4119     55.158     43.162  45.657489     4.4909      6.284   134.5554 8.1490e+01    11.5980     -0.057     -0.082    27.8641 0.0000e+00
     -0.056      0.003     4.3881     55.060     43.126  45.623282     4.4772      6.283   134.5851 8.1371e+01    11.5494     -0.056     -0.081    27.8685 0.0000e+00
     -0.055      0.005     4.3619     55.033     43.098  45.599582     4.4530      6.280   134.5748 8.1388e+01    11.5224     -0.053     -0.077    27.8764 0.0000e+00
     -0.053      0.009     4.3402     54.991     43.116  45.624867     4.3891      6.277   134.6033 8.1408e+01    11.5449     -0.052     -0.075    27.8813 0.0000e+00
     -0.052      0.011     4.3225     54.937     43.160  45.675087     4.2794      6.272   134.8438 8.1176e+01    11.5821     -0.052     -0.075    27.8840 0.0000e+00
     -0.049      0.011     4.3151     55.010     43.182  45.698972     4.2254      6.266   135.4167 8.1262e+01    11.6315     -0.050     -0.072    27.8868 0.0000e+00
     -0.043      0.007     4.3165     55.347     43.142  45.659740     4.2194      6.259   136.0246 8.1987e+01    11.6291     -0.044     -0.063    27.8947 0.0000e+00
     -0.036      0.001     4.3127     55.867     43.053  45.581618     4.2567      6.253   136.3433 8.2532e+01    11.5529     -0.035     -0.050    27.9027 0.0000e+00
     -0.034     -0.005     4.3035     56.313     42.970  45.516183     4.3595      6.251   136.5159 8.3714e+01    11.4949     -0.030     -0.043    27.9093 0.0000e+00
     -0.040     -0.010     4.3030     56.513     42.944  45.503391     4.4394      6.251   136.6489 8.5629e+01    11.5434     -0.037     -0.055    27.9092 0.0000e+00
     -0.050     -0.014     4.3325     56.470     42.983  45.553933     4.4734      6.254   136.7476 8.6300e+01    11.6613     -0.051     -0.075    27.9031 0.0000e+00
     -0.057     -0.015     4.3812     56.283     43.038  45.619468     4.5049      6.257   136.8482 8.6436e+01    11.7249     -0.056     -0.083    27.9262 0.0000e+00
     -0.061     -0.012     4.4184     56.043     43.071  45.660985     4.5535      6.260   136.9195 8.7110e+01    11.7316     -0.061     -0.087    27.9625 0.0000e+00
     -0.062     -0.006     4.4321     55.805     43.079  45.675041     4.5865      6.264   136.9213 8.7523e+01    11.7421     -0.062     -0.088    27.9750 0.0000e+00
     -0.061     -0.001     4.4248     55.597     43.060  45.662479     4.5872      6.269   136.8700 8.7222e+01    11.7838     -0.061     -0.087    27.9811 0.0000e+00
     -0.060      0.002     4.4065     55.437     43.029  45.636070     4.5625      6.273   136.8147 8.6731e+01    11.7912     -0.059     -0.086    27.9934 0.0000e+00
     -0.058      0.002     4.3861     55.345     43.000  45.609650     4.5126      6.278   136.6837 8.6553e+01    11.6609     -0.057     -0.083    28.0003 0.0000e+00
     -0.057      0.002     4.3659     55.264     42.986  45.596964     4.4829      6.283   136.5760 8.6398e+01    11.5060     -0.056     -0.081    28.0052 0.0000e+00
     -0.057      0.001     4.3493     55.124     42.997  45.609640     4.4775      6.288   136.7180 8.6523e+01    11.4895     -0.055     -0.080    28.0152 0.0000e+00
     -0.058      0.000     4.3342     54.955     43.021  45.635967     4.4720      6.292   136.9371 8.6824e+01    11.5642     -0.057     -0.082    28.0234 0.0000e+00
     -0.059     -0.001     4.3286     54.816     43.043  45.661357     4.4752      6.296   137.0732 8.6616e+01    11.6243     -0.058     -0.084    28.0283 0.0000e+00
     -0.059     -0.002     4.3261     54.749     43.040  45.662720     4.4752      6.301   137.2456 8.5946e+01    11.6010     -0.059     -0.085    28.0310 0.0000e+00
     -0.059     -0.002     4.3121     54.754     43.024  45.652445     4.4638      6.306   137.4728 8.3910e+01    11.5215     -0.058     -0.084    28.0314 0.0000e+00
     -0.059     -0.001     4.2978     54.772     43.028  45.664101     4.4620      6.311   137.6693 8.0511e+01    11.5171     -0.057     -0.083    28.0319 0.0000e+00
     -0.060     -0.001     4.2855     54.757     43.033  45.676702     4.4951      6.316   137.7294 7.8791e+01    11.5821     -0.059     -0.085    28.0342 0.0000e+00
     -0.061     -0.001     4.2791     54.710     43.028  45.677857     4.5566      6.323   137.7686 7.9738e+01    11.6240     -0.060     -0.086    28.0391 0.0000e+00
     -0.061     -0.001     4.2818     54.623     43.023  45.678074     4.5966      6.328   137.8851 8.1128e+01    11.6478     -0.060     -0.086    28.0476 0.0000e+00
     -0.061     -0.001     4.2840     54.498     43.020  45.679332     4.6133      6.334   137.9346 8.2183e+01    11.6654     -0.060     -0.087    28.0579 0.0000e+00
     -0.061     -0.000     4.2809     54.355     43.028  45.693077     4.7082      6.339   138.0219 8.3220e+01    11.6315     -0.061     -0.088    28.0664 0.0000e+00
     -0.061 -4.081e-08     4.2775     54.215     43.046  45.717324     4.8786      6.344   138.1661 8.3975e+01    11.5793     -0.061     -0.088    28.0730 0.0000e+00
     -0.060 -4.489e-07     4.2707     54.103     43.041  45.718582     4.9760      6.349   138.2161 8.4484e+01    11.6153     -0.059     -0.086    28.0789 0.0000e+00
     -0.060     -0.000     4.2590     53.995     43.026  45.708298     4.9950      6.353   138.2819 8.5015e+01    11.6903     -0.058     -0.084    28.0842 0.0000e+00
     -0.060     -0.000     4.2478     53.864     43.031  45.719943     4.9503      6.357   138.4461 8.5549e+01    11.7011     -0.059     -0.085    28.0900 0.0000e+00
     -0.061     -0.001     4.2345     53.738     43.039  45.732439     4.8428      6.361   138.5661 8.5773e+01    11.6432     -0.060     -0.086    28.0966 0.0000e+00
     -0.061     -0.002     4.2263     53.624     43.036  45.732429     4.7863      6.365   138.5283 8.5618e+01    11.5712     -0.060     -0.087    28.1039 0.0000e+00
     -0.061     -0.003     4.2193     53.529     43.021  45.719828     4.8826      6.369   138.5061 8.5399e+01    11.5818     -0.060     -0.087    28.1113 0.0000e+00
     -0.061     -0.003     4.2061     53.461     43.005  45.707046     5.9732      6.374   138.5551 8.5487e+01    11.7034     -0.060     -0.087    28.1177 0.0000e+00
     -0.062     -0.003     4.1966     53.382     43.000  45.704854     7.9522      6.375   138.6051 8.5967e+01    11.8119     -0.060     -0.087    28.1221 0.0000e+00
     -0.064     -0.003     4.1876     53.272     42.986  45.693320     9.0094      6.376   138.6802 8.6421e+01    11.8001     -0.063     -0.091    28.1256 0.0000e+00
     -0.066     -0.003     4.1782     53.167     42.986  45.694559     8.9846      6.377   138.6888 8.6314e+01    11.7656     -0.065     -0.095    28.1297 0.0000e+00
     -0.066     -0.002     4.1747     53.082     43.006  45.719835     7.8529      6.378   138.7084 8.5765e+01    11.8056     -0.064     -0.094    28.1349 0.0000e+00
     -0.066     -0.001     4.1694     53.002     43.026  45.745013     5.7876      6.380   138.8318 8.5425e+01    11.8735     -0.064     -0.093    28.1393 0.0000e+00
     -0.066     -0.000     4.1583     52.923     43.023  45.745072     4.6635      6.380   138.9761 8.5380e+01    11.9035     -0.065     -0.095    28.1417 0.0000e+00
     -0.066      0.001     4.1495     52.848     42.997  45.720560     4.5655      6.382   139.0759 8.5184e+01    11.8604     -0.065     -0.094    28.1446 0.0000e+00
     -0.065      0.001     4.1442     52.793     42.977  45.702557     4.5602      6.387   139.0921 8.4933e+01    11.7964     -0.064     -0.093    28.1487 0.0000e+00
     -0.065      0.001     4.1362     52.766     42.928  45.654366     4.5751      6.390   139.0865 8.4989e+01    11.7108     -0.064     -0.092    28.1525 0.0000e+00
     -0.065      0.001     4.1315     52.747     42.683  45.391807     4.6209      6.392   139.0944 8.5152e+01    11.6110     -0.063     -0.091    28.1568 0.0000e+00
     -0.065      0.000     4.1230     53.077     42.296  44.940153     4.6647      6.395   139.1877 8.5227e+01    11.6150     -0.064     -0.093    28.1605 0.0000e+00
     -0.065     -0.001     4.1199     55.331     42.137  44.636838     4.6803      6.397   139.3530 8.5180e+01    11.6222     -0.064     -0.093    28.1653 0.0000e+00
     -0.065     -0.002     4.1157     61.077     42.222  44.517247     4.7098      6.398   139.4584 8.5002e+01    11.5609     -0.064     -0.093    28.1684 0.0000e+00
     -0.065     -0.002     4.1185     69.292     42.340  44.445990     4.7703      6.399   139.5163 8.4969e+01    11.5224     -0.064     -0.093    28.1742 0.0000e+00
     -0.066     -0.002     4.0973     77.411     42.437  44.409726     4.8052      6.400   139.6233 8.5318e+01    11.5338     -0.064     -0.093    28.1682 0.0000e+00
     -0.067     -0.002     4.2064     83.955     42.508  44.395936     4.8066      6.402   139.8048 8.5737e+01    11.5959     -0.066     -0.096    28.0024 0.0000e+00
     -0.069     -0.002     4.7278     88.747     42.563  44.406082     4.7458      6.403   139.9904 8.5905e+01    11.5898     -0.067     -0.098    27.6930 0.0000e+00
     -0.069     -0.002     5.4923     91.863     42.583  44.405381     4.6197      6.404   140.1468 8.5872e+01    11.5284     -0.068     -0.098    27.4533 0.0000e+00
     -0.068     -0.002     6.1887     93.393     42.573  44.387431     4.5467      6.405   140.2333 8.5554e+01    11.5366     -0.067     -0.097    27.2986 0.0000e+00
     -0.068     -0.001     6.7115     93.498     42.569  44.379467     4.5378      6.407   140.2621 8.5133e+01    11.5872     -0.066     -0.096    27.1957 0.0000e+00
     -0.069     -0.001     7.0984     92.495     42.569  44.372562     4.5787      6.409   140.2368 8.5164e+01    11.6962     -0.067     -0.098    27.1478 0.0000e+00
     -0.070     -0.001     7.3464     91.032     42.572  44.367403     4.6664      6.411   140.1857 8.5460e+01    11.7942     -0.069     -0.100    27.1298 0.0000e+00
     -0.070     -0.001     7.4624     89.694     42.591  44.380558     4.7156      6.413   140.2459 8.5430e+01    11.7826     -0.068     -0.099    27.1238 0.0000e+00
     -0.069     -0.001     7.4691     88.712     42.615  44.404648     4.7083      6.416   140.3627 8.5315e+01    11.7604     -0.067     -0.097    27.1189 0.0000e+00
     -0.069     -0.000     7.3647     88.048     42.614  44.404773     4.6777      6.420   140.3932 8.5425e+01    11.7987     -0.068     -0.098    27.1138 0.0000e+00
