Data/DataNotYetUploadedToEDI/Raw_CTD/RawDownloads/071524_fcr10_S7809001.cnv
* Sea-Bird SBE19plus  Data File:
* FileName = C:\R\Reservoirs\Data\DataNotYetUploadedToEDI\Raw_CTD\RawDownloads\071524_fcr50_S7809_0001.hex
* Software version 2.8.0.119
* Temperature SN = 7809
* Conductivity SN = 7809
* System UpLoad Time = Jul 15 2024 16:22:03
* <ApplicationData>
* <Seaterm232>
# nquan = 15
# nvalues = 2010                        
# units = specified
# name 0 = depFM: Depth [fresh water, m]
# name 1 = dz/dtM: Descent Rate [m/s]
# name 2 = sbeox0Mg/L: Oxygen, SBE 43 [mg/l]
# name 3 = sbeox0PS: Oxygen, SBE 43 [% saturation]
# name 4 = specc: Specific Conductance [uS/cm]
# name 5 = c0uS/cm: Conductivity [uS/cm]
# name 6 = flECO-AFL: Fluorescence, WET Labs ECO-AFL/FL [mg/m^3]
# name 7 = ph: pH
# name 8 = orp: Oxidation Reduction Potential [mV]
# name 9 = par/sat/log: PAR/Logarithmic, Satlantic
# name 10 = turbWETntu0: Turbidity, WET Labs ECO [NTU]
# name 11 = prdM: Pressure, Strain Gauge [db]
# name 12 = prdE: Pressure, Strain Gauge [psi]
# name 13 = tv290C: Temperature [ITS-90, deg C]
# name 14 = flag:  0.000e+00
# span 0 =     -0.639,      9.583       
# span 1 =     -0.505,      3.857       
# span 2 =     0.1422,     8.8658       
# span 3 =      1.514,    100.848       
# span 4 =      0.355,    662.268       
# span 5 =   0.384464, 490.006353       
# span 6 =    -0.9069,     9.4766       
# span 7 =      5.490,      7.171       
# span 8 =    53.6861,   860.0702       
# span 9 = 1.2349e-01, 1.6278e+03       
# span 10 =    -2.3842,    86.1348      
# span 11 =     -0.628,      9.398      
# span 12 =     -0.910,     13.631      
# span 13 =    11.9430,    29.0754      
# span 14 = 0.0000e+00, 0.0000e+00      
# interval = seconds: 0.25
# start_time = Jul 15 2024 09:55:53 [Instrument's time stamp, header]
# bad_flag = -9.990e-29
*END*
[from data line 482]
     -0.115      0.000     6.7096     85.235     42.700  44.878433     2.0879      6.508   192.9279 1.2862e+03    12.6990     -0.113     -0.164    27.5430 0.0000e+00
     -0.115      0.000     6.7143     85.215     42.684  44.862072     2.1065      6.512   193.0180 1.2853e+03    12.7663     -0.113     -0.164    27.5440 0.0000e+00
     -0.115      0.000     6.7187     85.209     42.677  44.854778     2.0875      6.516   192.4675 1.2859e+03    12.7480     -0.112     -0.163    27.5445 0.0000e+00
     -0.115      0.001     6.7263     85.198     42.676  44.853728     2.0404      6.519   192.2092 1.2867e+03    12.6140     -0.112     -0.163    27.5441 0.0000e+00
     -0.115      0.004     6.7264     85.163     42.672  44.849376     2.0197      6.518   192.5623 1.2879e+03    12.5123     -0.112     -0.163    27.5443 0.0000e+00
     -0.115      0.010     6.7219     85.127     42.687  44.865635     2.0297      6.511   193.2953 1.2865e+03    12.4752     -0.112     -0.163    27.5445 0.0000e+00
     -0.114      0.016     6.7234     85.086     42.681  44.859876     2.0361      6.501   193.9299 1.2844e+03    12.4721     -0.112     -0.162    27.5449 0.0000e+00
     -0.112      0.021     6.7233     85.046     42.666  44.843228     2.0046      6.494   194.2978 1.2834e+03    12.4746     -0.111     -0.163    27.5454 0.0000e+00
     -0.103      0.023     6.7185     85.036     42.676  44.854768     1.9660      6.490   194.4752 1.2487e+03    12.5066     -0.104     -0.150    27.5457 0.0000e+00
     -0.089      0.023     6.7168     85.049     42.692  44.872458     1.9603      6.489   194.3540 1.1700e+03    12.5170     -0.083     -0.120    27.5456 0.0000e+00
     -0.079      0.022     6.7137     85.054     42.687  44.866689     1.9598      6.489   194.0368 1.1471e+03    12.4625     -0.075     -0.109    27.5453 0.0000e+00
     -0.077      0.019     6.7086     85.069     42.669  44.848492     1.9606      6.491   193.8237 1.1926e+03    12.4290     -0.076     -0.110    27.5453 0.0000e+00
     -0.077      0.015     6.7084     85.111     42.664  44.842873     1.9696      6.494   193.8421 1.1939e+03    12.4190     -0.075     -0.109    27.5457 0.0000e+00
     -0.076      0.011     6.7110     85.141     42.681  44.862227     1.9682      6.498   193.5702 1.1646e+03    12.4107     -0.076     -0.110    27.5462 0.0000e+00
     -0.072      0.009     6.7103     85.117     42.709  44.892069     1.9688      6.501   192.7738 1.1622e+03    12.4310     -0.071     -0.103    27.5464 0.0000e+00
     -0.068      0.012     6.7101     85.042     42.703  44.886297     1.9933      6.501   192.5585 1.1743e+03    12.4936     -0.066     -0.096    27.5468 0.0000e+00
     -0.066      0.021     6.7152     84.932     42.674  44.855921     2.0319      6.496   193.1179 1.1802e+03    12.5532     -0.064     -0.093    27.5474 0.0000e+00
     -0.065      0.032     6.7191     84.815     42.662  44.842187     2.0444      6.488   193.5148 1.1702e+03    12.5368     -0.063     -0.091    27.5482 0.0000e+00
     -0.062      0.041     6.7164     84.760     42.669  44.847182     2.0279      6.481   193.2271 1.1348e+03    12.4656     -0.065     -0.093    27.5494 0.0000e+00
     -0.048      0.046     6.7101     84.819     42.675  44.852836     2.0069      6.479   192.5649 1.0514e+03    12.4095     -0.055     -0.079    27.5497 0.0000e+00
     -0.022      0.047     6.7015     84.995     42.670  44.847069     1.9911      6.479   192.3055 1.0043e+03    12.4397     -0.020     -0.028    27.5494 0.0000e+00
     -0.000      0.044     6.6893     85.233     42.663  44.840929     1.9863      6.480   192.5007 1.0197e+03    12.5236      0.007      0.010    27.5485 0.0000e+00
      0.009      0.036     6.6842     85.471     42.663  44.842084     1.9813      6.482   192.7739 9.9210e+02    12.5351      0.011      0.015    27.5459 0.0000e+00
      0.010      0.023     6.6885     85.704     42.680  44.861032     1.9732      6.486   192.8556 9.8063e+02    12.5455      0.010      0.015    27.5442 0.0000e+00
      0.010      0.011     6.7043     85.922     42.697  44.879598     1.9642      6.490   192.6282 1.0339e+03    12.6149      0.011      0.016    27.5441 0.0000e+00
      0.010      0.003     6.7256     86.030     42.692  44.876139     1.9637      6.495   192.1751 1.0263e+03    12.6565      0.010      0.015    27.5451 0.0000e+00
      0.010      0.000     6.7435     85.944     42.698  44.882686     1.9836      6.500   191.8515 9.7807e+02    12.7067      0.010      0.015    27.5470 0.0000e+00
      0.011      0.000     6.7609     85.701     42.710  44.895277     1.9965      6.505   191.6398 9.9815e+02    12.7094      0.011      0.015    27.5492 0.0000e+00
      0.011      0.001     6.7816     85.411     42.715  44.901426     1.9775      6.510   191.5088 1.0118e+03    12.6219      0.011      0.015    27.5503 0.0000e+00
      0.011      0.002     6.7937     85.168     42.708  44.893551     1.9538      6.515   191.6446 9.9154e+02    12.6047      0.011      0.015    27.5512 0.0000e+00
      0.011      0.003     6.7844     84.989     42.679  44.863548     1.9598      6.519   191.5606 9.8257e+02    12.6721      0.010      0.015    27.5525 0.0000e+00
      0.011      0.006     6.7623     84.862     42.671  44.856047     1.9750      6.521   191.2680 8.6694e+02    12.7191      0.011      0.015    27.5524 0.0000e+00
      0.013      0.011     6.7359     84.803     42.681  44.866330     1.9958      6.519   191.2890 6.9351e+02    12.6955      0.012      0.018    27.5522 0.0000e+00
      0.016      0.015     6.7168     84.826     42.676  44.860928     2.0454      6.515   191.8147 6.4959e+02    12.6593      0.016      0.023    27.5524 0.0000e+00
      0.020      0.018     6.7039     84.916     42.671  44.854198     2.0829      6.512   192.5484 6.6836e+02    12.6915      0.018      0.025    27.5524 0.0000e+00
      0.026      0.018     6.6927     85.049     42.666  44.848440     2.0918      6.512   192.8469 7.0396e+02    12.7438      0.025      0.036    27.5530 0.0000e+00
      0.036      0.017     6.6872     85.192     42.672  44.854787     2.0862      6.513   192.6713 8.4737e+02    12.7792      0.037      0.054    27.5535 0.0000e+00
      0.041      0.014     6.6900     85.307     42.685  44.867464     2.0571      6.515   192.3179 9.7293e+02    12.7777      0.042      0.061    27.5536 0.0000e+00
      0.042      0.013     6.6977     85.389     42.691  44.874757     2.0235      6.517   192.2733 9.0765e+02    12.7259      0.042      0.060    27.5526 0.0000e+00
      0.042      0.013     6.7091     85.451     42.694  44.879488     2.0125      6.519   192.6476 7.7205e+02    12.6984      0.041      0.060    27.5512 0.0000e+00
      0.042      0.014     6.7218     85.466     42.676  44.861197     2.0236      6.521   192.8856 6.4630e+02    12.6848      0.041      0.060    27.5508 0.0000e+00
      0.045      0.015     6.7312     85.426     42.659  44.844029     2.0414      6.522   192.8287 5.2803e+02    12.6300      0.042      0.060    27.5502 0.0000e+00
      0.052      0.016     6.7364     85.365     42.677  44.862343     2.0533      6.523   192.7336 4.8770e+02    12.5826      0.050      0.071    27.5505 0.0000e+00
      0.062      0.016     6.7424     85.285     42.706  44.892203     2.0504      6.526   192.7676 4.8732e+02    12.5561      0.064      0.091    27.5521 0.0000e+00
      0.067      0.014     6.7444     85.203     42.702  44.887672     2.0486      6.529   192.8097 4.6222e+02    12.5145      0.069      0.098    27.5540 0.0000e+00
      0.068      0.011     6.7385     85.159     42.686  44.871030     2.0651      6.533   192.7272 4.2684e+02    12.4887      0.067      0.097    27.5545 0.0000e+00
      0.069      0.011     6.7353     85.169     42.696  44.881426     2.0826      6.533   192.8892 4.0140e+02    12.5182      0.067      0.098    27.5535 0.0000e+00
      0.069      0.023     6.7284     85.256     42.700  44.886421     2.0939      6.524   193.3055 3.8329e+02    12.5628      0.067      0.098    27.5530 0.0000e+00
      0.069      0.048     6.7199     85.431     42.683  44.867943     2.0686      6.506   193.3730 3.7368e+02    12.6530      0.066      0.096    27.5527 0.0000e+00
      0.072      0.077     6.7170     85.641     42.666  44.848442     2.0016      6.491   193.2745 3.7584e+02    12.8226      0.068      0.099    27.5522 0.0000e+00
      0.088      0.097     6.7168     85.814     42.661  44.841054     1.9661      6.483   193.3191 3.9192e+02    12.9736      0.072      0.105    27.5524 0.0000e+00
      0.133      0.106     6.7228     85.934     42.664  44.842085     1.9727      6.481   193.3964 4.0604e+02    13.0440      0.119      0.172    27.5534 0.0000e+00
      0.194      0.104     6.7377     85.962     42.682  44.860908     1.9730      6.482   193.1766 4.0254e+02    12.9227      0.204      0.297    27.5545 0.0000e+00
      0.230      0.091     6.7582     85.817     42.697  44.878216     1.9441      6.485   192.7261 4.0485e+02    12.6339      0.237      0.344    27.5528 0.0000e+00
      0.239      0.067     6.7713     85.524     42.679  44.860917     1.9149      6.489   192.5953 4.1050e+02    12.4557      0.234      0.339    27.5479 0.0000e+00
      0.239      0.038     6.7819     85.206     42.660  44.842188     1.9196      6.494   192.6280 4.0661e+02    12.4770      0.234      0.340    27.5450 0.0000e+00
      0.239      0.016     6.7884     84.954     42.659  44.842198     1.9336      6.499   192.9490 4.0976e+02    12.5500      0.233      0.340    27.5456 0.0000e+00
      0.239      0.010     6.7753     84.804     42.677  44.861043     1.9354      6.502   193.5512 4.0528e+02    12.6197      0.234      0.341    27.5478 0.0000e+00
      0.239      0.017     6.7475     84.761     42.694  44.879600     1.9246      6.502   193.8009 3.9268e+02    12.7049      0.234      0.340    27.5494 0.0000e+00
      0.240      0.026     6.7198     84.769     42.691  44.876141     1.9031      6.502   193.9025 3.9590e+02    12.7263      0.234      0.340    27.5503 0.0000e+00
      0.246      0.035     6.6994     84.769     42.698  44.882698     1.8998      6.504   194.2636 4.0146e+02    12.7416      0.236      0.342    27.5517 0.0000e+00
      0.262      0.042     6.6863     84.783     42.710  44.895403     1.9181      6.507   194.7252 3.9271e+02    12.7535      0.255      0.371    27.5529 0.0000e+00
      0.281      0.047     6.6850     84.817     42.717  44.902800     1.9245      6.510   194.9237 3.8361e+02    12.6659      0.281      0.407    27.5529 0.0000e+00
      0.294      0.048     6.6887     84.826     42.723  44.908663     1.9111      6.514   194.8572 3.8066e+02    12.5705      0.289      0.419    27.5524 0.0000e+00
      0.304      0.044     6.6866     84.811     42.717  44.902812     1.8973      6.518   194.7810 3.7606e+02    12.4878      0.296      0.430    27.5521 0.0000e+00
      0.316      0.035     6.6872     84.839     42.709  44.895529     1.9157      6.522   194.7774 3.7077e+02    12.4516      0.312      0.452    27.5522 0.0000e+00
      0.326      0.026     6.6925     84.933     42.697  44.884083     1.9591      6.527   194.8996 3.6924e+02    12.5085      0.322      0.467    27.5519 0.0000e+00
      0.331      0.019     6.6932     85.042     42.703  44.891377     1.9807      6.532   195.2256 3.7541e+02    12.5610      0.326      0.473    27.5510 0.0000e+00
      0.333      0.013     6.6892     85.145     42.729  44.920238     1.9684      6.537   195.6216 3.8427e+02    12.5397      0.327      0.475    27.5514 0.0000e+00
      0.333      0.007     6.6899     85.247     42.724  44.915663     1.9357      6.542   195.6443 3.8715e+02    12.4900      0.327      0.474    27.5529 0.0000e+00
      0.333      0.003     6.7004     85.328     42.707  44.899534     1.9097      6.547   195.4139 3.9243e+02    12.5069      0.327      0.474    27.5549 0.0000e+00
      0.334      0.001     6.7090     85.381     42.722  44.915662     1.9120      6.552   195.7613 4.1083e+02    12.5733      0.328      0.475    27.5563 0.0000e+00
      0.334      0.000     6.7158     85.406     42.726  44.920227     1.9223      6.556   196.5742 4.3071e+02    12.6093      0.328      0.476    27.5571 0.0000e+00
      0.334      0.000     6.7255     85.401     42.698  44.891261     1.9339      6.560   196.8965 4.4087e+02    12.5663      0.327      0.475    27.5582 0.0000e+00
      0.334      0.002     6.7312     85.385     42.689  44.882822     1.9527      6.565   196.8196 4.5133e+02    12.4640      0.327      0.474    27.5597 0.0000e+00
      0.334      0.007     6.7353     85.355     42.688  44.881668     1.9672      6.567   197.0216 4.7172e+02    12.4656      0.328      0.475    27.5612 0.0000e+00
      0.334      0.016     6.7376     85.322     42.684  44.877306     1.9676      6.565   197.7895 4.9113e+02    12.5511      0.328      0.475    27.5624 0.0000e+00
      0.335      0.025     6.7358     85.325     42.699  44.893564     1.9570      6.563   198.7052 4.9716e+02    12.5416      0.328      0.475    27.5626 0.0000e+00
      0.340      0.031     6.7354     85.369     42.693  44.887806     1.9554      6.562   199.0594 4.8989e+02    12.5214      0.328      0.476    27.5618 0.0000e+00
      0.355      0.033     6.7331     85.434     42.678  44.871167     1.9647      6.562   199.0604 4.7626e+02    12.6141      0.346      0.502    27.5617 0.0000e+00
      0.374      0.033     6.7279     85.490     42.689  44.882812     1.9780      6.563   198.8887 4.7362e+02    12.7408      0.372      0.539    27.5629 0.0000e+00
      0.385      0.030     6.7288     85.495     42.708  44.901656     1.9831      6.565   198.8765 4.7953e+02    12.7890      0.381      0.551    27.5638 0.0000e+00
      0.387      0.025     6.7329     85.471     42.713  44.908568     1.9604      6.568   199.4291 4.8121e+02    12.7860      0.380      0.550    27.5635 0.0000e+00
      0.388      0.019     6.7381     85.466     42.707  44.902906     1.9284      6.572   199.8925 4.8216e+02    12.7740      0.380      0.552    27.5628 0.0000e+00
      0.389      0.015     6.7454     85.470     42.702  44.896671     1.9115      6.575   200.0055 4.8053e+02    12.7115      0.381      0.552    27.5623 0.0000e+00
      0.393      0.014     6.7444     85.459     42.702  44.896661     1.9148      6.578   199.9348 4.6896e+02    12.6802      0.385      0.557    27.5626 0.0000e+00
      0.399      0.015     6.7402     85.440     42.707  44.902791     1.9423      6.581   199.6395 4.7094e+02    12.7369      0.391      0.567    27.5629 0.0000e+00
      0.405      0.017     6.7408     85.424     42.711  44.907308     1.9783      6.586   199.4459 4.9175e+02    12.7824      0.398      0.577    27.5631 0.0000e+00
      0.409      0.017     6.7422     85.409     42.691  44.887806     1.9840      6.589   199.5739 4.8844e+02    12.7519      0.402      0.583    27.5635 0.0000e+00
      0.411      0.016     6.7406     85.394     42.661  44.857431     1.9610      6.591   199.8964 4.6997e+02    12.6757      0.403      0.584    27.5638 0.0000e+00
      0.414      0.015     6.7387     85.376     42.660  44.857431     1.9750      6.593   200.5056 4.5772e+02    12.6814      0.405      0.588    27.5641 0.0000e+00
      0.419      0.018     6.7376     85.369     42.688  44.887806     2.0285      6.593   200.5731 4.4790e+02    12.7864      0.412      0.597    27.5650 0.0000e+00
      0.424      0.024     6.7359     85.394     42.707  44.907308     2.0589      6.591   199.8519 4.5090e+02    12.8517      0.417      0.603    27.5662 0.0000e+00
      0.426      0.030     6.7351     85.431     42.704  44.902789     2.0589      6.587   199.9597 4.6126e+02    12.8217      0.417      0.605    27.5675 0.0000e+00
      0.431      0.033     6.7331     85.436     42.699  44.896650     2.0452      6.583   200.7579 4.5155e+02    12.7652      0.418      0.606    27.5688 0.0000e+00
      0.446      0.034     6.7314     85.407     42.699  44.896556     2.0346      6.582   201.0712 4.2215e+02    12.7495      0.436      0.632    27.5699 0.0000e+00
