Data/DataNotYetUploadedToEDI/Raw_CTD/RawDownloads/071524_fcr40_S7809004.cnv
* Sea-Bird SBE19plus  Data File:
* FileName = C:\R\Reservoirs\Data\DataNotYetUploadedToEDI\Raw_CTD\RawDownloads\071524_fcr50_S7809_0004.hex
* Software version 2.8.0.119
* Temperature SN = 7809
* Conductivity SN = 7809
* System UpLoad Time = Jul 15 2024 16:23:24
* <ApplicationData>
* <Seaterm232>
# nquan = 15
# nvalues = 1206                        
# units = specified
# name 0 = depFM: Depth [fresh water, m]
# name 1 = dz/dtM: Descent Rate [m/s]
# name 2 = sbeox0Mg/L: Oxygen, SBE 43 [mg/l]
# name 3 = sbeox0PS: Oxygen, SBE 43 [% saturation]
# name 4 = specc: Specific Conductance [uS/cm]
# name 5 = c0uS/cm: Conductivity [uS/cm]
# name 6 = flECO-AFL: Fluorescence, WET Labs ECO-AFL/FL [mg/m^3]
# name 7 = ph: pH
# name 8 = orp: Oxidation Reduction Potential [mV]
# name 9 = par/sat/log: PAR/Logarithmic, Satlantic
# name 10 = turbWETntu0: Turbidity, WET Labs ECO [NTU]
# name 11 = prdM: Pressure, Strain Gauge [db]
# name 12 = prdE: Pressure, Strain Gauge [psi]
# name 13 = tv290C: Temperature [ITS-90, deg C]
# name 14 = flag:  0.000e+00
# span 0 =     -0.644,      5.217       
# span 1 =     -0.424,      0.170       
# span 2 =     0.1139,     8.5066       
# span 3 =      1.259,     98.850       
# span 4 =      1.254,     73.733       
# span 5 =   1.236249,  60.953297       
# span 6 =    -0.7431,    21.3465       
# span 7 =      7.060,      7.449       
# span 8 =    56.0954,   222.8686       
# span 9 = 1.2353e-01, 2.1982e+03       
# span 10 =    -0.3089,   442.6286      
# span 11 =     -0.633,      5.117      
# span 12 =     -0.917,      7.421      
# span 13 =    11.9980,    28.4735      
# span 14 = 0.0000e+00, 0.0000e+00      
# interval = seconds: 0.25
# start_time = Jul 15 2024 11:35:30 [Instrument's time stamp, header]
# bad_flag = -9.990e-29
*END*
[from data line 97]
      0.411      0.012     5.3532     66.769     41.964  43.841443     2.3832      7.132   157.9536 8.6768e+01    12.4700      0.399      0.579    27.2491 0.0000e+00
      0.415      0.013     5.3088     66.398     41.951  43.821603     2.3676      7.133   157.8158 8.7614e+01    12.4277      0.404      0.586    27.2462 0.0000e+00
      0.426      0.013     5.2961     65.712     41.959  43.809406     2.3562      7.134   157.6855 8.9118e+01    12.3973      0.419      0.608    27.2422 0.0000e+00
      0.437      0.012     5.3075     64.823     41.994  43.820890     2.3619      7.136   157.8416 8.9919e+01    12.4444      0.432      0.625    27.2320 0.0000e+00
      0.441      0.007     5.3069     63.943     42.019  43.833465     2.3792      7.138   157.8964 8.9457e+01    12.5196      0.435      0.631    27.2295 0.0000e+00
      0.439      0.001     5.2775     63.240     42.023  43.834475     2.3903      7.140   157.7459 8.8342e+01    12.5203      0.431      0.626    27.2318 0.0000e+00
      0.433     -0.003     5.2232     62.719     42.019  43.833101     2.3959      7.142   157.6567 8.7348e+01    12.4527      0.424      0.616    27.1996 0.0000e+00
      0.428     -0.002     5.1492     62.321     42.000  43.816857     2.4048      7.144   157.5918 8.6655e+01    12.3865      0.419      0.607    27.1629 0.0000e+00
      0.425      0.005     5.0742     62.011     41.952  43.765031     2.4232      7.146   157.6488 8.6485e+01    12.4029      0.416      0.603    27.1473 0.0000e+00
      0.426      0.015     5.0202     61.729     41.908  43.714253     2.4519      7.147   157.9163 8.7100e+01    12.4803      0.415      0.602    27.1456 0.0000e+00
      0.432      0.023     4.9802     61.379     41.910  43.710688     2.4855      7.148   158.1593 8.8162e+01    12.5017      0.422      0.611    27.1538 0.0000e+00
      0.443      0.028     4.9486     60.921     41.928  43.721916     2.5216      7.149   158.2634 8.8861e+01    12.4571      0.434      0.629    27.1591 0.0000e+00
      0.457      0.027     4.9249     60.375     41.940  43.723049     2.5396      7.149   158.2279 8.8682e+01    12.4191      0.449      0.652    27.1574 0.0000e+00
      0.468      0.021     4.9077     59.801     41.954  43.724373     2.5450      7.150   158.0746 8.8052e+01    12.4521      0.462      0.669    27.1492 0.0000e+00
      0.472      0.011     4.8811     59.314     41.974  43.737898     2.5530      7.151   157.9589 8.7004e+01    12.4804      0.465      0.674    27.1417 0.0000e+00
      0.472      0.004     4.8442     59.014     41.996  43.759625     2.5370      7.152   158.0334 8.5739e+01    12.4198      0.464      0.673    27.1352 0.0000e+00
      0.467      0.000     4.8016     58.957     41.968  43.733176     2.5096      7.152   158.2874 8.4898e+01    12.3687      0.460      0.667    27.1206 0.0000e+00
      0.461      0.002     4.7526     59.067     41.907  43.672000     2.4962      7.153   158.5345 8.4734e+01    12.3750      0.451      0.654    27.1013 0.0000e+00
      0.458      0.007     4.7129     59.152     41.891  43.654699     2.4912      7.153   158.6980 8.5358e+01    12.4279      0.445      0.646    27.0916 0.0000e+00
      0.462      0.013     4.6861     59.088     41.898  43.650935     2.5245      7.153   158.8885 8.6456e+01    12.4944      0.450      0.653    27.0915 0.0000e+00
      0.472      0.019     4.6830     58.893     41.900  43.626465     2.5828      7.154   159.1161 8.7446e+01    12.4959      0.463      0.671    27.0972 0.0000e+00
      0.482      0.021     4.6991     58.638     41.914  43.612689     2.6049      7.156   159.2991 8.7688e+01    12.4464      0.473      0.687    27.1009 0.0000e+00
      0.489      0.019     4.7092     58.388     41.928  43.611270     2.5994      7.157   159.3797 8.7067e+01    12.4084      0.480      0.697    27.1027 0.0000e+00
      0.494      0.014     4.7037     58.225     41.929  43.609282     2.6174      7.158   159.4022 8.5759e+01    12.3779      0.485      0.704    27.0951 0.0000e+00
      0.495      0.009     4.6886     58.173     41.910  43.588660     2.6634      7.160   159.3998 8.4069e+01    12.3174      0.486      0.704    27.0547 0.0000e+00
      0.494      0.004     4.6714     58.188     41.878  43.552345     2.6809      7.163   159.2643 8.2584e+01    12.2571      0.484      0.702    27.0113 0.0000e+00
      0.494      0.000     4.6492     58.205     41.882  43.551030     2.6625      7.166   159.0545 8.1624e+01    12.2293      0.484      0.702    26.9963 0.0000e+00
      0.494     -0.002     4.6354     58.157     41.907  43.572748     2.6663      7.167   158.8416 8.1235e+01    12.2544      0.484      0.702    26.9973 0.0000e+00
      0.494     -0.002     4.6333     58.042     41.898  43.561036     2.7023      7.168   158.5833 8.1418e+01    12.3560      0.485      0.703    26.9979 0.0000e+00
      0.493     -0.002     4.6356     57.899     41.876  43.536365     2.7388      7.171   158.4268 8.1996e+01    12.4679      0.484      0.702    26.9934 0.0000e+00
      0.492     -0.002     4.6413     57.780     41.868  43.528341     2.7503      7.173   158.4988 8.2744e+01    12.5135      0.483      0.700    26.9870 0.0000e+00
      0.491     -0.001     4.6369     57.722     41.866  43.527498     2.7329      7.175   158.7657 8.3550e+01    12.4971      0.482      0.699    26.9815 0.0000e+00
      0.491      0.000     4.6268     57.693     41.865  43.526173     2.7202      7.177   158.9863 8.4409e+01    12.4410      0.481      0.698    26.9779 0.0000e+00
      0.491      0.001     4.6146     57.641     41.854  43.512318     2.7306      7.178   158.9288 8.5053e+01    12.4160      0.480      0.697    26.9758 0.0000e+00
      0.492      0.002     4.6024     57.528     41.833  43.486929     2.7499      7.179   158.8453 8.5252e+01    12.4678      0.481      0.699    26.9764 0.0000e+00
      0.493      0.003     4.6002     57.366     41.823  43.473082     2.7536      7.180   158.9220 8.5014e+01    12.4866      0.483      0.701    26.9782 0.0000e+00
      0.493      0.005     4.5986     57.152     41.825  43.471823     2.7500      7.181   158.9965 8.4267e+01    12.4387      0.484      0.702    26.9778 0.0000e+00
      0.494      0.008     4.5970     56.877     41.828  43.471709     2.7653      7.183   159.0578 8.3257e+01    12.4006      0.484      0.703    26.9746 0.0000e+00
      0.496      0.010     4.5869     56.589     41.830  43.471700     2.7801      7.183   159.1470 8.2302e+01    12.4358      0.486      0.706    26.9701 0.0000e+00
      0.498      0.010     4.5740     56.295     41.832  43.471707     2.7878      7.184   159.1285 8.1490e+01    12.5228      0.488      0.708    26.9660 0.0000e+00
      0.502      0.009     4.5595     55.979     41.833  43.471802     2.7915      7.185   159.0064 8.0790e+01    12.5647      0.492      0.713    26.9619 0.0000e+00
      0.507      0.008     4.5341     55.659     41.836  43.472833     2.7839      7.186   158.9603 8.0132e+01    12.6010      0.499      0.723    26.9579 0.0000e+00
      0.510      0.006     4.5123     55.355     41.849  43.484174     2.7709      7.189   159.0012 7.9716e+01    12.6542      0.503      0.729    26.9555 0.0000e+00
      0.510      0.004     4.4898     55.089     41.849  43.481971     2.7591      7.191   159.0709 7.9771e+01    12.6616      0.500      0.726    26.9536 0.0000e+00
      0.508      0.002     4.4638     54.870     41.816  43.446194     2.7494      7.192   159.2018 8.0061e+01    12.6219      0.498      0.723    26.9521 0.0000e+00
      0.508      0.000     4.4380     54.671     41.804  43.432439     2.7360      7.193   159.3791 8.0544e+01    12.5504      0.498      0.723    26.9498 0.0000e+00
      0.509 -3.688e-07     4.4135     54.452     41.817  43.442598     2.7222      7.195   159.4935 8.1213e+01    12.4790      0.500      0.725    26.9467 0.0000e+00
      0.510      0.000     4.3917     54.204     41.819  43.442076     2.7154      7.197   159.5530 8.1736e+01    12.4420      0.501      0.726    26.9445 0.0000e+00
      0.510      0.000     4.3753     53.933     41.807  43.426129     2.7373      7.199   159.5830 8.1848e+01    12.4111      0.500      0.725    26.9433 0.0000e+00
      0.510     -0.001     4.3613     53.656     41.762  43.376723     2.7869      7.201   159.5975 8.1526e+01    12.3447      0.501      0.726    26.9412 0.0000e+00
      0.509     -0.001     4.3438     53.404     41.742  43.352480     2.8077      7.203   159.6421 8.1015e+01    12.2878      0.500      0.725    26.9380 0.0000e+00
      0.508     -0.001     4.3244     53.176     41.778  43.386891     2.7891      7.203   159.6918 8.0479e+01    12.2693      0.498      0.722    26.9341 0.0000e+00
      0.508      0.000     4.3028     52.932     41.805  43.411956     2.7617      7.204   159.6833 7.9866e+01    12.2913      0.498      0.722    26.9301 0.0000e+00
      0.508      0.001     4.2797     52.664     41.798  43.401637     2.7430      7.206   159.5387 7.9244e+01    12.3838      0.499      0.723    26.9261 0.0000e+00
      0.509      0.002     4.2595     52.409     41.788  43.389063     2.7450      7.208   159.4048 7.8774e+01    12.4993      0.498      0.722    26.9222 0.0000e+00
      0.510      0.002     4.2436     52.176     41.788  43.386868     2.7452      7.209   159.3556 7.8469e+01    12.5266      0.499      0.725    26.9186 0.0000e+00
      0.512      0.001     4.2247     51.945     41.778  43.375102     2.7283      7.210   159.2884 7.8237e+01    12.4409      0.502      0.728    26.9152 0.0000e+00
      0.512      0.001     4.2018     51.717     41.779  43.373739     2.7155      7.211   159.3662 7.8044e+01    12.3166      0.503      0.729    26.9119 0.0000e+00
      0.511      0.001     4.1813     51.508     41.778  43.370380     2.7236      7.213   159.6077 7.7944e+01    12.2540      0.501      0.726    26.9092 0.0000e+00
      0.510      0.001     4.1641     51.332     41.745  43.334491     2.7430      7.214   159.7992 7.7918e+01    12.2654      0.500      0.725    26.9073 0.0000e+00
      0.510      0.001     4.1457     51.197     41.734  43.320634     2.7497      7.215   159.8757 7.7961e+01    12.2485      0.500      0.726    26.9047 0.0000e+00
      0.511      0.002     4.1269     51.069     41.745  43.329780     2.7384      7.217   159.9299 7.8007e+01    12.2200      0.501      0.726    26.9014 0.0000e+00
      0.512      0.003     4.1106     50.902     41.736  43.318126     2.7232      7.219   160.0246 7.7931e+01    12.2289      0.501      0.727    26.8987 0.0000e+00
      0.513      0.003     4.0955     50.698     41.726  43.306671     2.7241      7.220   160.0739 7.7661e+01    12.2534      0.503      0.730    26.8968 0.0000e+00
      0.515      0.003     4.0861     50.490     41.739  43.318219     2.7413      7.221   160.0964 7.7259e+01    12.3114      0.505      0.732    26.8946 0.0000e+00
      0.515      0.002     4.0784     50.306     41.754  43.330800     2.7318      7.222   160.1237 7.6774e+01    12.3836      0.505      0.733    26.8920 0.0000e+00
      0.515      0.001     4.0645     50.149     41.758  43.331840     2.6913      7.225   160.1460 7.6169e+01    12.4440      0.505      0.733    26.8895 0.0000e+00
      0.515      0.000     4.0475     49.991     41.759  43.330791     2.6687      7.227   160.1944 7.5549e+01    12.4943      0.505      0.732    26.8872 0.0000e+00
      0.515     -0.001     4.0301     49.818     41.748  43.318107     2.6666      7.228   160.1923 7.5008e+01    12.5478      0.506      0.733    26.8846 0.0000e+00
      0.515     -0.001     4.0153     49.649     41.738  43.305422     2.6989      7.229   160.1203 7.4635e+01    12.7155      0.505      0.733    26.8817 0.0000e+00
      0.515     -0.001     4.0044     49.507     41.739  43.304362     2.7593      7.230   160.1848 7.4442e+01    12.9164      0.505      0.732    26.8787 0.0000e+00
      0.514     -0.001     3.9924     49.392     41.742  43.305289     2.7818      7.231   160.4560 7.4441e+01    12.9276      0.504      0.731    26.8760 0.0000e+00
      0.513      0.000     3.9780     49.283     41.755  43.316631     2.7791      7.233   160.4731 7.4689e+01    12.8849      0.503      0.729    26.8735 0.0000e+00
      0.513 -2.198e-08     3.9638     49.174     41.754  43.314551     2.7926      7.233   160.0486 7.5006e+01    12.8442      0.503      0.729    26.8710 0.0000e+00
      0.514 -2.418e-07     3.9526     49.065     41.722  43.280131     2.8042      7.234   159.7970 7.5256e+01    12.6745      0.504      0.731    26.8686 0.0000e+00
      0.515 -6.110e-07     3.9447     48.960     41.725  43.281288     2.7941      7.236   160.0116 7.5451e+01    12.5071      0.505      0.732    26.8661 0.0000e+00
      0.515     -0.000     3.9360     48.856     41.772  43.328546     2.7791      7.237   160.3202 7.5480e+01    12.4251      0.505      0.732    26.8639 0.0000e+00
      0.514     -0.000     3.9278     48.761     41.788  43.343740     2.7814      7.239   160.4316 7.5228e+01    12.4000      0.504      0.731    26.8622 0.0000e+00
      0.514     -0.001     3.9182     48.686     41.783  43.338049     2.7965      7.240   160.4119 7.4823e+01    12.4425      0.503      0.730    26.8605 0.0000e+00
      0.514     -0.001     3.9112     48.643     41.952  43.513622     2.8111      7.241   160.4256 7.4343e+01    12.4954      0.504      0.731    26.8584 0.0000e+00
      0.514      0.000     3.9015     49.012     42.349  43.943219     2.8084      7.242   160.4260 7.3843e+01    12.4938      0.504      0.731    26.8563 0.0000e+00
      0.514      0.001     3.8953     51.392     42.677  44.343027     2.7899      7.242   160.4168 7.3457e+01    12.4563      0.504      0.731    26.8543 0.0000e+00
      0.514      0.001     3.8868     57.352     42.774  44.539302     2.7784      7.243   160.4868 7.3159e+01    12.4862      0.503      0.730    26.8534 0.0000e+00
      0.514      0.001     3.8867     65.864     42.753  44.602681     2.7770      7.244   160.5829 7.2946e+01    12.6158      0.504      0.731    26.8515 0.0000e+00
      0.515      0.001     3.8674     74.373     42.703  44.601659     2.7902      7.245   160.7188 7.2869e+01    12.7256      0.505      0.733    26.8529 0.0000e+00
      0.516      0.000     3.9709     81.297     42.667  44.590494     2.8051      7.246   160.8403 7.2838e+01    12.7211      0.506      0.734    26.9245 0.0000e+00
      0.516     -0.003     4.4824     86.287     42.657  44.594679     2.7822      7.247   160.8471 7.2786e+01    12.5621      0.506      0.733    27.0678 0.0000e+00
      0.516     -0.005     5.2442     89.398     42.643  44.588812     2.7375      7.248   160.8008 7.2672e+01    12.3391      0.506      0.734    27.1740 0.0000e+00
      0.514     -0.006     5.9536     90.703     42.633  44.583045     2.7222      7.250   160.7959 7.2530e+01    12.2798      0.505      0.732    27.2248 0.0000e+00
      0.511     -0.006     6.5025     90.388     42.636  44.588437     2.7397      7.252   160.8740 7.2395e+01    12.3233      0.502      0.726    27.2530 0.0000e+00
      0.507     -0.004     6.8920     88.907     42.637  44.590527     2.7319      7.253   160.9714 7.2291e+01    12.3182      0.496      0.719    27.2674 0.0000e+00
      0.505      0.000     7.1384     87.041     42.654  44.608311     2.6950      7.253   161.1130 7.2378e+01    12.3550      0.493      0.715    27.2760 0.0000e+00
      0.505      0.006     7.2355     85.453     42.659  44.613037     2.6770      7.252   161.3820 7.2492e+01    12.4267      0.495      0.719    27.2809 0.0000e+00
      0.508      0.012     7.2008     84.311     42.631  44.584190     2.6715      7.251   161.6427 7.2454e+01    12.4676      0.498      0.723    27.2839 0.0000e+00
      0.512      0.017     7.0569     83.510     42.624  44.576907     2.6783      7.249   161.7699 7.2275e+01    12.5421      0.500      0.725    27.2851 0.0000e+00
