Data/DataNotYetUploadedToEDI/Raw_CTD/RawDownloads/071524_fcr30_S7809003.cnv
* Sea-Bird SBE19plus  Data File:
* FileName = C:\R\Reservoirs\Data\DataNotYetUploadedToEDI\Raw_CTD\RawDownloads\071524_fcr50_S7809_0003.hex
* Software version 2.8.0.119
* Temperature SN = 7809
* Conductivity SN = 7809
* System UpLoad Time = Jul 15 2024 16:22:51
* <ApplicationData>
* <Seaterm232>
# nquan = 15
# nvalues = 1033                        
# units = specified
# name 0 = depFM: Depth [fresh water, m]
# name 1 = dz/dtM: Descent Rate [m/s]
# name 2 = sbeox0Mg/L: Oxygen, SBE 43 [mg/l]
# name 3 = sbeox0PS: Oxygen, SBE 43 [% saturation]
# name 4 = specc: Specific Conductance [uS/cm]
# name 5 = c0uS/cm: Conductivity [uS/cm]
# name 6 = flECO-AFL: Fluorescence, WET Labs ECO-AFL/FL [mg/m^3]
# name 7 = ph: pH
# name 8 = orp: Oxidation Reduction Potential [mV]
# name 9 = par/sat/log: PAR/Logarithmic, Satlantic
# name 10 = turbWETntu0: Turbidity, WET Labs ECO [NTU]
# name 11 = prdM: Pressure, Strain Gauge [db]
# name 12 = prdE: Pressure, Strain Gauge [psi]
# name 13 = tv290C: Temperature [ITS-90, deg C]
# name 14 = flag:  0.000e+00
# span 0 =     -0.642,      2.658       
# span 1 =     -0.311,      0.109       
# span 2 =     0.0843,     7.8032       
# span 3 =      1.064,     98.763       
# span 4 =      0.997,     89.204       
# span 5 =   1.012780,  78.618052       
# span 6 =    -0.7301,   227.5603       
# span 7 =      6.723,      7.210       
# span 8 =    56.0090,   272.1925       
# span 9 = 3.3262e+00, 2.1227e+03       
# span 10 =   -12.3113,   110.4732      
# span 11 =     -0.632,      2.607      
# span 12 =     -0.916,      3.781      
# span 13 =    18.3809,    27.8785      
# span 14 = 0.0000e+00, 0.0000e+00      
# interval = seconds: 0.25
# start_time = Jul 15 2024 11:25:21 [Instrument's time stamp, header]
# bad_flag = -9.990e-29
*END*
[from data line 97]
      0.102      0.004     5.4796     65.924     42.308  43.919862     4.3191      6.747   138.1821 5.3404e+02    11.3497      0.100      0.145    26.9179 0.0000e+00
      0.103      0.004     5.3964     66.117     42.324  43.932628     4.3303      6.749   138.2198 4.9173e+02    11.3053      0.101      0.146    26.9126 0.0000e+00
      0.105      0.003     5.3207     66.648     42.340  43.946362     4.3357      6.752   137.9630 4.9726e+02    11.3514      0.103      0.151    26.9084 0.0000e+00
      0.105      0.003     5.2673     67.277     42.356  43.958952     4.3510      6.755   137.7441 5.2627e+02    11.4975      0.104      0.152    26.9039 0.0000e+00
      0.105      0.002     5.2500     67.685     42.359  43.957905     4.3660      6.757   137.7244 5.4833e+02    11.5682      0.102      0.149    26.8991 0.0000e+00
      0.105      0.002     5.2670     67.713     42.339  43.933699     4.3752      6.759   137.8109 5.5157e+02    11.5922      0.102      0.149    26.8944 0.0000e+00
      0.106      0.002     5.3165     67.443     42.329  43.920164     4.3704      6.761   137.9299 5.2202e+02    11.5483      0.104      0.151    26.8901 0.0000e+00
      0.107      0.003     5.3789     67.098     42.333  43.921204     4.3502      6.764   138.0437 4.9911e+02    11.3792      0.104      0.152    26.8856 0.0000e+00
      0.108      0.006     5.4163     66.923     42.361  43.946261     4.3385      6.766   138.1545 5.0356e+02    11.2562      0.105      0.153    26.8809 0.0000e+00
      0.108      0.011     5.4160     67.052     42.386  43.969229     4.3535      6.767   138.2379 5.1481e+02    11.2561      0.106      0.153    26.8765 0.0000e+00
      0.110      0.016     5.3877     67.439     42.366  43.945003     4.3654      6.770   138.3634 5.1647e+02    11.3099      0.107      0.155    26.8724 0.0000e+00
      0.114      0.021     5.3530     67.927     42.332  43.907242     4.2826      6.772   138.5532 5.0315e+02    11.3594      0.111      0.161    26.8683 0.0000e+00
      0.121      0.026     5.3350     68.384     42.321  43.893507     4.1353      6.773   138.7260 5.0711e+02    11.4448      0.118      0.172    26.8647 0.0000e+00
      0.130      0.029     5.3475     68.757     42.334  43.905879     4.0657      6.775   138.8178 5.3419e+02    11.5231      0.128      0.185    26.8612 0.0000e+00
      0.140      0.030     5.3842     69.012     42.359  43.929875     4.0738      6.777   138.9753 5.6061e+02    11.5536      0.138      0.200    26.8577 0.0000e+00
      0.150      0.029     5.4276     69.133     42.361  43.929748     4.0751      6.779   139.2529 5.8543e+02    11.5751      0.148      0.214    26.8547 0.0000e+00
      0.156      0.026     5.4651     69.135     42.338  43.904348     4.0398      6.781   139.5074 6.1833e+02    11.5440      0.154      0.224    26.8521 0.0000e+00
      0.161      0.022     5.4958     68.971     42.313  43.876650     4.0051      6.784   139.7294 6.5621e+02    11.4851      0.157      0.229    26.8499 0.0000e+00
      0.166      0.017     5.5178     68.522     42.288  43.848742     4.0041      6.786   139.8727 6.9473e+02    11.4435      0.162      0.235    26.8479 0.0000e+00
      0.172      0.012     5.5259     67.778     42.262  43.820818     4.0445      6.788   139.9490 7.0483e+02    11.4167      0.169      0.246    26.8458 0.0000e+00
      0.176      0.007     5.5268     66.882     42.236  43.792911     4.1114      6.789   140.0498 6.6770e+02    11.4011      0.174      0.253    26.8437 0.0000e+00
      0.176      0.002     5.5197     65.958     42.211  43.765211     4.1380      6.791   140.2313 6.2192e+02    11.3571      0.172      0.250    26.8414 0.0000e+00
      0.174     -0.003     5.4849     65.091     42.188  43.739801     4.1251      6.794   140.5091 5.9366e+02    11.2946      0.170      0.246    26.8393 0.0000e+00
      0.172     -0.007     5.4190     64.335     42.189  43.739573     4.0719      6.797   140.8267 5.7586e+02    11.3291      0.169      0.245    26.8376 0.0000e+00
      0.170     -0.009     5.3450     63.716     42.212  43.762443     3.9771      6.799   141.1466 5.7075e+02    11.4660      0.167      0.243    26.8358 0.0000e+00
      0.167     -0.009     5.2689     63.295     42.213  43.762432     3.9278      6.801   141.5373 5.8485e+02    11.5838      0.164      0.237    26.8344 0.0000e+00
      0.163     -0.008     5.1976     63.054     42.193  43.739437     3.9093      6.802   142.0224 6.0039e+02    11.5923      0.159      0.230    26.8332 0.0000e+00
      0.160     -0.006     5.1384     62.848     42.193  43.738292     3.7944      6.802   142.3667 6.1578e+02    11.6018      0.156      0.227    26.8319 0.0000e+00
      0.159     -0.003     5.0856     62.553     42.204  43.748593     3.6045      6.803   142.4307 6.1776e+02    11.6993      0.155      0.225    26.8304 0.0000e+00
      0.160     -0.001     5.0520     62.147     42.194  43.737042     3.5107      6.804   142.4522 5.8937e+02    11.7467      0.156      0.227    26.8287 0.0000e+00
      0.161      0.002     5.0388     61.660     42.184  43.725575     3.5173      6.804   142.6257 5.5425e+02    11.7645      0.158      0.229    26.8270 0.0000e+00
      0.161      0.004     5.0264     61.114     42.197  43.736893     3.5182      6.804   142.8946 5.2079e+02    11.7782      0.158      0.229    26.8253 0.0000e+00
      0.162      0.006     5.0029     60.544     42.207  43.746943     3.5294      6.805   143.1224 4.9559e+02    11.7409      0.159      0.230    26.8237 0.0000e+00
      0.163      0.008     4.9692     59.992     42.182  43.720131     3.5704      6.806   143.3149 4.8923e+02    11.6902      0.160      0.232    26.8223 0.0000e+00
      0.164      0.010     4.9300     59.449     42.131  43.666606     3.5973      6.807   143.5879 4.9957e+02    11.7107      0.161      0.233    26.8208 0.0000e+00
      0.168      0.010     4.8859     58.868     42.075  43.607559     3.6129      6.808   143.8416 5.1278e+02    11.8184      0.164      0.238    26.8195 0.0000e+00
      0.173      0.010     4.8383     58.257     42.047  43.577449     3.6089      6.809   143.9734 5.1325e+02    11.8309      0.169      0.245    26.8182 0.0000e+00
      0.177      0.009     4.7945     57.637     42.088  43.619918     3.5827      6.810   144.0627 5.0555e+02    11.7259      0.174      0.252    26.8166 0.0000e+00
      0.179      0.006     4.7540     57.042     42.144  43.676740     3.5716      6.812   144.2324 4.9824e+02    11.6759      0.176      0.255    26.8151 0.0000e+00
      0.179      0.004     4.7066     56.530     42.161  43.693218     3.5740      6.813   144.3912 4.8784e+02    11.7381      0.176      0.255    26.8143 0.0000e+00
      0.178      0.001     4.6568     56.078     42.161  43.692207     3.7368      6.814   144.3481 4.7465e+02    11.8293      0.175      0.253    26.8140 0.0000e+00
      0.178     -0.001     4.6081     55.672     42.135  43.664510     4.0584      6.815   144.3134 4.6518e+02    11.8216      0.174      0.253    26.8137 0.0000e+00
      0.177     -0.001     4.5558     55.323     42.086  43.612222     4.2326      6.818   144.4870 4.6068e+02    11.7477      0.174      0.252    26.8122 0.0000e+00
      0.177     -0.001     4.5180     54.953     42.044  43.567782     4.2449      6.822   144.6413 4.6554e+02    11.7221      0.174      0.252    26.8104 0.0000e+00
      0.177     -0.001     4.4829     54.548     42.048  43.571512     4.2488      6.825   144.6299 4.7964e+02    11.7507      0.174      0.253    26.8091 0.0000e+00
      0.177     -0.001     4.4471     54.166     42.071  43.593842     4.2631      6.828   144.6935 4.9484e+02    11.7858      0.174      0.252    26.8077 0.0000e+00
      0.176     -0.001     4.4251     53.805     42.062  43.583872     4.2767      6.832   144.8939 5.1182e+02    11.7703      0.173      0.251    26.8065 0.0000e+00
      0.176     -0.001     4.3950     53.433     42.057  43.577911     4.2807      6.834   145.0740 5.2662e+02    11.7342      0.172      0.249    26.8057 0.0000e+00
      0.176     -0.001     4.3596     53.033     42.065  43.585239     4.2447      6.835   145.2366 5.3619e+02    11.7257      0.172      0.249    26.8049 0.0000e+00
      0.176     -0.001     4.3303     52.624     42.088  43.609003     4.1733      6.838   145.3109 5.5041e+02    11.7358      0.174      0.252    26.8039 0.0000e+00
      0.176      0.001     4.3022     52.269     42.092  43.611344     4.1425      6.840   145.3695 5.7553e+02    11.7881      0.174      0.252    26.8026 0.0000e+00
      0.175      0.004     4.2731     51.994     42.034  43.550071     4.1552      6.842   145.4285 6.1628e+02    11.8458      0.172      0.248    26.8013 0.0000e+00
      0.174      0.007     4.2413     51.774     41.989  43.502896     4.2185      6.844   145.1645 6.3921e+02    11.8521      0.170      0.246    26.8004 0.0000e+00
      0.176      0.011     4.2054     51.549     41.972  43.485261     4.3247      6.845   144.6721 6.0621e+02    11.7967      0.171      0.247    26.7997 0.0000e+00
      0.181      0.015     4.1772     51.293     41.952  43.463776     4.3751      6.845   144.3795 5.6491e+02    11.7227      0.177      0.257    26.7984 0.0000e+00
      0.187      0.019     4.1556     51.017     41.984  43.497026     4.3776      6.843   144.4667 5.6178e+02    11.7427      0.185      0.268    26.7971 0.0000e+00
      0.192      0.023     4.1407     50.722     42.054  43.569919     4.3890      6.841   144.7797 5.7483e+02    11.8340      0.188      0.274    26.7961 0.0000e+00
      0.198      0.027     4.1234     50.434     42.068  43.583434     4.3875      6.840   145.1532 5.8827e+02    11.9384      0.194      0.281    26.7957 0.0000e+00
      0.204      0.028     4.1015     50.180     42.021  43.533495     4.3515      6.837   145.4546 6.0319e+02    12.0134      0.200      0.290    26.7961 0.0000e+00
      0.212      0.028     4.0807     49.961     41.964  43.473893     4.3107      6.835   145.6705 6.1332e+02    11.9894      0.207      0.300    26.7964 0.0000e+00
      0.222      0.027     4.0555     49.754     41.925  43.434042     4.2937      6.835   145.9569 6.2895e+02    11.9555      0.217      0.315    26.7957 0.0000e+00
      0.232      0.023     4.0320     49.544     41.924  43.432501     4.1797      6.836   146.1647 6.5734e+02    11.9110      0.230      0.333    26.7942 0.0000e+00
      0.238      0.018     4.0114     49.334     41.947  43.455263     3.9474      6.838   146.2896 6.8279e+02    11.8277      0.237      0.343    26.7925 0.0000e+00
      0.240      0.009     3.9953     49.125     41.948  43.455355     3.8069      6.839   146.4348 7.1176e+02    11.7681      0.235      0.341    26.7923 0.0000e+00
      0.241     -0.001     3.9788     48.914     41.928  43.433615     3.7964      6.841   146.4577 7.3538e+02    11.7032      0.236      0.342    26.7930 0.0000e+00
      0.241     -0.010     3.9622     48.696     41.941  43.446297     3.9543      6.842   146.3936 7.3772e+02    11.5894      0.238      0.345    26.7925 0.0000e+00
      0.238     -0.017     3.9448     48.464     41.976  43.481739     4.2595      6.844   146.3491 7.3017e+02    11.4508      0.235      0.342    26.7911 0.0000e+00
      0.230     -0.020     3.9288     48.226     41.977  43.481313     4.4393      6.846   146.2640 7.1930e+02    11.3943      0.226      0.329    26.7897 0.0000e+00
      0.221     -0.021     3.9119     48.011     41.940  43.441143     4.4552      6.847   146.2249 7.3486e+02    11.3490      0.216      0.313    26.7889 0.0000e+00
      0.213     -0.021     3.8950     47.826     41.878  43.376879     4.4355      6.848   146.3064 7.4441e+02    11.3137      0.208      0.301    26.7883 0.0000e+00
      0.208     -0.020     3.8766     47.683     41.842  43.339026     4.4265      6.850   146.3879 6.9144e+02    11.4455      0.203      0.295    26.7869 0.0000e+00
      0.205     -0.017     3.8557     47.555     41.866  43.364301     4.4366      6.852   146.5223 6.3096e+02    11.6110      0.201      0.292    26.7849 0.0000e+00
      0.204     -0.014     3.8397     47.403     41.929  43.428591     4.4413      6.854   146.7268 6.2436e+02    11.6406      0.200      0.290    26.7834 0.0000e+00
      0.201     -0.011     3.8235     47.271     41.981  43.481616     4.3593      6.854   146.7958 6.5050e+02    11.5645      0.199      0.288    26.7826 0.0000e+00
      0.196     -0.008     3.8128     47.186     41.997  43.497647     4.2021      6.855   146.6686 6.8277e+02    11.4760      0.193      0.280    26.7824 0.0000e+00
      0.192     -0.004     3.8057     47.107     41.996  43.495471     4.1304      6.857   146.5651 7.2122e+02    11.4583      0.187      0.271    26.7828 0.0000e+00
      0.190      0.002     3.7905     47.014     41.958  43.455309     4.1495      6.860   146.5767 7.0949e+02    11.4877      0.185      0.269    26.7827 0.0000e+00
      0.191      0.010     3.7786     46.912     41.898  43.392879     4.1504      6.862   146.5510 6.3784e+02    11.4893      0.186      0.271    26.7814 0.0000e+00
      0.196      0.017     3.7748     46.841     41.881  43.375362     4.0996      6.863   146.4267 5.9559e+02    11.5125      0.191      0.277    26.7797 0.0000e+00
      0.203      0.022     3.7683     46.848     41.999  43.497393     4.0354      6.863   146.3641 5.9474e+02    11.5965      0.199      0.289    26.7785 0.0000e+00
      0.212      0.026     3.7611     47.238     42.280  43.789308     4.0149      6.863   146.4821 5.8064e+02    11.6865      0.209      0.303    26.7775 0.0000e+00
      0.219      0.027     3.7523     49.453     42.529  44.048578     4.0262      6.863   146.7356 5.5687e+02    11.7802      0.215      0.312    26.7769 0.0000e+00
      0.225      0.024     3.7435     55.250     42.631  44.156734     4.0474      6.863   147.0199 5.6001e+02    11.8414      0.219      0.318    26.7779 0.0000e+00
      0.232      0.018     3.7458     63.753     42.678  44.208371     4.0795      6.863   147.2523 5.8845e+02    11.8109      0.227      0.330    26.7782 0.0000e+00
      0.240      0.009     3.7404     72.083     42.695  44.228599     4.0897      6.863   147.5664 6.3029e+02    11.7190      0.236      0.342    26.7772 0.0000e+00
      0.244     -0.002     3.8286     78.679     42.674  44.210890     4.0797      6.862   147.8924 6.7937e+02    11.6873      0.241      0.350    26.7800 0.0000e+00
      0.242     -0.012     4.3217     83.395     42.643  44.184685     4.1490      6.861   148.0114 7.2576e+02    11.6670      0.239      0.347    26.7841 0.0000e+00
      0.234     -0.022     5.1264     86.320     42.619  44.165662     4.2954      6.859   148.0579 7.7261e+02    11.5071      0.230      0.333    26.7859 0.0000e+00
      0.223     -0.028     5.8205     87.530     42.622  44.171326     4.3766      6.859   148.1101 8.1949e+02    11.3596      0.219      0.317    26.7889 0.0000e+00
      0.212     -0.029     6.3424     87.127     42.638  44.189691     4.3741      6.860   148.1273 8.2840e+02    11.3183      0.208      0.301    26.7938 0.0000e+00
      0.202     -0.027     6.7187     85.596     42.644  44.197285     4.3393      6.862   148.1797 7.8764e+02    11.3838      0.197      0.286    26.8019 0.0000e+00
      0.196     -0.022     6.9458     83.761     42.646  44.199678     4.2982      6.864   148.2271 7.1443e+02    11.5372      0.191      0.276    26.8097 0.0000e+00
      0.193     -0.018     7.0462     82.252     42.665  44.218625     4.2762      6.865   148.1836 6.2661e+02    11.6018      0.189      0.274    26.8117 0.0000e+00
      0.192     -0.015     6.9991     81.208     42.680  44.235947     4.2731      6.867   148.1707 5.8313e+02    11.5488      0.189      0.274    26.8130 0.0000e+00
      0.190     -0.012     6.8486     80.500     42.662  44.218687     4.3096      6.867   148.2428 6.3359e+02    11.4091      0.187      0.271    26.8150 0.0000e+00
