Data/DataNotYetUploadedToEDI/Raw_CTD/RawDownloads/071524_fcr40_S7809004.cnv
* Sea-Bird SBE19plus  Data File:
* FileName = C:\R\Reservoirs\Data\DataNotYetUploadedToEDI\Raw_CTD\RawDownloads\071524_fcr50_S7809_0004.hex
* Software version 2.8.0.119
* Temperature SN = 7809
* Conductivity SN = 7809
* System UpLoad Time = Jul 15 2024 16:23:24
* <ApplicationData>
* <Seaterm232>
# nquan = 15
# nvalues = 1206                        
# units = specified
# name 0 = depFM: Depth [fresh water, m]
# name 1 = dz/dtM: Descent Rate [m/s]
# name 2 = sbeox0Mg/L: Oxygen, SBE 43 [mg/l]
# name 3 = sbeox0PS: Oxygen, SBE 43 [% saturation]
# name 4 = specc: Specific Conductance [uS/cm]
# name 5 = c0uS/cm: Conductivity [uS/cm]
# name 6 = flECO-AFL: Fluorescence, WET Labs ECO-AFL/FL [mg/m^3]
# name 7 = ph: pH
# name 8 = orp: Oxidation Reduction Potential [mV]
# name 9 = par/sat/log: PAR/Logarithmic, Satlantic
# name 10 = turbWETntu0: Turbidity, WET Labs ECO [NTU]
# name 11 = prdM: Pressure, Strain Gauge [db]
# name 12 = prdE: Pressure, Strain Gauge [psi]
# name 13 = tv290C: Temperature [ITS-90, deg C]
# name 14 = flag:  0.000e+00
# span 0 =     -0.644,      5.217       
# span 1 =     -0.424,      0.170       
# span 2 =     0.1139,     8.5066       
# span 3 =      1.259,     98.850       
# span 4 =      1.254,     73.733       
# span 5 =   1.236249,  60.953297       
# span 6 =    -0.7431,    21.3465       
# span 7 =      7.060,      7.449       
# span 8 =    56.0954,   222.8686       
# span 9 = 1.2353e-01, 2.1982e+03       
# span 10 =    -0.3089,   442.6286      
# span 11 =     -0.633,      5.117      
# span 12 =     -0.917,      7.421      
# span 13 =    11.9980,    28.4735      
# span 14 = 0.0000e+00, 0.0000e+00      
# interval = seconds: 0.25
# start_time = Jul 15 2024 11:35:30 [Instrument's time stamp, header]
# bad_flag = -9.990e-29
*END*
[from data line 1061]
      5.205      0.002     7.9308     73.088     53.977  40.010283     3.8520      7.251   170.9157 1.2367e-01   270.7061      5.104      7.403    12.0146 0.0000e+00
      5.205      0.002     7.9078     73.208     53.941  39.997297     3.9306      7.250   171.1717 1.2373e-01   289.9072      5.105      7.404    12.0219 0.0000e+00
      5.205      0.002     7.8870     73.479     53.919  39.987755     4.0483      7.250   171.3656 1.2377e-01   324.7709      5.104      7.403    12.0335 0.0000e+00
      5.206      0.002     7.8679     73.870     53.965  40.021843     4.1103      7.249   171.4531 1.2371e-01   343.8489      5.105      7.404    12.0446 0.0000e+00
      5.207      0.002     7.8581     74.337     54.065  40.092126     4.0977      7.248   171.7130 1.2366e-01   346.9453      5.106      7.406    12.0586 0.0000e+00
      5.207      0.002     7.8693     74.810     54.137  40.139422     3.8626      7.248   172.0990 1.2369e-01   362.5506      5.106      7.406    12.0746 0.0000e+00
      5.207      0.002     7.8991     75.237     54.159  40.149429     3.4154      7.248   172.3353 1.2371e-01   390.8049      5.106      7.406    12.0806 0.0000e+00
      5.208      0.003     7.9414     75.507     54.165  40.149659     3.1600      7.248   172.5045 1.2368e-01   406.2033      5.107      7.407    12.0792 0.0000e+00
      5.209      0.003     7.9976     75.544     54.156  40.142189     3.1049      7.246   172.7680 1.2368e-01   408.3704      5.108      7.409    12.0755 0.0000e+00
      5.210      0.003     8.0488     75.403     54.126  40.122580     2.8240      7.243   173.1121 1.2367e-01   417.3833      5.109      7.410    12.0686 0.0000e+00
      5.211      0.003     8.1011     75.135     54.094  40.102969     2.3190      7.243   173.3957 1.2362e-01   433.7064      5.110      7.411    12.0630 0.0000e+00
      5.211      0.002     8.1370     74.786     54.080  40.095468     2.0258      7.243   173.7022 1.2364e-01   442.5184      5.110      7.412    12.0595 0.0000e+00
      5.212      0.002     8.1342     74.386     54.081  40.095353     1.9588      7.241   173.9786 1.2369e-01   442.6286      5.111      7.413    12.0573 0.0000e+00
      5.212      0.002     8.1198     73.983     54.093  40.101584     1.8012      7.240   174.2423 1.2369e-01   435.8585      5.111      7.413    12.0608 0.0000e+00
      5.212      0.002     8.0859     73.661     54.100  40.107349     1.5429      7.240   174.5676 1.2364e-01   423.3781      5.111      7.414    12.0668 0.0000e+00
      5.213      0.002     8.0482     73.470     54.083  40.101582     1.4083      7.240   174.6430 1.2358e-01   416.5830      5.112      7.415    12.0686 0.0000e+00
      5.213      0.002     8.0040     73.405     54.062  40.095329     1.3965      7.239   174.7232 1.2356e-01   415.8354      5.112      7.415    12.0683 0.0000e+00
      5.214      0.002     7.9562     73.421     54.051  40.095225     1.3838      7.239   175.0209 1.2360e-01   414.3042      5.113      7.415    12.0642 0.0000e+00
      5.214      0.002     7.9213     73.496     54.053  40.100333     1.3462      7.238   175.2311 1.2361e-01   398.6162      5.113      7.416    12.0620 0.0000e+00
      5.215      0.002     7.8982     73.611     54.047  40.093624     1.2915      7.237   175.3718 1.2357e-01   369.8622      5.114      7.417    12.0713 0.0000e+00
      5.216      0.002     7.8932     73.730     54.036  40.077567     1.2721      7.235   175.6034 1.2359e-01   354.0929      5.115      7.418    12.0808 0.0000e+00
      5.216      0.002     7.8929     73.824     54.077  40.096569     1.2862      7.234   175.9660 1.2365e-01   351.6604      5.115      7.419    12.0877 0.0000e+00
      5.216      0.001     7.9011     73.885     54.143  40.132974     1.2541      7.233   176.4013 1.2365e-01   340.1082      5.115      7.419    12.0931 0.0000e+00
      5.216      0.001     7.9155     73.910     54.161  40.136938     1.1828      7.231   176.8220 1.2362e-01   319.1834      5.115      7.419    12.0905 0.0000e+00
      5.217      0.001     7.9310     73.902     54.178  40.144483     1.1484      7.230   177.0955 1.2358e-01   307.9214      5.116      7.420    12.0824 0.0000e+00
      5.217      0.000     7.9432     73.872     54.203  40.160732     1.1466      7.229   177.2990 1.2357e-01   307.6144      5.116      7.421    12.0718 0.0000e+00
      5.217     -0.001     7.9519     73.805     54.184  40.143002     1.1610      7.229   177.6483 1.2358e-01   314.5146      5.116      7.420    12.0585 0.0000e+00
      5.217     -0.005     7.9570     73.667     54.161  40.120502     1.1813      7.228   178.1347 1.2358e-01   327.2348      5.117      7.421    12.0484 0.0000e+00
      5.217     -0.015     7.9554     73.449     54.112  40.079072     1.1921      7.227   178.7919 1.2358e-01   333.8276      5.117      7.421    12.0455 0.0000e+00
      5.216     -0.035     7.9531     73.179     54.036  40.022867     1.1996      7.225   179.6582 1.2366e-01   330.2116      5.115      7.419    12.0443 0.0000e+00
      5.211     -0.068     7.9482     72.870     54.010  40.012117     1.2877      7.222   180.6080 1.2375e-01   283.2760      5.111      7.414    12.0408 0.0000e+00
      5.201     -0.108     7.9355     72.570     53.986  40.012570     1.4591      7.218   181.4134 1.2474e-01   197.1177      5.105      7.405    12.0349 0.0000e+00
      5.175     -0.146     7.9103     72.346     53.899  39.964904     1.5416      7.215   181.9964 1.3603e-01   149.8771      5.085      7.377    12.0294 0.0000e+00
      5.123     -0.176     7.8824     72.235     53.782  39.880065     1.5107      7.214   182.5806 1.6904e-01   142.9808      5.032      7.299    12.0271 0.0000e+00
      5.052     -0.192     7.8464     72.286     53.706  39.811837     1.2263      7.213   183.2292 2.0799e-01   113.4274      4.952      7.182    12.0344 0.0000e+00
      4.983     -0.196     7.8054     72.529     53.677  39.774597     0.7165      7.212   183.9013 2.3995e-01    59.8125      4.879      7.077    12.0559 0.0000e+00
      4.930     -0.189     7.7791     73.000     53.659  39.747099     0.4490      7.211   184.5125 2.7423e-01    30.5182      4.829      7.004    12.0768 0.0000e+00
      4.893     -0.177     7.7629     73.730     53.651  39.733202     0.4233      7.210   184.9404 3.0946e-01    27.7602      4.796      6.957    12.0782 0.0000e+00
      4.863     -0.167     7.7711     74.674     53.651  39.733493     0.4053      7.210   185.2026 3.4692e-01    27.0127      4.772      6.921    12.0629 0.0000e+00
      4.829     -0.169     7.7994     75.751     53.664  39.750618     0.3973      7.210   185.2745 4.0062e-01    26.0564      4.740      6.875    12.0458 0.0000e+00
      4.788     -0.181     7.8487     76.828     53.732  39.813345     0.4015      7.209   185.3794 4.7086e-01    25.5231      4.697      6.813    12.0317 0.0000e+00
      4.738     -0.199     7.9335     77.757     53.854  39.920760     0.4145      7.208   185.6964 5.6103e-01    25.4157      4.649      6.743    12.0228 0.0000e+00
      4.682     -0.215     8.0359     78.475     53.977  40.033949     0.4216      7.208   186.0961 6.8952e-01    25.3388      4.593      6.662    12.0244 0.0000e+00
      4.620     -0.222     8.1561     78.928     54.038  40.103029     0.4208      7.208   186.5119 8.3837e-01    25.4137      4.529      6.570    12.0328 0.0000e+00
      4.557     -0.219     8.2773     78.971     54.031  40.121377     0.4207      7.207   186.9385 9.8277e-01    25.6033      4.469      6.482    12.0436 0.0000e+00
      4.496     -0.215     8.3751     78.466     54.101  40.192355     0.4210      7.206   187.4680 1.1190e+00    25.7186      4.410      6.396    12.0597 0.0000e+00
      4.439     -0.217     8.4486     77.337     54.250  40.326587     0.4245      7.206   187.9240 1.2166e+00    25.7830      4.347      6.305    12.0811 0.0000e+00
      4.395     -0.227     8.5006     75.572     54.309  40.411615     0.4212      7.206   188.0641 1.2726e+00    26.4155      4.304      6.242    12.1028 0.0000e+00
      4.358     -0.239     8.5066     73.319     54.302  40.458880     0.4148      7.205   188.0439 1.3431e+00    27.6618      4.284      6.213    12.1268 0.0000e+00
      4.300     -0.251     8.4501     70.755     54.317  40.517320     0.4135      7.205   188.1097 1.4433e+00    28.4186      4.231      6.137    12.1431 0.0000e+00
      4.215     -0.261     8.3303     67.818     54.389  40.610541     0.4130      7.205   188.3432 1.5411e+00    28.5631      4.131      5.991    12.1548 0.0000e+00
      4.129     -0.266     8.1263     64.463     54.539  40.760979     0.4180      7.205   188.5435 1.6250e+00    28.7596      4.042      5.861    12.1969 0.0000e+00
      4.057     -0.262     7.8618     60.888     55.057  41.193893     0.4152      7.203   188.7243 1.7057e+00    29.0860      3.979      5.771    12.2549 0.0000e+00
      3.992     -0.249     7.5870     57.312     56.107  42.036773     0.3966      7.200   188.9812 1.7843e+00    29.3328      3.911      5.674    12.2965 0.0000e+00
      3.937     -0.231     7.2731     53.888     56.977  42.764577     0.3923      7.197   189.2408 1.8677e+00    29.4552      3.856      5.593    12.3317 0.0000e+00
      3.890     -0.217     6.8954     50.602     57.944  43.583204     0.4135      7.194   189.4535 1.9706e+00    29.5063      3.818      5.539    12.3622 0.0000e+00
      3.837     -0.212     6.5017     47.328     59.214  44.634964     0.4285      7.191   189.4885 2.0707e+00    29.4728      3.765      5.461    12.4043 0.0000e+00
      3.781     -0.210     6.1053     44.063     59.245  44.753695     0.4228      7.189   189.3195 2.1550e+00    29.3926      3.704      5.372    12.4496 0.0000e+00
      3.730     -0.208     5.7313     40.810     58.756  44.447741     0.4109      7.188   189.1311 2.2595e+00    29.2872      3.660      5.308    12.5180 0.0000e+00
      3.675     -0.208     5.3812     37.498     59.781  45.252366     0.4517      7.187   189.1032 2.4157e+00    28.2328      3.608      5.233    12.6075 0.0000e+00
      3.616     -0.210     5.0205     34.073     61.728  46.801106     0.5504      7.186   188.8111 2.5782e+00    26.2078      3.540      5.135    12.6790 0.0000e+00
      3.565     -0.215     4.6642     30.689     63.065  48.000930     0.6046      7.184   188.0081 2.7074e+00    25.0601      3.493      5.067    12.7798 0.0000e+00
      3.520     -0.219     4.3163     27.693     63.331  48.458893     0.5998      7.180   187.0517 2.8757e+00    24.9118      3.456      5.013    12.8421 0.0000e+00
      3.466     -0.219     3.9715     25.141     63.626  48.910173     0.5920      7.175   186.1082 3.1346e+00    24.6536      3.404      4.938    12.8291 0.0000e+00
      3.401     -0.219     3.6028     22.699     65.091  50.219328     0.6609      7.169   185.2910 3.4264e+00    21.9379      3.336      4.838    12.8656 0.0000e+00
      3.335     -0.219     3.2132     20.199     67.025  51.969812     0.8163      7.161   184.4844 3.6650e+00    16.9452      3.263      4.733    13.0266 0.0000e+00
      3.281     -0.220     2.8781     17.849     69.030  53.946702     0.9230      7.150   183.5830 3.8756e+00    14.1942      3.216      4.664    13.2719 0.0000e+00
      3.232     -0.226     2.6202     15.784     70.234  55.451243     0.9442      7.139   182.6510 4.1937e+00    13.7823      3.174      4.603    13.4604 0.0000e+00
      3.181     -0.239     2.3705     13.866     69.525  55.491030     1.0388      7.127   181.5625 4.6192e+00    12.4100      3.117      4.521    13.5425 0.0000e+00
      3.130     -0.257     2.0870     11.912     68.243  54.936900     1.2426      7.117   180.3160 5.1935e+00    10.0700      3.072      4.454    13.7152 0.0000e+00
      3.067     -0.275     1.8244      9.919     67.444  54.595088     1.3698      7.109   179.1088 6.2557e+00     8.8548      3.021      4.381    14.0270 0.0000e+00
      2.981     -0.285     1.6051      8.004     66.998  54.470581     1.4114      7.103   178.2382 7.8207e+00     8.6819      2.926      4.243    14.4470 0.0000e+00
      2.886     -0.285     1.4031      6.287     66.588  54.384436     1.6116      7.098   177.5323 9.4358e+00     7.9449      2.823      4.094    14.9614 0.0000e+00
      2.805     -0.280     1.1954      4.924     65.439  53.807848     1.9518      7.095   176.5111 1.0868e+01     6.6395      2.746      3.983    15.3015 0.0000e+00
      2.738     -0.275     0.9866      4.033     63.636  52.897577     2.1208      7.094   175.4416 1.1954e+01     5.9474      2.679      3.885    15.4789 0.0000e+00
      2.686     -0.266     0.7896      3.520     62.268  52.397026     2.1404      7.092   174.4092 1.2735e+01     5.9983      2.632      3.818    15.6473 0.0000e+00
      2.635     -0.261     0.6112      3.160     61.576  52.265472     2.1723      7.091   173.4080 1.3740e+01     6.7432      2.594      3.762    15.8101 0.0000e+00
      2.565     -0.262     0.4669      2.804     60.915  51.942566     2.1982      7.090   172.8860 1.5144e+01     8.0867      2.520      3.655    16.0300 0.0000e+00
      2.484     -0.266     0.3791      2.442     59.490  50.906097     2.2028      7.091   172.1415 1.6686e+01     8.8520      2.431      3.526    16.5374 0.0000e+00
      2.409     -0.275     0.3357      2.168     56.871  48.941106     2.1952      7.093   170.7723 1.8337e+01     9.0623      2.361      3.424    17.1517 0.0000e+00
      2.341     -0.285     0.3025      2.013     54.080  46.978395     2.2307      7.094   169.5817 2.0258e+01    10.5614      2.295      3.328    17.5062 0.0000e+00
      2.277     -0.291     0.2695      1.892     52.446  46.095584     2.3081      7.095   168.4148 2.2639e+01    13.2799      2.230      3.235    17.6474 0.0000e+00
      2.212     -0.298     0.2283      1.730     51.675  45.886349     2.3478      7.096   167.2463 2.5884e+01    14.7397      2.178      3.159    17.7441 0.0000e+00
      2.131     -0.309     0.2001      1.561     50.753  45.401418     2.3447      7.096   166.8965 2.9643e+01    14.7528      2.097      3.040    17.9746 0.0000e+00
      2.040     -0.319     0.1879      1.447     49.510  44.612814     2.3541      7.095   167.0258 3.2722e+01    13.8491      1.992      2.891    18.3945 0.0000e+00
      1.956     -0.326     0.1782      1.391     48.579  44.159742     2.4290      7.095   166.6585 3.5430e+01    12.2849      1.918      2.782    18.9735 0.0000e+00
      1.873     -0.331     0.1593      1.362     48.038  44.050035     2.5337      7.094   165.7247 3.8833e+01    11.4848      1.842      2.672    19.4678 0.0000e+00
      1.785     -0.333     0.1400      1.331     47.636  44.048589     2.5879      7.092   164.7690 4.2538e+01    11.4170      1.746      2.531    19.7217 0.0000e+00
      1.704     -0.332     0.1298      1.313     47.408  44.142777     2.6846      7.091   163.8792 4.6387e+01    11.2947      1.668      2.420    20.0044 0.0000e+00
      1.626     -0.331     0.1241      1.359     47.239  44.173674     3.8614      7.089   162.9678 5.1513e+01    10.6207      1.602      2.325    20.4753 0.0000e+00
      1.536     -0.329     0.1226      1.524     47.021  44.105037     6.0547      7.087   162.4396 5.7889e+01     9.4843      1.508      2.187    20.8391 0.0000e+00
      1.443     -0.323     0.1177      1.808     46.750  44.011298     7.2647      7.085   162.1396 6.4349e+01     8.8612      1.406      2.039    21.2445 0.0000e+00
      1.363     -0.318     0.1139      2.146     46.412  43.929159     7.3547      7.081   161.2325 7.1626e+01     8.7582      1.338      1.941    21.6218 0.0000e+00
      1.285     -0.318     0.1152      2.541     45.913  43.810457     7.0175      7.078   159.9897 8.0060e+01     8.3068      1.264      1.833    21.7596 0.0000e+00
      1.206     -0.321     0.1289      3.088     45.393  43.719145     6.3759      7.078   159.4176 8.8077e+01     7.5022      1.174      1.703    21.8842 0.0000e+00
