Data/DataNotYetUploadedToEDI/Raw_CTD/RawDownloads/071524_bvr50_S8188001.cnv
* Sea-Bird SBE19plus  Data File:
* FileName = C:\R\Reservoirs\Data\DataNotYetUploadedToEDI\Raw_CTD\RawDownloads\071524_bvr50_S8188_0001.hex
* Software version 2.8.0.119
* Temperature SN = 8188
* Conductivity SN = 8188
* System UpLoad Time = Jul 15 2024 16:45:14
* <ApplicationData>
* <Seaterm232>
# nquan = 16
# nvalues = 2108                        
# units = specified
# name 0 = depFM: Depth [fresh water, m]
# name 1 = dz/dtM: Descent Rate [m/s]
# name 2 = sbeox0Mg/L: Oxygen, SBE 43 [mg/l]
# name 3 = sbeox0PS: Oxygen, SBE 43 [% saturation]
# name 4 = specc: Specific Conductance [uS/cm]
# name 5 = c0uS/cm: Conductivity [uS/cm]
# name 6 = wetCDOM: Fluorescence, WET Labs CDOM [mg/m^3]
# name 7 = flECO-AFL: Fluorescence, WET Labs ECO-AFL/FL [mg/m^3]
# name 8 = flECO-AFL1: Fluorescence, WET Labs ECO-AFL/FL, 2 [mg/m^3]
# name 9 = flECO-AFL2: Fluorescence, WET Labs ECO-AFL/FL, 3 [mg/m^3]
# name 10 = par/sat/log: PAR/Logarithmic, Satlantic
# name 11 = turbWETntu0: Turbidity, WET Labs ECO [NTU]
# name 12 = prdM: Pressure, Strain Gauge [db]
# name 13 = prdE: Pressure, Strain Gauge [psi]
# name 14 = tv290C: Temperature [ITS-90, deg C]
# name 15 = flag:  0.000e+00
# span 0 =     -0.713,      9.369       
# span 1 =     -0.289,      0.162       
# span 2 =     0.0126,    10.7198       
# span 3 =      0.129,    137.687       
# span 4 =     -0.027,    128.237       
# span 5 =  -0.028466,  90.210859       
# span 6 =    -4.5000,    52.2900       
# span 7 =    -0.2846,    84.1131       
# span 8 =    -2.1300,     2.1726       
# span 9 =    -2.0304,    16.0317       
# span 10 = 1.1575e-01, 2.7723e+03      
# span 11 =    -1.1555,    79.8150      
# span 12 =     -0.699,      9.188      
# span 13 =     -1.014,     13.326      
# span 14 =    10.1614,    28.2994      
# span 15 = 0.0000e+00, 0.0000e+00      
# interval = seconds: 0.25
# start_time = Jul 15 2024 09:35:12 [Instrument's time stamp, header]
# bad_flag = -9.990e-29
*END*
[from data line 91]
      0.013     -0.021     7.1910     94.369     31.543  33.619862    28.7100     5.1095     0.1278     0.9729 6.5396e+02     2.9686      0.013      0.019    28.2876 0.0000e+00
      0.008     -0.020     7.3224     93.350     31.525  33.600766    28.7100     5.1133     0.1278     0.9729 9.0439e+02     2.9837      0.008      0.012    28.2868 0.0000e+00
      0.002     -0.020     7.3900     92.082     31.507  33.582542    28.8000     5.1057     0.1704     0.9306 7.9126e+02     3.0139      0.002      0.003    28.2859 0.0000e+00
     -0.003     -0.019     7.3948     90.694     31.493  33.568297    28.8000     5.1019     0.1704     0.9306 8.8495e+02     3.0592     -0.003     -0.005    28.2854 0.0000e+00
     -0.008     -0.017     7.3489     89.313     31.488  33.562202    28.8000     4.9722     0.1704     0.9306 7.7156e+02     2.9535     -0.008     -0.012    28.2855 0.0000e+00
     -0.013     -0.014     7.2694     88.111     31.488  33.562629    28.8000     4.9874     0.1704     0.9306 9.9124e+02     3.0441     -0.012     -0.018    28.2861 0.0000e+00
     -0.016     -0.011     7.1706     87.287     31.487  33.561726    28.8000     4.9912     0.1278     1.0152 9.3374e+02     3.1498     -0.016     -0.023    28.2869 0.0000e+00
     -0.018     -0.008     7.0624     86.950     31.481  33.555268    28.8000     4.9760     0.1278     1.0152 6.0778e+02     2.9686     -0.018     -0.026    28.2875 0.0000e+00
     -0.020     -0.005     6.9548     87.063     31.472  33.545516    28.8000     4.6746     0.1278     1.0152 7.9955e+02     2.9988     -0.020     -0.028    28.2877 0.0000e+00
     -0.020     -0.003     6.8613     87.491     31.464  33.537839    28.8000     4.6670     0.1278     1.0152 6.7842e+02     3.0441     -0.020     -0.029    28.2875 0.0000e+00
     -0.021     -0.001     6.7971     88.057     31.457  33.530187    28.8900     4.6746     0.0852     0.9306 8.1658e+02     2.9535     -0.020     -0.029    28.2873 0.0000e+00
     -0.020      0.001     6.7709     88.575     31.444  33.516537    28.8900     4.7013     0.0852     0.9306 8.4676e+02     3.0894     -0.020     -0.029    28.2874 0.0000e+00
     -0.020      0.002     6.7796     88.910     31.429  33.501217    28.8900     5.1667     0.0852     0.9306 9.6741e+02     3.0139     -0.020     -0.028    28.2877 0.0000e+00
     -0.019      0.003     6.8129     88.993     31.421  33.492093    28.8900     5.1820     0.0852     0.9306 1.0957e+03     2.9837     -0.019     -0.027    28.2880 0.0000e+00
     -0.018      0.004     6.8570     88.794     31.419  33.490714    28.8900     5.1591     0.0852     0.9306 7.8663e+02     3.0139     -0.018     -0.026    28.2882 0.0000e+00
     -0.017      0.004     6.8973     88.351     31.421  33.492729    28.8900     5.1743     0.0852     1.1421 5.2350e+02     2.9081     -0.017     -0.025    28.2886 0.0000e+00
     -0.016      0.004     6.9233     87.802     31.419  33.490708    28.8900     4.9760     0.0852     1.1421 5.6474e+02     2.9988     -0.016     -0.023    28.2892 0.0000e+00
     -0.015      0.004     6.9297     87.305     31.413  33.484114    28.8900     4.9722     0.0852     1.1421 4.5861e+02     3.0441     -0.015     -0.021    28.2897 0.0000e+00
     -0.014      0.004     6.9141     86.953     31.404  33.475170    28.8900     4.9874     0.0852     1.1421 6.2033e+02     2.9232     -0.014     -0.020    28.2897 0.0000e+00
     -0.013      0.004     6.8797     86.729     31.395  33.465476    28.8900     4.9607     0.1278     1.0575 7.7762e+02     3.0743     -0.013     -0.019    28.2897 0.0000e+00
     -0.013      0.004     6.8369     86.514     31.390  33.460413    28.8900     4.8615     0.1278     1.0575 9.4888e+02     2.8930     -0.013     -0.018    28.2898 0.0000e+00
     -0.012      0.004     6.7982     86.170     31.389  33.458631    28.8900     4.8654     0.1278     1.0575 1.7410e+03     3.0139     -0.012     -0.016    28.2901 0.0000e+00
     -0.010      0.004     6.7707     85.619     31.387  33.455672    28.8900     4.8577     0.1278     1.0575 8.3181e+02     3.0139     -0.010     -0.015    28.2905 0.0000e+00
     -0.009      0.004     6.7532     84.843     31.383  33.450747    28.9800     4.8692     0.1278     1.0998 5.5864e+02     2.9837     -0.009     -0.013    28.2908 0.0000e+00
     -0.008      0.003     6.7365     83.851     31.377  33.442543    28.9800     4.9531     0.1278     1.0998 1.0143e+03     2.9837     -0.008     -0.012    28.2907 0.0000e+00
     -0.008      0.003     6.7098     82.671     31.370  33.432854    28.9800     4.9645     0.1278     1.0998 1.2302e+03     3.0441     -0.008     -0.011    28.2901 0.0000e+00
     -0.007      0.002     6.6671     81.360     31.367  33.427065    28.9800     4.9645     0.1278     1.0998 7.8937e+02     2.8930     -0.007     -0.010    28.2889 0.0000e+00
     -0.006      0.002     6.6068     80.004     31.369  33.427615    28.9800     5.0065     0.1278     0.9306 1.0642e+03     2.9988     -0.006     -0.009    28.2871 0.0000e+00
     -0.006      0.001     6.5299     78.688     31.374  33.430667    28.9800     4.8654     0.1278     0.9306 7.8714e+02     3.0441     -0.006     -0.008    28.2845 0.0000e+00
     -0.006      0.001     6.4383     77.458     31.374  33.429068    28.9800     4.8577     0.1278     0.9306 9.0203e+02     2.9535     -0.006     -0.008    28.2812 0.0000e+00
     -0.006      0.000     6.3366     76.320     31.370  33.422391    28.9800     4.8577     0.1278     0.9306 7.2334e+02     2.9837     -0.006     -0.008    28.2777 0.0000e+00
     -0.006      0.000     6.2313     75.264     31.367  33.416823    28.9800     4.8577     0.1278     0.9306 6.4074e+02     2.8930     -0.005     -0.008    28.2744 0.0000e+00
     -0.006      0.000     6.1292     74.283     31.368  33.414862    28.8900     5.1743     0.0852     0.9306 8.0618e+02     2.9232     -0.005     -0.008    28.2713 0.0000e+00
     -0.006      0.000     6.0337     73.378     31.372  33.415986    28.8900     5.1629     0.0852     0.9306 8.6875e+02     3.0441     -0.006     -0.008    28.2680 0.0000e+00
     -0.006      0.000     5.9455     72.563     31.380  33.420494    28.8900     5.1743     0.0852     0.9306 8.8418e+02     2.9686     -0.006     -0.009    28.2644 0.0000e+00
     -0.006      0.001     5.8636     71.844     31.388  33.425604    28.8900     5.1324     0.0852     0.9306 9.1566e+02     3.0139     -0.006     -0.008    28.2603 0.0000e+00
     -0.005      0.001     5.7876     71.220     31.394  33.428695    28.9800     5.6741     0.1278     1.0998 7.6755e+02     3.0139     -0.005     -0.008    28.2556 0.0000e+00
     -0.005      0.002     5.7177     70.687     31.398  33.430591    28.9800     5.6741     0.1278     1.0998 1.0382e+03     3.0290     -0.005     -0.007    28.2502 0.0000e+00
     -0.004      0.002     5.6548     70.245     31.401  33.431798    28.9800     5.6550     0.1278     1.0998 1.0966e+03     2.9686     -0.004     -0.006    28.2446 0.0000e+00
     -0.004      0.002     5.5993     69.893     31.408  33.436622    28.9800     5.6397     0.1278     1.0998 7.1895e+02     2.9837     -0.004     -0.005    28.2391 0.0000e+00
     -0.003      0.002     5.5511     69.626     31.415  33.442364    28.9800     5.7885     0.0852     1.0998 7.1973e+02     3.0441     -0.003     -0.004    28.2343 0.0000e+00
     -0.002      0.002     5.5100     69.423     31.414  33.438605    28.9800     5.7809     0.0852     1.0998 9.4415e+02     3.1045     -0.002     -0.003    28.2302 0.0000e+00
     -0.002      0.002     5.4759     69.259     31.405  33.428326    28.9800     5.7656     0.0852     1.0998 8.1040e+02     3.0139     -0.002     -0.002    28.2264 0.0000e+00
     -0.001      0.002     5.4488     69.131     31.399  33.420736    28.9800     5.7809     0.0852     1.0998 7.4148e+02     3.0139     -0.001     -0.002    28.2227 0.0000e+00
     -0.001      0.002     5.4283     69.035     31.394  33.413813    28.9800     5.8229     0.0852     1.0998 7.7897e+02     2.9232     -0.001     -0.001    28.2192 0.0000e+00
     -0.000      0.001     5.4127     68.966     31.384  33.401726    29.0700     5.8381     0.1704     1.0575 8.0706e+02     3.0139     -0.000     -0.000    28.2163 0.0000e+00
      0.000      0.001     5.4002     68.910     31.374  33.389219    29.0700     5.8572     0.1704     1.0575 9.1387e+02     2.9837      0.000      0.000    28.2138 0.0000e+00
      0.000      0.001     5.3904     68.860     31.367  33.380924    29.0700     5.8724     0.1704     1.0575 9.1387e+02     2.9988      0.000      0.001    28.2115 0.0000e+00
      0.000      0.001     5.3832     68.824     31.358  33.370646    29.0700     5.9030     0.1704     1.0575 1.0430e+03     2.9535      0.000      0.001    28.2091 0.0000e+00
      0.001      0.001     5.3780     68.811     31.349  33.359627    29.0700     5.8763     0.0852     1.1421 8.3271e+02     2.9988      0.001      0.001    28.2070 0.0000e+00
      0.001      0.001     5.3738     68.819     31.343  33.352895    29.0700     5.9220     0.0852     1.1421 8.9598e+02     3.0139      0.001      0.001    28.2052 0.0000e+00
      0.001      0.000     5.3701     68.838     31.336  33.344673    29.0700     5.9106     0.0852     1.1421 8.2766e+02     2.9837      0.001      0.001    28.2036 0.0000e+00
      0.001      0.000     5.3674     68.861     31.325  33.332768    29.0700     5.9220     0.0852     1.1421 8.6442e+02     2.9686      0.001      0.001    28.2021 0.0000e+00
      0.001      0.000     5.3665     68.885     31.316  33.321973    29.0700     5.9602     0.1278     1.0998 9.1765e+02     2.8628      0.001      0.002    28.2007 0.0000e+00
      0.001      0.000     5.3673     68.909     31.312  33.317374    29.0700     5.9487     0.1278     1.0998 9.5821e+02     3.0139      0.001      0.002    28.1994 0.0000e+00
      0.001     -0.001     5.3689     68.931     31.316  33.321731    29.0700     5.9411     0.1278     1.0998 9.3152e+02     3.0592      0.001      0.002    28.1982 0.0000e+00
      0.001     -0.001     5.3708     68.952     31.326  33.332220    29.0700     5.9449     0.1278     1.0998 7.9384e+02     3.0894      0.001      0.001    28.1973 0.0000e+00
      0.001     -0.001     5.3727     68.988     31.329  33.335705    29.0700     5.7504     0.1704     1.0998 9.0047e+02     2.9535      0.001      0.001    28.1965 0.0000e+00
      0.000     -0.002     5.3747     69.060     31.319  33.325148    29.0700     5.7771     0.1704     1.0998 8.2014e+02     3.0743      0.000      0.001    28.1959 0.0000e+00
     -0.000     -0.002     5.3764     69.151     31.308  33.313668    29.0700     5.7809     0.1704     1.0998 9.9167e+02     2.9384     -0.000     -0.000    28.1955 0.0000e+00
     -0.001     -0.002     5.3781     69.221     31.301  33.306171    29.0700     5.7733     0.1704     1.0998 9.8523e+02     2.9686     -0.001     -0.001    28.1953 0.0000e+00
     -0.002     -0.002     5.3809     69.249     31.292  33.296674    29.0700     5.3460     0.1704     1.0998 8.5750e+02     2.9837     -0.002     -0.002    28.1952 0.0000e+00
     -0.002     -0.001     5.3865     69.240     31.283  33.286628    29.0700     5.3651     0.1278     0.9729 9.5904e+02     3.1045     -0.002     -0.003    28.1953 0.0000e+00
     -0.002     -0.001     5.3936     69.215     31.274  33.277339    29.0700     5.3193     0.1278     0.9729 7.9608e+02     2.9535     -0.002     -0.003    28.1955 0.0000e+00
     -0.002      0.000     5.3990     69.196     31.263  33.266328    29.0700     5.3231     0.1278     0.9729 8.4842e+02     3.0894     -0.002     -0.003    28.1957 0.0000e+00
     -0.002      0.000     5.4012     69.198     31.252  33.254644    29.0700     5.4643     0.1278     0.9729 8.2658e+02     3.2405     -0.002     -0.002    28.1958 0.0000e+00
     -0.002      0.001     5.4005     69.213     31.247  33.249129    29.0700     5.4643     0.1278     1.1421 8.1658e+02     3.2254     -0.002     -0.002    28.1959 0.0000e+00
     -0.001      0.001     5.3985     69.231     31.248  33.250306    29.0700     5.4376     0.1278     1.1421 7.8135e+02     3.2405     -0.001     -0.002    28.1960 0.0000e+00
     -0.001      0.001     5.3970     69.252     31.250  33.252511    29.0700     5.4528     0.1278     1.1421 8.8399e+02     3.1801     -0.001     -0.001    28.1961 0.0000e+00
     -0.001      0.001     5.3971     69.284     31.255  33.258326    29.0700     5.1553     0.1278     1.1421 9.8802e+02     3.0290     -0.001     -0.001    28.1964 0.0000e+00
     -0.001      0.001     5.3983     69.324     31.262  33.265317    29.0700     5.1362     0.0852     1.0575 8.4456e+02     3.0290     -0.001     -0.001    28.1970 0.0000e+00
     -0.000      0.000     5.3996     69.369     31.260  33.263398    29.0700     5.1782     0.0852     1.0575 9.1985e+02     3.0139     -0.000     -0.000    28.1976 0.0000e+00
     -0.000      0.000     5.4012     69.426     31.253  33.256039    29.0700     5.1629     0.0852     1.0575 8.8842e+02     2.9232     -0.000     -0.000    28.1980 0.0000e+00
     -0.000      0.000     5.4037     69.518     31.247  33.249247    29.0700     4.7929     0.0852     1.0575 9.0636e+02     2.9837     -0.000     -0.000    28.1980 0.0000e+00
     -0.000 -1.668e-11     5.4069     69.663     31.240  33.241211    29.1600     4.7929     0.1278     1.0575 8.8707e+02     3.0139     -0.000     -0.000    28.1978 0.0000e+00
     -0.000 -2.145e-11     5.4104     69.863     31.234  33.233770    29.1600     4.8119     0.1278     1.0575 8.9929e+02     3.0441     -0.000      0.000    28.1976 0.0000e+00
      0.000 -2.758e-11     5.4149     70.095     31.232  33.230915    29.1600     4.7929     0.1278     1.0575 9.3435e+02     2.9384 2.9255e-08      0.000    28.1971 0.0000e+00
      0.000 -3.546e-11     5.4221     70.331     31.236  33.233877    29.1600     5.2468     0.1278     1.0575 9.0793e+02     2.9988 3.7614e-08      0.000    28.1963 0.0000e+00
      0.000 -4.559e-11     5.4335     70.551     31.240  33.237472    29.1600     5.3040     0.1278     1.0575 8.8111e+02     2.9535 4.8361e-08      0.000    28.1953 0.0000e+00
      0.000 -5.862e-11     5.4492     70.746     31.242  33.238673    29.0700     5.2735     0.1278     0.9306 8.5899e+02     3.0441 6.2178e-08      0.001    28.1940 0.0000e+00
      0.000 -7.536e-11     5.4675     70.904     31.247  33.243777    29.0700     5.3002     0.1278     0.9306 9.1546e+02     3.0441 7.9944e-08      0.001    28.1927 0.0000e+00
      0.000 -9.690e-11     5.4860     71.024     31.256  33.252153    29.0700     5.5177     0.1278     0.9306 1.1166e+03     2.9837 1.0278e-07      0.001    28.1914 0.0000e+00
      0.000 -1.246e-10     5.5033     71.117     31.260  33.256074    29.0700     5.5215     0.1278     0.9306 8.0513e+02     2.9232 1.3215e-07      0.001    28.1901 0.0000e+00
      0.000 -1.602e-10     5.5186     71.197     31.257  33.252604    29.1600     5.5177     0.1278     1.0152 9.1209e+02     3.0592 1.6991e-07      0.001    28.1889 0.0000e+00
      0.000 -2.059e-10     5.5311     71.272     31.251  33.244800    29.1600     5.5253     0.1278     1.0152 8.2103e+02     3.0743 2.1846e-07      0.000    28.1878 0.0000e+00
      0.000 -2.648e-10     5.5406     71.333     31.245  33.238548    29.1600     5.5253     0.1278     1.0152 1.0049e+03     3.0894 2.8087e-07      0.000    28.1866 0.0000e+00
      0.000 -3.404e-10     5.5479     71.373     31.244  33.236166    29.1600     5.5329     0.1278     1.0152 8.1145e+02     3.0743 3.6112e-07      0.000    28.1856 0.0000e+00
 4.6430e-07 -4.377e-10     5.5543     71.382     31.241  33.233033    29.1600     5.5329     0.1278     1.1421 8.5955e+02     2.9686 4.6430e-07 -6.278e-07    28.1847 0.0000e+00
 5.9695e-07 -5.628e-10     5.5602     71.348     31.235  33.226323    29.1600     5.5291     0.1278     1.1421 9.6615e+02     2.9232 5.9695e-07 -8.072e-07    28.1838 0.0000e+00
