Data/DataNotYetUploadedToEDI/Raw_CTD/RawDownloads/071524_fcr10_S7809001.cnv
* Sea-Bird SBE19plus  Data File:
* FileName = C:\R\Reservoirs\Data\DataNotYetUploadedToEDI\Raw_CTD\RawDownloads\071524_fcr50_S7809_0001.hex
* Software version 2.8.0.119
* Temperature SN = 7809
* Conductivity SN = 7809
* System UpLoad Time = Jul 15 2024 16:22:03
* <ApplicationData>
* <Seaterm232>
# nquan = 15
# nvalues = 2010                        
# units = specified
# name 0 = depFM: Depth [fresh water, m]
# name 1 = dz/dtM: Descent Rate [m/s]
# name 2 = sbeox0Mg/L: Oxygen, SBE 43 [mg/l]
# name 3 = sbeox0PS: Oxygen, SBE 43 [% saturation]
# name 4 = specc: Specific Conductance [uS/cm]
# name 5 = c0uS/cm: Conductivity [uS/cm]
# name 6 = flECO-AFL: Fluorescence, WET Labs ECO-AFL/FL [mg/m^3]
# name 7 = ph: pH
# name 8 = orp: Oxidation Reduction Potential [mV]
# name 9 = par/sat/log: PAR/Logarithmic, Satlantic
# name 10 = turbWETntu0: Turbidity, WET Labs ECO [NTU]
# name 11 = prdM: Pressure, Strain Gauge [db]
# name 12 = prdE: Pressure, Strain Gauge [psi]
# name 13 = tv290C: Temperature [ITS-90, deg C]
# name 14 = flag:  0.000e+00
# span 0 =     -0.639,      9.583       
# span 1 =     -0.505,      3.857       
# span 2 =     0.1422,     8.8658       
# span 3 =      1.514,    100.848       
# span 4 =      0.355,    662.268       
# span 5 =   0.384464, 490.006353       
# span 6 =    -0.9069,     9.4766       
# span 7 =      5.490,      7.171       
# span 8 =    53.6861,   860.0702       
# span 9 = 1.2349e-01, 1.6278e+03       
# span 10 =    -2.3842,    86.1348      
# span 11 =     -0.628,      9.398      
# span 12 =     -0.910,     13.631      
# span 13 =    11.9430,    29.0754      
# span 14 = 0.0000e+00, 0.0000e+00      
# interval = seconds: 0.25
# start_time = Jul 15 2024 09:55:53 [Instrument's time stamp, header]
# bad_flag = -9.990e-29
*END*
[from data line 386]
      0.010 -7.792e-27     6.7215     85.057     42.698  44.891249     2.0072      6.568   187.7656 8.5434e+02    12.6790      0.010      0.015    27.5557 0.0000e+00
      0.010 -8.572e-26     6.7144     85.122     42.688  44.882820     1.9980      6.568   187.5523 8.6936e+02    12.7534      0.010      0.015    27.5551 0.0000e+00
      0.010 -9.429e-25     6.7104     85.201     42.685  44.881666     1.9710      6.568   187.2578 8.7548e+02    12.7271      0.010      0.015    27.5561 0.0000e+00
      0.010 -1.037e-23     6.7050     85.297     42.680  44.877304     1.9560      6.568   187.4737 8.7386e+02    12.6679      0.010      0.014    27.5582 0.0000e+00
      0.010 -1.141e-22     6.7078     85.403     42.695  44.893562     1.9580      6.568   188.0983 8.6913e+02    12.6874      0.010      0.015    27.5613 0.0000e+00
      0.010 -1.255e-21     6.7139     85.503     42.690  44.887803     1.9780      6.569   188.4430 8.7072e+02    12.7918      0.010      0.015    27.5644 0.0000e+00
      0.010 -1.380e-20     6.7187     85.576     42.675  44.871155     1.9981      6.570   188.3718 8.7355e+02    12.8022      0.010      0.015    27.5669 0.0000e+00
      0.010 -1.519e-19     6.7270     85.611     42.686  44.882696     2.0101      6.572   188.1838 8.7445e+02    12.7110      0.010      0.014    27.5683 0.0000e+00
      0.010 -1.670e-18     6.7352     85.598     42.703  44.900395     2.0230      6.573   188.2352 8.9009e+02    12.6804      0.010      0.014    27.5680 0.0000e+00
      0.010 -1.837e-17     6.7443     85.534     42.698  44.894717     2.0295      6.573   188.4762 9.0908e+02    12.7054      0.009      0.014    27.5676 0.0000e+00
      0.010 -2.021e-16     6.7503     85.424     42.683  44.877522     2.0299      6.573   188.6032 9.0588e+02    12.7401      0.010      0.014    27.5674 0.0000e+00
      0.010 -2.223e-15     6.7532     85.294     42.688  44.882923     2.0280      6.574   188.6520 8.8861e+02    12.7246      0.010      0.015    27.5667 0.0000e+00
      0.010 -2.446e-14     6.7527     85.209     42.702  44.896545     2.0231      6.575   188.7214 8.7104e+02    12.6885      0.010      0.015    27.5658 0.0000e+00
      0.010 -2.690e-13     6.7472     85.191     42.720  44.915275     2.0207      6.577   188.5824 8.6210e+02    12.6795      0.010      0.015    27.5650 0.0000e+00
      0.010 -4.932e-13     6.7390     85.186     42.724  44.918953     2.0243      6.577   188.3487 8.6452e+02    12.6835      0.010      0.015    27.5641 0.0000e+00
      0.010 -2.690e-13     6.7257     85.169     42.685  44.877532     2.0333      6.578   188.3909 8.6674e+02    12.7370      0.010      0.015    27.5638 0.0000e+00
      0.010 -2.445e-14     6.7177     85.137     42.668  44.858794     2.0292      6.579   188.6627 8.6549e+02    12.7457      0.010      0.015    27.5635 0.0000e+00
      0.010 -2.223e-15     6.7197     85.092     42.692  44.882822     2.0158      6.579   188.8813 8.7065e+02    12.6867      0.010      0.014    27.5632 0.0000e+00
      0.010 -2.021e-16     6.7194     85.074     42.723  44.914142     2.0131      6.579   188.5381 8.7703e+02    12.6719      0.010      0.015    27.5623 0.0000e+00
      0.010 -1.838e-17     6.7180     85.096     42.730  44.920098     2.0221      6.580   187.8689 8.8158e+02    12.7042      0.010      0.015    27.5613 0.0000e+00
      0.010 -1.670e-18     6.7164     85.123     42.703  44.891362     2.0416      6.581   187.6736 8.8817e+02    12.7689      0.010      0.015    27.5607 0.0000e+00
      0.010 -1.519e-19     6.7106     85.113     42.697  44.884080     2.0407      6.582   187.9829 8.9034e+02    12.7718      0.010      0.015    27.5596 0.0000e+00
      0.010 -1.381e-20     6.7096     85.093     42.708  44.895526     2.0197      6.582   188.4249 8.9487e+02    12.7046      0.010      0.014    27.5579 0.0000e+00
      0.010 -1.255e-21     6.7122     85.140     42.715  44.902801     2.0037      6.582   188.3723 8.9890e+02    12.6736      0.010      0.015    27.5564 0.0000e+00
      0.010 -1.141e-22     6.7164     85.226     42.720  44.908562     1.9885      6.583   187.7770 8.9593e+02    12.6706      0.010      0.015    27.5553 0.0000e+00
      0.010 -1.004e-23     6.7155     85.276     42.714  44.901706     1.9853      6.583   187.5085 8.9442e+02    12.7025      0.010      0.014    27.5547 0.0000e+00
      0.011 2.7047e-24     6.7091     85.256     42.697  44.883384     1.9820      6.584   187.7060 8.9277e+02    12.7167      0.011      0.016    27.5546 0.0000e+00
      0.011 4.0039e-23     6.7152     85.216     42.691  44.877461     1.9652      6.586   187.8424 8.9049e+02    12.6714      0.010      0.015    27.5547 0.0000e+00
      0.010 4.4136e-22     6.7245     85.224     42.706  44.893567     1.9566      6.587   187.7818 8.9249e+02    12.6337      0.010      0.014    27.5549 0.0000e+00
      0.010 4.8551e-21     6.7294     85.252     42.700  44.887692     1.9614      6.589   187.7472 9.0009e+02    12.6702      0.010      0.014    27.5545 0.0000e+00
      0.010 5.3406e-20     6.7270     85.236     42.682  44.869906     1.9728      6.589   187.7682 9.0888e+02    12.7719      0.010      0.014    27.5536 0.0000e+00
      0.011 5.8746e-19     6.7195     85.186     42.681  44.868951     1.9784      6.589   187.7773 9.1013e+02    12.7359      0.010      0.015    27.5538 0.0000e+00
      0.011 6.4621e-18     6.7223     85.164     42.687  44.876149     1.9716      6.590   188.0300 9.1247e+02    12.5427      0.010      0.015    27.5546 0.0000e+00
      0.011 7.1083e-17     6.7271     85.171     42.703  44.893458     1.9655      6.590   188.4995 9.2321e+02    12.4503      0.010      0.015    27.5549 0.0000e+00
      0.011 7.8191e-16     6.7254     85.150     42.696  44.887794     1.9621      6.591   188.6361 9.1997e+02    12.5078      0.010      0.015    27.5555 0.0000e+00
      0.011 8.6010e-15     6.7183     85.113     42.679  44.871154     1.9644      6.593   188.3914 9.0422e+02    12.6229      0.011      0.016    27.5562 0.0000e+00
      0.010 9.4611e-14     6.7165     85.139     42.690  44.882686     1.9764      6.594   188.2075 8.9859e+02    12.7145      0.010      0.015    27.5568 0.0000e+00
      0.010 1.0407e-12     6.7201     85.243     42.706  44.900279     1.9819      6.594   188.4784 9.0190e+02    12.6934      0.010      0.015    27.5580 0.0000e+00
      0.010 1.1448e-11     6.7175     85.334     42.700  44.893446     1.9729      6.595   189.0858 9.0779e+02    12.6404      0.010      0.015    27.5601 0.0000e+00
      0.010 1.2593e-10     6.7113     85.363     42.671  44.863538     1.9681      6.595   189.3565 9.1053e+02    12.6549      0.010      0.015    27.5616 0.0000e+00
      0.010 1.3852e-09     6.7118     85.354     42.665  44.856045     1.9811      6.596   189.1699 9.0793e+02    12.6642      0.010      0.015    27.5620 0.0000e+00
      0.010 1.5237e-08     6.7246     85.325     42.675  44.866329     1.9886      6.597   188.8945 9.0192e+02    12.5813      0.010      0.015    27.5624 0.0000e+00
      0.010 1.6761e-07     6.7332     85.299     42.671  44.860927     1.9836      6.597   188.9510 8.9392e+02    12.4728      0.010      0.015    27.5627 0.0000e+00
      0.010      0.000     6.7334     85.306     42.665  44.854197     1.9792      6.598   189.3380 8.8637e+02    12.4451      0.010      0.015    27.5623 0.0000e+00
      0.010      0.000     6.7331     85.324     42.660  44.848439     1.9781      6.599   189.3575 8.8256e+02    12.5540      0.010      0.015    27.5614 0.0000e+00
      0.010      0.000     6.7305     85.317     42.665  44.854787     1.9859      6.601   188.5847 8.8364e+02    12.7303      0.011      0.016    27.5606 0.0000e+00
      0.010      0.002     6.7266     85.314     42.676  44.867473     1.9826      6.601   187.8237 8.8043e+02    12.7665      0.010      0.015    27.5595 0.0000e+00
      0.010      0.007     6.7284     85.344     42.681  44.874878     1.9712      6.591   187.8139 8.7209e+02    12.7189      0.010      0.015    27.5592 0.0000e+00
      0.011      0.012     6.7320     85.378     42.688  44.880848     1.9904      6.574   188.2083 8.5245e+02    12.7691      0.010      0.016    27.5590 0.0000e+00
      0.013      0.016     6.7296     85.384     42.687  44.876169     2.0231      6.557   188.7203 8.1025e+02    12.8956      0.012      0.017    27.5594 0.0000e+00
      0.019      0.019     6.7275     85.350     42.695  44.881779     2.0412      6.544   189.0134 6.8413e+02    12.9844      0.016      0.023    27.5613 0.0000e+00
      0.030      0.020     6.7314     85.284     42.699  44.885195     2.0520      6.535   188.8273 4.9760e+02    12.9884      0.031      0.045    27.5644 0.0000e+00
      0.038      0.022     6.7350     85.241     42.670  44.853995     2.0534      6.525   188.6210 4.3021e+02    12.9445      0.041      0.059    27.5640 0.0000e+00
      0.041      0.022     6.7360     85.238     42.640  44.821920     2.0419      6.514   188.7567 4.8347e+02    12.8971      0.040      0.058    27.5572 0.0000e+00
      0.041      0.020     6.7350     85.241     42.635  44.814757     2.0281      6.506   189.0914 4.9803e+02    12.9276      0.040      0.058    27.5526 0.0000e+00
      0.045      0.016     6.7266     85.216     42.650  44.830870     2.0283      6.500   189.4838 4.3534e+02    13.0060      0.042      0.061    27.5521 0.0000e+00
      0.054      0.008     6.7230     85.161     42.705  44.889783     2.0279      6.493   189.5433 3.8642e+02    12.9222      0.054      0.080    27.5534 0.0000e+00
      0.062     -0.006     6.7245     85.152     42.764  44.955780     2.0066      6.486   189.2955 3.8596e+02    12.6666      0.064      0.093    27.5524 0.0000e+00
      0.063     -0.030     6.7256     85.214     42.794  44.994075     1.9794      6.480   189.4986 4.0046e+02    12.5120      0.063      0.091    27.5490 0.0000e+00
      0.058     -0.060     6.7248     85.277     42.824  45.035431     1.9572      6.473   190.1924 4.2935e+02    12.5222      0.062      0.089    27.5502 0.0000e+00
      0.041     -0.087     6.7167     85.338     42.850  45.074965     1.9462      6.466   190.8870 5.6759e+02    12.5506      0.047      0.069    27.5506 0.0000e+00
      0.007     -0.108     6.7141     85.437     42.855  45.091223     1.9371      6.460   191.1859 9.0539e+02    12.5480      0.013      0.020    27.5535 0.0000e+00
     -0.038     -0.124     6.7223     85.554     42.860  45.105073     1.9226      6.455   191.1383 1.2279e+03    12.5236     -0.039     -0.057    27.5636 0.0000e+00
     -0.079     -0.134     6.7253     85.657     42.865  45.115480     1.9130      6.451   191.3447 1.3069e+03    12.4607     -0.085     -0.124    27.5756 0.0000e+00
     -0.106     -0.132     6.7256     85.725     42.838  45.090110     1.9030      6.446   191.7023 1.2651e+03    12.4369     -0.103     -0.150    27.5898 0.0000e+00
     -0.133     -0.118     6.7338     85.733     42.800  45.052242     1.8933      6.444   191.7620 1.2486e+03    12.5781     -0.124     -0.179    27.6039 0.0000e+00
     -0.172     -0.098     6.7424     85.689     42.788  45.038496     1.8883      6.445   191.7231 1.2503e+03    12.7671     -0.171     -0.248    27.6137 0.0000e+00
     -0.206     -0.078     6.7501     85.636     42.801  45.050857     1.8837      6.447   191.8346 1.2465e+03    12.8091     -0.213     -0.308    27.6185 0.0000e+00
     -0.221     -0.059     6.7564     85.581     42.824  45.074741     1.8717      6.450   191.9053 1.2250e+03    12.7442     -0.219     -0.318    27.6224 0.0000e+00
     -0.224     -0.040     6.7565     85.512     42.824  45.073367     1.8838      6.453   191.8031 1.1505e+03    12.7337     -0.218     -0.317    27.6254 0.0000e+00
     -0.225     -0.022     6.7509     85.451     42.790  45.034239     1.9393      6.455   191.7174 9.2245e+02    12.7853     -0.222     -0.322    27.6237 0.0000e+00
     -0.227     -0.011     6.7474     85.397     42.746  44.982508     1.9840      6.458   191.8155 5.8267e+02    12.7878     -0.223     -0.323    27.6218 0.0000e+00
     -0.230     -0.006     6.7439     85.349     42.730  44.955699     1.9995      6.464   191.9574 4.2547e+02    12.7632     -0.225     -0.326    27.6226 0.0000e+00
     -0.232     -0.004     6.7369     85.329     42.748  44.963985     2.0103      6.469   191.9701 6.4068e+02    12.6923     -0.228     -0.332    27.6210 0.0000e+00
     -0.232     -0.001     6.7332     85.324     42.749  44.955730     2.0230      6.472   192.0551 1.0257e+03    12.5798     -0.229     -0.332    27.6168 0.0000e+00
     -0.231      0.001     6.7302     85.302     42.719  44.919350     2.0373      6.475   192.2109 1.2436e+03    12.5649     -0.227     -0.329    27.6109 0.0000e+00
     -0.231      0.004     6.7263     85.277     42.708  44.904975     2.0577      6.478   192.1327 1.2459e+03    12.5806     -0.226     -0.328    27.5988 0.0000e+00
     -0.230      0.007     6.7269     85.255     42.713  44.908871     2.0615      6.480   191.7977 1.0267e+03    12.5987     -0.226     -0.328    27.5835 0.0000e+00
     -0.228      0.011     6.7300     85.223     42.709  44.902971     2.0334      6.482   191.6025 6.6802e+02    12.6463     -0.223     -0.325    27.5729 0.0000e+00
     -0.226      0.013     6.7274     85.218     42.706  44.897119     2.0094      6.483   191.5789 6.1813e+02    12.6786     -0.221     -0.321    27.5683 0.0000e+00
     -0.222      0.017     6.7252     85.253     42.713  44.901582     2.0047      6.484   191.4263 9.3967e+02    12.7151     -0.220     -0.320    27.5655 0.0000e+00
     -0.216      0.022     6.7256     85.276     42.707  44.893462     2.0178      6.482   191.2201 1.1985e+03    12.7465     -0.211     -0.307    27.5638 0.0000e+00
     -0.210      0.030     6.7208     85.271     42.678  44.862404     2.0432      6.479   190.9792 1.2644e+03    12.7509     -0.204     -0.295    27.5628 0.0000e+00
     -0.206      0.038     6.7200     85.272     42.661  44.843446     2.0456      6.475   190.7508 1.2804e+03    12.6999     -0.204     -0.296    27.5594 0.0000e+00
     -0.198      0.043     6.7262     85.290     42.673  44.854674     2.0298      6.474   190.6950 1.2955e+03    12.6770     -0.199     -0.289    27.5554 0.0000e+00
     -0.182      0.046     6.7284     85.306     42.690  44.871199     2.0271      6.475   190.8213 1.2904e+03    12.7126     -0.179     -0.260    27.5534 0.0000e+00
     -0.162      0.046     6.7265     85.305     42.673  44.852824     2.0458      6.476   190.9871 1.2775e+03    12.7547     -0.156     -0.227    27.5523 0.0000e+00
     -0.147      0.044     6.7263     85.255     42.646  44.822925     2.0813      6.479   190.9784 1.2808e+03    12.8101     -0.143     -0.206    27.5512 0.0000e+00
     -0.139      0.039     6.7293     85.170     42.651  44.827079     2.0986      6.482   190.8024 1.2881e+03    12.7673     -0.135     -0.195    27.5498 0.0000e+00
     -0.134      0.030     6.7301     85.110     42.664  44.839575     2.0878      6.484   190.5794 1.2891e+03    12.6821     -0.132     -0.192    27.5484 0.0000e+00
     -0.127      0.022     6.7320     85.064     42.672  44.847058     2.0678      6.487   190.9502 1.2892e+03    12.6337     -0.127     -0.184    27.5469 0.0000e+00
     -0.121      0.016     6.7286     85.029     42.679  44.854073     2.0488      6.490   191.9292 1.2890e+03    12.5575     -0.117     -0.169    27.5457 0.0000e+00
     -0.117      0.012     6.7177     85.046     42.684  44.860916     2.0493      6.493   192.3505 1.2880e+03    12.5130     -0.113     -0.164    27.5452 0.0000e+00
     -0.115      0.008     6.7152     85.098     42.689  44.866318     2.0488      6.496   191.9993 1.2868e+03    12.4710     -0.112     -0.164    27.5438 0.0000e+00
     -0.115      0.005     6.7124     85.163     42.679  44.855923     2.0437      6.500   191.6414 1.2873e+03    12.4937     -0.113     -0.163    27.5419 0.0000e+00
