Data/DataNotYetUploadedToEDI/Raw_CTD/RawDownloads/071524_fcr50_S7809005.cnv
* Sea-Bird SBE19plus  Data File:
* FileName = C:\R\Reservoirs\Data\DataNotYetUploadedToEDI\Raw_CTD\RawDownloads\071524_fcr50_S7809_0005.hex
* Software version 2.8.0.119
* Temperature SN = 7809
* Conductivity SN = 7809
* System UpLoad Time = Jul 15 2024 16:23:55
* <ApplicationData>
* <Seaterm232>
# nquan = 15
# nvalues = 1163                        
# units = specified
# name 0 = depFM: Depth [fresh water, m]
# name 1 = dz/dtM: Descent Rate [m/s]
# name 2 = sbeox0Mg/L: Oxygen, SBE 43 [mg/l]
# name 3 = sbeox0PS: Oxygen, SBE 43 [% saturation]
# name 4 = specc: Specific Conductance [uS/cm]
# name 5 = c0uS/cm: Conductivity [uS/cm]
# name 6 = flECO-AFL: Fluorescence, WET Labs ECO-AFL/FL [mg/m^3]
# name 7 = ph: pH
# name 8 = orp: Oxidation Reduction Potential [mV]
# name 9 = par/sat/log: PAR/Logarithmic, Satlantic
# name 10 = turbWETntu0: Turbidity, WET Labs ECO [NTU]
# name 11 = prdM: Pressure, Strain Gauge [db]
# name 12 = prdE: Pressure, Strain Gauge [psi]
# name 13 = tv290C: Temperature [ITS-90, deg C]
# name 14 = flag:  0.000e+00
# span 0 =     -0.638,      6.229       
# span 1 =     -0.306,      0.137       
# span 2 =     0.1183,     8.6258       
# span 3 =      1.201,     95.070       
# span 4 =      3.125,     66.115       
# span 5 =   2.942147,  56.525892       
# span 6 =    -0.3622,    20.6490       
# span 7 =      7.026,      7.473       
# span 8 =   131.8651,   227.2181       
# span 9 = 1.2354e-01, 2.2518e+03       
# span 10 =    -0.3323,   298.4168      
# span 11 =     -0.627,      6.110      
# span 12 =     -0.910,      8.862      
# span 13 =    11.9053,    27.9110      
# span 14 = 0.0000e+00, 0.0000e+00      
# interval = seconds: 0.25
# start_time = Jul 15 2024 11:43:08 [Instrument's time stamp, header]
# bad_flag = -9.990e-29
*END*
[from data line 964]
      6.215     -0.040     7.2919     73.289     54.211  40.116993     0.0770      7.178   218.3445 1.2367e-01    37.7463      6.095      8.841    12.0156 0.0000e+00
      6.212     -0.079     7.4399     73.941     53.844  39.846413     0.0819      7.175   218.9245 1.2374e-01    40.0369      6.094      8.839    12.0112 0.0000e+00
      6.200     -0.131     7.6106     74.186     53.771  39.794102     0.3197      7.172   219.4055 1.2381e-01    57.1883      6.088      8.829    12.0005 0.0000e+00
      6.169     -0.189     7.7877     74.265     53.772  39.801828     0.7885      7.169   219.7717 1.2379e-01    88.5702      6.061      8.790    11.9943 0.0000e+00
      6.108     -0.239     7.9194     74.432     53.773  39.812914     1.0474      7.167   219.9104 1.2377e-01   105.6158      6.000      8.702    11.9987 0.0000e+00
      6.021     -0.272     7.9834     74.850     53.751  39.801219     1.0529      7.165   220.0502 1.2374e-01   106.3229      5.910      8.571    11.9994 0.0000e+00
      5.923     -0.283     8.0011     75.547     53.737  39.787368     1.0300      7.164   220.3430 1.2368e-01    97.2222      5.806      8.421    11.9976 0.0000e+00
      5.831     -0.273     7.9967     76.417     53.729  39.772378     1.0362      7.164   220.6112 1.2365e-01    80.3633      5.708      8.279    12.0052 0.0000e+00
      5.761     -0.248     8.0067     77.341     53.708  39.746890     1.0614      7.165   220.6259 1.2365e-01    71.1624      5.639      8.178    12.0186 0.0000e+00
      5.716     -0.212     8.0487     78.231     53.699  39.733036     1.0520      7.165   220.5213 1.2371e-01    69.6663      5.604      8.126    12.0243 0.0000e+00
      5.679     -0.174     8.1306     78.971     53.704  39.731787     0.9479      7.164   220.5510 1.2379e-01    62.2402      5.573      8.083    12.0189 0.0000e+00
      5.639     -0.147     8.2318     79.513     53.710  39.731787     0.7854      7.164   220.7265 1.2375e-01    48.8392      5.529      8.020    12.0092 0.0000e+00
      5.599     -0.142     8.3331     79.843     53.717  39.733036     0.7104      7.164   221.0086 1.2365e-01    41.5738      5.485      7.955    11.9991 0.0000e+00
      5.572     -0.157     8.4389     79.980     53.737  39.746881     0.7226      7.163   221.2087 1.2363e-01    40.9386      5.459      7.916    11.9920 0.0000e+00
      5.552     -0.182     8.5188     80.007     53.766  39.772266     0.7329      7.161   221.2530 1.2368e-01    41.1243      5.453      7.908    11.9883 0.0000e+00
      5.515     -0.209     8.5788     79.984     53.777  39.786112     0.7190      7.161   221.3723 1.2366e-01    41.5986      5.423      7.866    11.9843 0.0000e+00
      5.449     -0.233     8.6161     79.937     53.775  39.787380     0.6963      7.162   221.6187 1.2366e-01    41.8915      5.348      7.758    11.9792 0.0000e+00
      5.364     -0.254     8.6257     79.890     53.777  39.787598     0.6988      7.162   221.9084 1.2459e-01    41.9670      5.259      7.628    11.9778 0.0000e+00
      5.279     -0.269     8.6258     79.829     53.781  39.788742     0.7081      7.162   222.1223 1.3451e-01    41.9304      5.170      7.498    11.9834 0.0000e+00
      5.210     -0.273     8.6218     79.749     53.799  39.801217     0.6923      7.162   222.2263 1.5238e-01    41.5177      5.102      7.399    11.9907 0.0000e+00
      5.155     -0.264     8.6140     79.690     53.814  39.811508     0.6656      7.163   222.3056 1.8293e-01    40.8369      5.058      7.336    11.9927 0.0000e+00
      5.096     -0.252     8.6109     79.644     53.779  39.786236     0.6433      7.164   222.4783 2.4276e-01    40.4970      5.006      7.259    11.9901 0.0000e+00
      5.025     -0.247     8.6066     79.610     53.729  39.749521     0.6391      7.164   222.7654 3.1076e-01    40.2428      4.927      7.144    11.9877 0.0000e+00
      4.955     -0.254     8.5930     79.598     53.726  39.748376     0.6068      7.164   222.9385 3.7128e-01    37.1138      4.850      7.033    11.9876 0.0000e+00
      4.901     -0.266     8.5899     79.589     53.757  39.772399     0.5277      7.165   223.0227 4.4728e-01    31.3594      4.806      6.970    11.9869 0.0000e+00
      4.846     -0.273     8.5843     79.593     53.771  39.786123     0.4803      7.166   223.2670 5.6053e-01    28.2253      4.762      6.907    11.9864 0.0000e+00
      4.771     -0.276     8.5791     79.607     53.767  39.787388     0.4672      7.167   223.5691 7.2287e-01    27.9483      4.685      6.795    11.9881 0.0000e+00
      4.683     -0.279     8.5801     79.598     53.763  39.787709     0.4616      7.167   223.7498 9.0582e-01    27.7022      4.589      6.656    11.9885 0.0000e+00
      4.603     -0.279     8.5775     79.586     53.761  39.790008     0.4534      7.166   223.9033 1.0511e+00    27.1625      4.506      6.535    11.9887 0.0000e+00
      4.537     -0.269     8.5767     79.599     53.791  39.815184     0.4353      7.165   224.1338 1.1654e+00    26.8201      4.451      6.456    11.9926 0.0000e+00
      4.472     -0.254     8.5804     79.619     53.820  39.838263     0.4248      7.165   224.3862 1.2937e+00    26.7729      4.389      6.367    11.9973 0.0000e+00
      4.404     -0.246     8.5774     79.630     53.779  39.815196     0.4266      7.166   224.6312 1.3969e+00    26.6263      4.309      6.250    11.9991 0.0000e+00
      4.352     -0.245     8.5733     79.636     53.719  39.790152     0.4317      7.166   224.9460 1.4522e+00    26.3798      4.261      6.180    12.0031 0.0000e+00
      4.307     -0.242     8.5757     79.629     53.681  39.789332     0.4207      7.166   225.2666 1.5402e+00    26.2179      4.235      6.142    12.0079 0.0000e+00
      4.242     -0.233     8.5787     79.552     53.677  39.805323     0.4100      7.166   225.4963 1.6769e+00    26.1717      4.170      6.048    12.0063 0.0000e+00
      4.159     -0.225     8.5789     79.285     53.737  39.856594     0.4109      7.166   225.7444 1.7912e+00    26.5032      4.071      5.904    12.0085 0.0000e+00
      4.091     -0.221     8.5755     78.716     53.871  39.965004     0.4146      7.165   225.9440 1.8557e+00    27.1527      3.998      5.799    12.0292 0.0000e+00
      4.049     -0.216     8.5701     77.862     54.011  40.100666     0.4296      7.165   226.0165 1.9107e+00    27.5352      3.971      5.759    12.0616 0.0000e+00
      4.014     -0.204     8.5632     76.874     54.020  40.164146     0.4346      7.165   226.1906 1.9943e+00    27.5409      3.944      5.720    12.0821 0.0000e+00
      3.965     -0.190     8.5401     75.824     54.020  40.224889     0.4248      7.164   226.4146 2.1073e+00    27.1879      3.893      5.645    12.0811 0.0000e+00
      3.905     -0.187     8.4789     74.555     54.435  40.581308     0.4113      7.163   226.5740 2.2227e+00    26.6135      3.828      5.551    12.0813 0.0000e+00
      3.850     -0.195     8.3730     72.838     55.048  41.109872     0.3966      7.161   226.7413 2.3077e+00    26.3349      3.768      5.464    12.1099 0.0000e+00
      3.810     -0.204     8.2508     70.597     55.124  41.284536     0.4046      7.160   226.8018 2.3792e+00    26.3475      3.733      5.415    12.1695 0.0000e+00
      3.772     -0.203     8.1335     67.936     54.834  41.170086     0.4331      7.157   226.8755 2.5014e+00    26.3213      3.708      5.379    12.2409 0.0000e+00
      3.716     -0.188     8.0034     64.825     55.048  41.376367     0.4663      7.155   227.1163 2.7083e+00    26.1892      3.651      5.295    12.2652 0.0000e+00
      3.646     -0.162     7.8161     60.931     56.425  42.445828     0.4982      7.150   227.2181 2.9443e+00    26.0492      3.570      5.179    12.3068 0.0000e+00
      3.585     -0.127     7.5445     56.293     58.668  44.262643     0.5108      7.144   226.9886 3.1083e+00    26.0286      3.505      5.082    12.4544 0.0000e+00
      3.553     -0.087     7.2376     51.699     60.243  45.760637     0.5196      7.139   226.7498 3.1331e+00    25.9736      3.471      5.035    12.5641 0.0000e+00
      3.553     -0.048     6.9254     47.758     60.041  46.021582     0.5452      7.134   226.7401 3.0701e+00    24.3601      3.479      5.047    12.5867 0.0000e+00
      3.567     -0.027     6.5188     44.081     58.613  45.259867     0.5791      7.129   226.6992 3.0211e+00    21.2759      3.501      5.077    12.5838 0.0000e+00
      3.580     -0.038     5.9727     39.642     57.125  44.232498     0.5965      7.124   226.3421 2.9892e+00    19.5630      3.512      5.093    12.6471 0.0000e+00
      3.587     -0.081     5.4198     33.792     56.282  43.502720     0.5894      7.118   225.8626 2.9862e+00    19.3294      3.523      5.110    12.9322 0.0000e+00
      3.576     -0.140     4.9745     26.795     56.302  43.355107     0.6259      7.113   225.6345 3.1277e+00    18.3488      3.522      5.109    13.3557 0.0000e+00
      3.528     -0.187     4.6065     19.696     56.775  43.590109     0.7049      7.108   225.4773 3.4910e+00    16.4863      3.474      5.039    13.6853 0.0000e+00
      3.443     -0.205     4.1638     13.767     57.272  43.931889     0.7464      7.103   225.0804 4.1055e+00    15.4259      3.382      4.904    13.7798 0.0000e+00
      3.344     -0.194     3.5562      9.981     57.964  44.504099     0.7531      7.098   224.6213 4.8762e+00    15.4337      3.273      4.747    13.6687 0.0000e+00
      3.268     -0.158     2.7985      8.806     58.763  45.239981     0.7686      7.092   224.3136 5.3359e+00    16.7856      3.183      4.616    13.4844 0.0000e+00
      3.241     -0.108     2.0120     10.050     59.131  45.719771     0.8016      7.086   224.1135 5.2271e+00    19.2699      3.163      4.588    13.3512 0.0000e+00
      3.254     -0.069     1.3596     12.964     59.213  45.988717     0.8184      7.081   223.9225 4.9726e+00    20.5689      3.193      4.632    13.3291 0.0000e+00
      3.274     -0.060     0.9412     16.494     59.252  46.206623     0.8221      7.077   223.6397 4.8593e+00    20.6379      3.213      4.660    13.3663 0.0000e+00
      3.285     -0.086     0.8268     19.552     59.011  46.196233     0.8716      7.074   223.4467 4.9012e+00    20.8217      3.227      4.681    13.4535 0.0000e+00
      3.272     -0.131     0.9808     21.322     59.102  46.371188     0.9673      7.072   223.4825 5.3648e+00    21.1513      3.226      4.679    13.6619 0.0000e+00
      3.219     -0.168     1.3176     21.496     59.822  46.988902     1.0301      7.070   223.2984 6.4568e+00    21.3441      3.170      4.598    13.8446 0.0000e+00
      3.131     -0.180     1.7204     20.366     60.487  47.633882     1.0411      7.068   222.8554 8.0835e+00    21.3427      3.071      4.454    13.9701 0.0000e+00
      3.041     -0.165     2.0564     18.562     61.341  48.519405     1.0412      7.066   222.5138 9.4914e+00    21.2703      2.968      4.304    14.1751 0.0000e+00
      2.989     -0.128     2.2479     16.696     62.242  49.505546     1.0894      7.066   222.1794 9.7403e+00    21.1870      2.911      4.222    14.2567 0.0000e+00
      2.983     -0.083     2.2528     15.136     62.145  49.716232     1.1914      7.066   221.7380 9.2126e+00    21.1205      2.919      4.234    14.2289 0.0000e+00
      2.998     -0.053     2.1056     13.924     61.423  49.352939     1.2586      7.065   221.3073 8.7672e+00    21.1498      2.943      4.270    14.3481 0.0000e+00
      3.013     -0.056     1.8912     12.915     60.777  48.986411     1.2771      7.064   221.0151 8.5377e+00    21.2328      2.956      4.289    14.5299 0.0000e+00
      3.017     -0.095     1.6779     11.954     60.357  48.776880     1.2822      7.061   220.7861 8.7189e+00    21.6804      2.966      4.302    14.7434 0.0000e+00
      2.997     -0.153     1.5121     10.984     60.286  48.787940     1.2708      7.059   220.4315 9.7128e+00    22.4970      2.954      4.285    15.0377 0.0000e+00
      2.942     -0.201     1.3903     10.022     60.024  48.612289     1.2558      7.056   220.0828 1.1485e+01    22.9085      2.897      4.201    15.1918 0.0000e+00
      2.854     -0.219     1.2942      9.103     59.474  48.176894     1.2673      7.052   219.8403 1.3507e+01    22.8292      2.805      4.067    15.2840 0.0000e+00
      2.754     -0.206     1.1947      8.309     59.610  48.221944     1.3186      7.047   219.4775 1.5080e+01    21.5044      2.693      3.906    15.4411 0.0000e+00
      2.678     -0.167     1.0958      7.763     60.737  49.093389     1.3762      7.043   218.8796 1.5719e+01    18.9826      2.606      3.779    15.4626 0.0000e+00
      2.649     -0.112     0.9995      7.620     61.809  50.141921     1.3899      7.039   218.2044 1.5552e+01    17.5485      2.584      3.748    15.4852 0.0000e+00
      2.658     -0.059     0.9026      7.955     61.825  50.550358     1.3755      7.036   217.5076 1.5109e+01    17.4860      2.603      3.777    15.5411 0.0000e+00
      2.675     -0.030     0.8221      8.654     61.129  50.349561     1.3187      7.034   216.9083 1.4717e+01    18.9111      2.628      3.812    15.4492 0.0000e+00
      2.685     -0.037     0.7622      9.412     60.403  49.936962     1.2197      7.033   216.6370 1.4467e+01    21.6283      2.638      3.826    15.3299 0.0000e+00
      2.684     -0.077     0.7426      9.886     59.793  49.498610     1.1773      7.034   216.4648 1.4482e+01    23.1480      2.636      3.822    15.4707 0.0000e+00
      2.668     -0.129     0.7723      9.929     59.534  49.303692     1.1892      7.035   216.2893 1.5060e+01    23.1091      2.629      3.812    15.8993 0.0000e+00
      2.623     -0.177     0.8471      9.662     59.543  49.294602     1.3132      7.037   215.9766 1.6340e+01    21.4657      2.586      3.750    16.2566 0.0000e+00
      2.547     -0.211     0.9329      9.253     59.332  49.134708     1.5611      7.039   215.0071 1.7854e+01    18.5133      2.498      3.623    16.3628 0.0000e+00
      2.467     -0.230     0.9855      8.791     58.609  48.640294     1.7145      7.040   214.0309 1.9122e+01    16.8911      2.413      3.500    16.3888 0.0000e+00
      2.402     -0.229     0.9816      8.378     57.370  47.824695     1.7440      7.040   214.0683 2.0208e+01    16.7792      2.351      3.409    16.4300 0.0000e+00
      2.350     -0.204     0.9489      8.089     55.700  46.765406     1.7431      7.040   214.4268 2.1573e+01    16.7514      2.306      3.344    16.3753 0.0000e+00
      2.300     -0.162     0.9094      7.941     53.461  45.355922     1.7629      7.041   214.1499 2.4500e+01    16.5884      2.258      3.275    16.3718 0.0000e+00
      2.253     -0.115     0.8562      7.868     51.296  44.178022     1.8166      7.041   213.4733 2.7720e+01    16.3799      2.201      3.193    16.4657 0.0000e+00
      2.224     -0.070     0.8118      7.741     50.180  43.950705     1.8515      7.042   213.2157 2.8355e+01    16.2807      2.171      3.149    16.6352 0.0000e+00
      2.220     -0.031     0.7769      7.426     49.785  44.132014     1.8676      7.045   213.6167 2.7330e+01    16.3443      2.172      3.151    16.9478 0.0000e+00
      2.230      0.000     0.7585      6.802     49.551  44.149261     1.8536      7.048   214.0192 2.6422e+01    17.2176      2.184      3.169    17.3503 0.0000e+00
      2.245      0.015     0.7470      5.871     49.275  43.969078     1.8066      7.049   213.8672 2.6327e+01    18.8465      2.202      3.196    18.0169 0.0000e+00
      2.257      0.004     0.7249      4.796     49.028  43.794299     1.7826      7.048   213.3272 2.6686e+01    19.7449      2.215      3.212    18.8869 0.0000e+00
      2.266     -0.034     0.6938      3.780     49.157  43.940344     1.7963      7.048   212.9105 2.6483e+01    19.7797      2.221      3.221    19.4545 0.0000e+00
      2.269     -0.087     0.6346      2.929     49.786  44.465442     1.8148      7.049   212.7009 2.6919e+01    18.6866      2.233      3.239    19.5906 0.0000e+00
      2.249     -0.140     0.5430      2.285     50.911  45.318925     1.8060      7.050   212.4275 3.0099e+01    16.5027      2.223      3.224    19.6056 0.0000e+00
