Data/DataNotYetUploadedToEDI/Raw_CTD/RawDownloads/071524_fcr30_S7809003.cnv
* Sea-Bird SBE19plus  Data File:
* FileName = C:\R\Reservoirs\Data\DataNotYetUploadedToEDI\Raw_CTD\RawDownloads\071524_fcr50_S7809_0003.hex
* Software version 2.8.0.119
* Temperature SN = 7809
* Conductivity SN = 7809
* System UpLoad Time = Jul 15 2024 16:22:51
* <ApplicationData>
* <Seaterm232>
# nquan = 15
# nvalues = 1033                        
# units = specified
# name 0 = depFM: Depth [fresh water, m]
# name 1 = dz/dtM: Descent Rate [m/s]
# name 2 = sbeox0Mg/L: Oxygen, SBE 43 [mg/l]
# name 3 = sbeox0PS: Oxygen, SBE 43 [% saturation]
# name 4 = specc: Specific Conductance [uS/cm]
# name 5 = c0uS/cm: Conductivity [uS/cm]
# name 6 = flECO-AFL: Fluorescence, WET Labs ECO-AFL/FL [mg/m^3]
# name 7 = ph: pH
# name 8 = orp: Oxidation Reduction Potential [mV]
# name 9 = par/sat/log: PAR/Logarithmic, Satlantic
# name 10 = turbWETntu0: Turbidity, WET Labs ECO [NTU]
# name 11 = prdM: Pressure, Strain Gauge [db]
# name 12 = prdE: Pressure, Strain Gauge [psi]
# name 13 = tv290C: Temperature [ITS-90, deg C]
# name 14 = flag:  0.000e+00
# span 0 =     -0.642,      2.658       
# span 1 =     -0.311,      0.109       
# span 2 =     0.0843,     7.8032       
# span 3 =      1.064,     98.763       
# span 4 =      0.997,     89.204       
# span 5 =   1.012780,  78.618052       
# span 6 =    -0.7301,   227.5603       
# span 7 =      6.723,      7.210       
# span 8 =    56.0090,   272.1925       
# span 9 = 3.3262e+00, 2.1227e+03       
# span 10 =   -12.3113,   110.4732      
# span 11 =     -0.632,      2.607      
# span 12 =     -0.916,      3.781      
# span 13 =    18.3809,    27.8785      
# span 14 = 0.0000e+00, 0.0000e+00      
# interval = seconds: 0.25
# start_time = Jul 15 2024 11:25:21 [Instrument's time stamp, header]
# bad_flag = -9.990e-29
*END*
[from data line 290]
      0.303      0.014     6.3860     79.910     42.673  44.185825     3.6415      6.985   157.8813 6.0937e+02    11.6812      0.298      0.432    26.7686 0.0000e+00
      0.305      0.009     6.3849     79.985     42.702  44.215999     3.6175      6.987   157.9596 6.1381e+02    11.6908      0.301      0.436    26.7670 0.0000e+00
      0.305      0.005     6.3829     80.039     42.707  44.220603     3.6916      6.989   158.2349 6.2441e+02    11.6748      0.300      0.435    26.7663 0.0000e+00
      0.304      0.002     6.3864     80.057     42.666  44.178011     3.8463      6.990   158.4571 6.3137e+02    11.6245      0.298      0.432    26.7661 0.0000e+00
      0.304      0.000     6.3933     80.022     42.634  44.145348     3.9314      6.992   158.4956 6.3777e+02    11.5613      0.297      0.431    26.7665 0.0000e+00
      0.304     -0.002     6.4001     79.977     42.632  44.143060     3.9297      6.995   158.4421 6.3542e+02    11.4918      0.297      0.431    26.7664 0.0000e+00
      0.304     -0.003     6.4040     79.967     42.639  44.150344     4.0097      6.998   158.3256 6.2367e+02    11.3986      0.299      0.433    26.7658 0.0000e+00
      0.304     -0.004     6.4076     79.961     42.657  44.169939     4.1904      7.000   158.2908 6.1785e+02    11.3220      0.299      0.434    26.7658 0.0000e+00
      0.303     -0.004     6.4027     79.938     42.675  44.189560     4.3003      7.002   158.3654 6.2719e+02    11.3513      0.297      0.431    26.7658 0.0000e+00
      0.300     -0.004     6.3966     79.946     42.682  44.197166     4.3148      7.004   158.4534 6.3039e+02    11.3778      0.293      0.426    26.7656 0.0000e+00
      0.298     -0.003     6.3979     80.009     42.683  44.198425     4.3404      7.005   158.5809 6.3041e+02    11.4372      0.291      0.422    26.7660 0.0000e+00
      0.297     -0.002     6.3986     80.076     42.689  44.204784     4.4015      7.006   158.7887 6.3344e+02    11.6256      0.291      0.422    26.7671 0.0000e+00
      0.297      0.000     6.3942     80.123     42.696  44.210569     4.4547      7.008   158.9863 6.1704e+02    11.7425      0.291      0.423    26.7685 0.0000e+00
      0.298      0.003     6.3933     80.155     42.692  44.204909     4.4845      7.010   159.0781 6.0370e+02    11.7919      0.292      0.423    26.7692 0.0000e+00
      0.299      0.005     6.4013     80.152     42.688  44.199810     4.4953      7.013   159.2095 6.0851e+02    11.8121      0.293      0.425    26.7693 0.0000e+00
      0.300      0.005     6.4071     80.112     42.700  44.212400     4.5110      7.015   159.3710 6.0841e+02    11.7139      0.294      0.427    26.7689 0.0000e+00
      0.303      0.005     6.4099     80.060     42.716  44.230184     4.5492      7.015   159.3965 6.0151e+02    11.5610      0.297      0.431    26.7679 0.0000e+00
      0.305      0.004     6.4143     80.008     42.709  44.224409     4.5737      7.016   159.3451 6.0562e+02    11.5008      0.299      0.434    26.7657 0.0000e+00
      0.305      0.001     6.4144     79.980     42.691  44.206052     4.5834      7.019   159.3519 6.2669e+02    11.5666      0.300      0.435    26.7641 0.0000e+00
      0.305     -0.001     6.4094     79.979     42.683  44.198655     4.5748      7.021   159.3926 6.5642e+02    11.6387      0.299      0.434    26.7646 0.0000e+00
      0.304     -0.003     6.4058     79.983     42.681  44.198446     4.5362      7.023   159.4937 6.7520e+02    11.6560      0.299      0.433    26.7662 0.0000e+00
      0.303     -0.005     6.4000     79.995     42.684  44.203535     4.5074      7.026   159.6276 6.6615e+02    11.6728      0.297      0.431    26.7679 0.0000e+00
      0.301     -0.005     6.3973     80.002     42.676  44.196700     4.5094      7.028   159.6348 6.4581e+02    11.7053      0.295      0.429    26.7684 0.0000e+00
      0.299     -0.004     6.3992     80.014     42.658  44.179288     4.5277      7.030   159.6669 6.3476e+02    11.6395      0.293      0.426    26.7688 0.0000e+00
      0.298     -0.003     6.3975     80.054     42.661  44.183441     4.5376      7.032   159.7574 6.2731e+02    11.4576      0.292      0.424    26.7708 0.0000e+00
      0.298     -0.002     6.3997     80.064     42.661  44.183441     4.5288      7.033   159.7831 6.1454e+02    11.3164      0.292      0.424    26.7742 0.0000e+00
      0.299     -0.001     6.3999     80.015     42.657  44.179288     4.5124      7.034   159.8047 6.0098e+02    11.2644      0.293      0.425    26.7770 0.0000e+00
      0.299     -0.000     6.3981     79.964     42.673  44.196703     4.4476      7.036   159.9327 5.9459e+02    11.3749      0.293      0.425    26.7781 0.0000e+00
      0.298      0.001     6.4047     79.929     42.679  44.203574     4.3359      7.039   160.1259 6.0028e+02    11.6619      0.292      0.424    26.7781 0.0000e+00
      0.298      0.002     6.4073     79.924     42.673  44.198893     4.2690      7.039   160.1624 6.1280e+02    11.8320      0.292      0.423    26.7779 0.0000e+00
      0.299      0.002     6.3992     79.969     42.678  44.203575     4.2548      7.040   160.2024 6.2264e+02    11.7921      0.292      0.423    26.7779 0.0000e+00
      0.300      0.001     6.3961     80.032     42.672  44.196713     4.2063      7.042   160.3499 6.2692e+02    11.6578      0.294      0.427    26.7782 0.0000e+00
      0.302      0.000     6.3931     80.074     42.656  44.179403     4.1147      7.043   160.3974 6.2984e+02    11.5406      0.296      0.430    26.7797 0.0000e+00
      0.302     -0.001     6.3902     80.085     42.661  44.184700     4.0795      7.043   160.4339 6.4181e+02    11.5696      0.297      0.431    26.7813 0.0000e+00
      0.302     -0.003     6.3961     80.071     42.674  44.197280     4.0972      7.043   160.5319 6.5148e+02    11.5988      0.297      0.431    26.7818 0.0000e+00
      0.299     -0.004     6.4022     80.033     42.680  44.204563     4.1381      7.044   160.6366 6.4379e+02    11.5175      0.293      0.425    26.7805 0.0000e+00
      0.296     -0.004     6.4060     79.994     42.685  44.209278     4.2066      7.046   160.7536 6.2974e+02    11.4751      0.289      0.420    26.7792 0.0000e+00
      0.295     -0.004     6.4061     79.980     42.667  44.190818     4.2433      7.048   160.8273 6.2174e+02    11.5291      0.289      0.420    26.7792 0.0000e+00
      0.295     -0.003     6.4057     79.977     42.649  44.171786     4.2569      7.048   160.7535 6.2079e+02    11.5911      0.289      0.420    26.7791 0.0000e+00
      0.295     -0.002     6.4019     79.964     42.648  44.169593     4.2793      7.049   160.7216 6.2299e+02    11.5748      0.291      0.422    26.7796 0.0000e+00
      0.295     -0.001     6.3971     79.939     42.643  44.164305     4.3314      7.049   160.8723 6.3084e+02    11.5716      0.289      0.420    26.7800 0.0000e+00
      0.294     -0.000     6.3971     79.924     42.649  44.171319     4.4123      7.049   161.0267 6.4302e+02    11.6549      0.287      0.417    26.7795 0.0000e+00
      0.293      0.000     6.3977     79.949     42.668  44.190923     4.4505      7.050   161.2122 6.4818e+02    11.7275      0.287      0.416    26.7789 0.0000e+00
      0.294      0.001     6.3965     79.999     42.687  44.210910     4.4439      7.050   161.3947 6.5083e+02    11.7673      0.288      0.418    26.7783 0.0000e+00
      0.295      0.003     6.3942     80.045     42.697  44.222556     4.3066      7.051   161.5119 6.5651e+02    11.7262      0.290      0.420    26.7781 0.0000e+00
      0.296      0.004     6.3913     80.076     42.681  44.204782     4.0309      7.052   161.6824 6.5686e+02    11.6059      0.291      0.422    26.7777 0.0000e+00
      0.297      0.004     6.3944     80.101     42.664  44.186427     3.8656      7.052   161.8219 6.5171e+02    11.5419      0.291      0.422    26.7782 0.0000e+00
      0.299      0.004     6.3991     80.135     42.669  44.191058     3.8398      7.053   161.8214 6.4267e+02    11.4994      0.293      0.424    26.7796 0.0000e+00
      0.300      0.003     6.4028     80.160     42.676  44.197302     3.8515      7.056   161.8494 6.2845e+02    11.4333      0.294      0.427    26.7797 0.0000e+00
      0.301      0.003     6.4058     80.159     42.677  44.198447     3.8905      7.057   161.9881 6.1433e+02    11.3582      0.295      0.428    26.7790 0.0000e+00
      0.301      0.002     6.4063     80.144     42.683  44.204897     3.9200      7.057   162.1206 6.0998e+02    11.3084      0.295      0.428    26.7780 0.0000e+00
      0.301      0.001     6.4105     80.137     42.690  44.211817     3.9258      7.058   162.1618 6.1289e+02    11.3098      0.295      0.428    26.7770 0.0000e+00
      0.301      0.001     6.4131     80.136     42.697  44.218641     3.9857      7.060   162.1427 6.1299e+02    11.3745      0.295      0.428    26.7762 0.0000e+00
      0.302      0.001     6.4125     80.134     42.702  44.223929     4.1200      7.062   162.1468 6.1098e+02    11.5103      0.296      0.429    26.7763 0.0000e+00
      0.302      0.000     6.4102     80.118     42.691  44.212275     4.2091      7.063   162.1253 6.2092e+02    11.5844      0.296      0.429    26.7768 0.0000e+00
      0.302     -0.001     6.4102     80.088     42.683  44.204689     4.2141      7.065   162.0547 6.3734e+02    11.5877      0.296      0.430    26.7763 0.0000e+00
      0.302     -0.003     6.4102     80.078     42.674  44.195680     4.0892      7.066   162.0673 6.5178e+02    11.6189      0.296      0.430    26.7756 0.0000e+00
      0.301     -0.004     6.4105     80.093     42.646  44.166824     3.8647      7.067   162.1913 6.7055e+02    11.6874      0.296      0.429    26.7754 0.0000e+00
      0.300     -0.005     6.4098     80.092     42.651  44.173171     3.7464      7.069   162.2635 6.7833e+02    11.7674      0.294      0.427    26.7750 0.0000e+00
      0.298     -0.005     6.4054     80.051     42.684  44.208945     3.7414      7.071   162.2522 6.6861e+02    11.8009      0.292      0.424    26.7750 0.0000e+00
      0.296     -0.004     6.4046     79.992     42.692  44.218516     3.7536      7.072   162.3133 6.4923e+02    11.7844      0.290      0.420    26.7759 0.0000e+00
      0.294     -0.002     6.4073     79.936     42.698  44.225427     3.9190      7.073   162.4002 6.2650e+02    11.7053      0.288      0.418    26.7768 0.0000e+00
      0.294      0.000     6.4084     79.900     42.702  44.229027     4.2434      7.074   162.4426 6.0899e+02    11.5622      0.288      0.418    26.7781 0.0000e+00
      0.295      0.001     6.4032     79.895     42.673  44.198559     4.4381      7.075   162.4815 5.9972e+02    11.5222      0.288      0.418    26.7795 0.0000e+00
      0.296      0.001     6.3981     79.900     42.650  44.174419     4.4670      7.076   162.4406 6.0067e+02    11.5979      0.290      0.421    26.7818 0.0000e+00
      0.297      0.001     6.3930     79.914     42.667  44.191058     4.3510      7.077   162.3776 6.1862e+02    11.6239      0.293      0.425    26.7830 0.0000e+00
      0.297     -0.000     6.3892     79.944     42.686  44.209311     4.1097      7.078   162.4081 6.4267e+02    11.5629      0.291      0.423    26.7811 0.0000e+00
      0.297     -0.003     6.3907     79.972     42.682  44.204689     3.9718      7.078   162.4652 6.5659e+02    11.5090      0.290      0.421    26.7799 0.0000e+00
      0.297     -0.007     6.3905     79.972     42.676  44.198654     3.9654      7.078   162.4658 6.7400e+02    11.5534      0.292      0.424    26.7810 0.0000e+00
      0.296     -0.011     6.3912     79.957     42.676  44.199808     4.0485      7.078   162.5022 6.9189e+02    11.6209      0.292      0.423    26.7802 0.0000e+00
      0.292     -0.013     6.3948     79.989     42.693  44.218643     4.1945      7.076   162.6462 6.8454e+02    11.6419      0.286      0.415    26.7774 0.0000e+00
      0.287     -0.014     6.3979     80.042     42.707  44.235963     4.2652      7.074   162.8316 6.5969e+02    11.6029      0.281      0.408    26.7769 0.0000e+00
      0.282     -0.013     6.3983     80.028     42.686  44.218807     4.2625      7.074   162.9370 6.3933e+02    11.5247      0.277      0.402    26.7783 0.0000e+00
      0.277     -0.011     6.3931     79.953     42.666  44.201638     4.3111      7.073   162.8875 6.3339e+02    11.5850      0.270      0.392    26.7793 0.0000e+00
      0.273     -0.010     6.3965     79.882     42.680  44.218806     4.4031      7.073   162.7484 6.2348e+02    11.7506      0.266      0.386    26.7807 0.0000e+00
      0.273     -0.013     6.4051     79.850     42.695  44.235961     4.4434      7.072   162.6324 5.9529e+02    11.8192      0.267      0.388    26.7840 0.0000e+00
      0.275     -0.018     6.4020     79.862     42.677  44.218639     4.4404      7.071   162.5184 5.8444e+02    11.8001      0.270      0.392    26.7884 0.0000e+00
      0.273     -0.023     6.3933     79.892     42.657  44.199795     4.4169      7.070   162.4876 6.0894e+02    11.6908      0.271      0.393    26.7930 0.0000e+00
      0.265     -0.025     6.3863     79.891     42.653  44.198546     4.3837      7.068   162.6904 6.6736e+02    11.5560      0.262      0.382    26.7968 0.0000e+00
      0.251     -0.023     6.3836     79.855     42.656  44.203550     4.3725      7.065   162.9050 7.5607e+02    11.5367      0.246      0.357    26.7984 0.0000e+00
      0.236     -0.018     6.3846     79.816     42.651  44.196821     4.3728      7.062   163.0172 8.1217e+02    11.5601      0.227      0.330    26.7996 0.0000e+00
      0.230     -0.011     6.3892     79.784     42.638  44.180658     4.3710      7.060   163.1873 7.8838e+02    11.5316      0.221      0.320    26.8015 0.0000e+00
      0.235     -0.003     6.3888     79.769     42.657  44.198546     4.3513      7.060   163.2406 7.2244e+02    11.5346      0.230      0.333    26.8052 0.0000e+00
      0.244      0.003     6.3836     79.768     42.682  44.222679     4.3170      7.061   163.1453 6.4762e+02    11.6639      0.241      0.349    26.8085 0.0000e+00
      0.249      0.007     6.3812     79.769     42.679  44.218535     4.2984      7.062   163.1539 5.9299e+02    11.7621      0.246      0.356    26.8066 0.0000e+00
      0.248      0.006     6.3786     79.806     42.673  44.211919     4.3091      7.063   163.1723 5.7311e+02    11.7309      0.244      0.354    26.8024 0.0000e+00
      0.245      0.003     6.3773     79.904     42.668  44.206162     4.3627      7.063   163.1960 5.7915e+02    11.6624      0.241      0.348    26.7997 0.0000e+00
      0.244      0.002     6.3789     80.027     42.674  44.212406     4.4306      7.063   163.2684 6.2461e+02    11.5836      0.239      0.346    26.7979 0.0000e+00
      0.245      0.003     6.3775     80.122     42.684  44.223938     4.4560      7.064   163.3585 6.7061e+02    11.5303      0.240      0.347    26.7965 0.0000e+00
      0.247      0.004     6.3790     80.167     42.679  44.218640     4.4536      7.066   163.3390 6.8740e+02    11.4961      0.242      0.351    26.7957 0.0000e+00
      0.249      0.005     6.3889     80.184     42.673  44.211825     4.4763      7.068   163.2056 6.9932e+02    11.4767      0.244      0.354    26.7956 0.0000e+00
      0.252      0.005     6.4000     80.187     42.667  44.205019     4.5227      7.070   163.2086 7.0911e+02    11.5014      0.247      0.359    26.7965 0.0000e+00
      0.253      0.004     6.4085     80.150     42.662  44.199816     4.5396      7.072   163.2883 7.1059e+02    11.5211      0.249      0.361    26.7976 0.0000e+00
      0.252      0.003     6.4110     80.060     42.674  44.212397     4.5223      7.073   163.3949 6.9915e+02    11.5102      0.249      0.360    26.7972 0.0000e+00
      0.252      0.001     6.4117     79.963     42.691  44.230180     4.4892      7.074   163.3791 6.7615e+02    11.4715      0.247      0.358    26.7961 0.0000e+00
