Data/DataNotYetUploadedToEDI/Raw_CTD/RawDownloads/071524_fcr20_S7809002.cnv
* Sea-Bird SBE19plus  Data File:
* FileName = C:\R\Reservoirs\Data\DataNotYetUploadedToEDI\Raw_CTD\RawDownloads\071524_fcr50_S7809_0002.hex
* Software version 2.8.0.119
* Temperature SN = 7809
* Conductivity SN = 7809
* System UpLoad Time = Jul 15 2024 16:22:23
* <ApplicationData>
* <Seaterm232>
# nquan = 15
# nvalues = 694                         
# units = specified
# name 0 = depFM: Depth [fresh water, m]
# name 1 = dz/dtM: Descent Rate [m/s]
# name 2 = sbeox0Mg/L: Oxygen, SBE 43 [mg/l]
# name 3 = sbeox0PS: Oxygen, SBE 43 [% saturation]
# name 4 = specc: Specific Conductance [uS/cm]
# name 5 = c0uS/cm: Conductivity [uS/cm]
# name 6 = flECO-AFL: Fluorescence, WET Labs ECO-AFL/FL [mg/m^3]
# name 7 = ph: pH
# name 8 = orp: Oxidation Reduction Potential [mV]
# name 9 = par/sat/log: PAR/Logarithmic, Satlantic
# name 10 = turbWETntu0: Turbidity, WET Labs ECO [NTU]
# name 11 = prdM: Pressure, Strain Gauge [db]
# name 12 = prdE: Pressure, Strain Gauge [psi]
# name 13 = tv290C: Temperature [ITS-90, deg C]
# name 14 = flag:  0.000e+00
# span 0 =     -0.650,      2.314       
# span 1 =     -0.396,      0.181       
# span 2 =     0.1100,     7.6458       
# span 3 =      1.278,     97.725       
# span 4 =      1.352,    180.034       
# span 5 =   1.500596, 164.404349       
# span 6 =    -0.3062,    13.1379       
# span 7 =      5.637,      6.834       
# span 8 = -1240.7455,   358.3034       
# span 9 = 1.5751e+00, 2.4139e+03       
# span 10 =    -0.3210,    98.5173      
# span 11 =     -0.639,      2.270      
# span 12 =     -0.927,      3.293      
# span 13 =    20.6395,    30.5083      
# span 14 = 0.0000e+00, 0.0000e+00      
# interval = seconds: 0.25
# start_time = Jul 15 2024 11:18:45 [Instrument's time stamp, header]
# bad_flag = -9.990e-29
*END*
[from data line 193]
     -0.070      0.001     7.1228     87.125     42.596  44.384001     4.6592      6.425   140.6068 8.5931e+01    11.8974     -0.069     -0.100    27.0916 0.0000e+00
     -0.070      0.000     7.0466     86.767     42.641  44.428173     4.6606      6.426   140.7536 8.5942e+01    11.8307     -0.068     -0.099    27.0911 0.0000e+00
     -0.069     -0.001     6.9989     86.519     42.684  44.471811     4.6288      6.428   140.7538 8.5796e+01    11.7125     -0.067     -0.097    27.0950 0.0000e+00
     -0.068     -0.003     6.9626     86.357     42.678  44.467290     4.5919      6.431   140.6951 8.5733e+01    11.6290     -0.067     -0.097    27.0953 0.0000e+00
     -0.068     -0.003     6.9281     86.224     42.648  44.436985     4.5814      6.434   140.8186 8.5693e+01    11.6418     -0.066     -0.096    27.0931 0.0000e+00
     -0.070     -0.004     6.8981     86.116     42.637  44.422783     4.5927      6.436   141.0429 8.5979e+01    11.6614     -0.069     -0.099    27.0887 0.0000e+00
     -0.074     -0.004     6.8796     86.037     42.638  44.422513     4.5952      6.438   141.0834 8.6650e+01    11.5939     -0.074     -0.105    27.0856 0.0000e+00
     -0.075     -0.004     6.8692     85.943     42.644  44.433725     4.5359      6.439   141.0507 8.7202e+01    11.5087     -0.075     -0.109    27.0891 0.0000e+00
     -0.075     -0.002     6.8574     85.827     42.634  44.431405     4.4338      6.439   141.1634 8.7527e+01    11.4843     -0.073     -0.107    27.0933 0.0000e+00
     -0.075      0.001     6.8486     85.747     42.595  44.394467     4.3846      6.438   141.3277 8.7560e+01    11.5378     -0.073     -0.106    27.0885 0.0000e+00
     -0.075      0.004     6.8454     85.735     42.572  44.367976     4.3901      6.435   141.4019 8.6897e+01    11.6096     -0.074     -0.108    27.0826 0.0000e+00
     -0.075      0.006     6.8374     85.772     42.578  44.365001     4.3930      6.434   141.3730 8.6102e+01    11.6004     -0.075     -0.108    27.0908 0.0000e+00
     -0.073      0.006     6.8239     85.859     42.583  44.358479     4.3861      6.434   141.3228 8.5611e+01    11.5290     -0.071     -0.103    27.1034 0.0000e+00
     -0.068      0.006     6.8157     85.999     42.584  44.352580     4.3813      6.435   141.3107 8.4982e+01    11.4988     -0.065     -0.096    27.1089 0.0000e+00
     -0.065      0.006     6.8167     86.168     42.594  44.357143     4.3765      6.438   141.3127 8.4416e+01    11.5418     -0.063     -0.092    27.1060 0.0000e+00
     -0.064      0.005     6.8210     86.337     42.593  44.350162     4.3027      6.440   141.4328 8.4461e+01    11.6052     -0.063     -0.092    27.0918 0.0000e+00
     -0.065      0.002     6.8291     86.465     42.582  44.331641     4.1555      6.442   141.6439 8.4961e+01    11.6508     -0.064     -0.093    27.0764 0.0000e+00
     -0.065      0.000     6.8428     86.535     42.582  44.323617     4.0703      6.443   141.7142 8.5042e+01    11.6486     -0.065     -0.094    27.0685 0.0000e+00
     -0.065     -0.001     6.8570     86.558     42.581  44.316607     4.0544      6.444   141.6802 8.4953e+01    11.5787     -0.064     -0.093    27.0634 0.0000e+00
     -0.065     -0.001     6.8729     86.521     42.579  44.310355     4.0635      6.445   141.7503 8.5177e+01    11.5575     -0.063     -0.092    27.0567 0.0000e+00
     -0.065     -0.001     6.8852     86.417     42.584  44.311489     4.0972      6.445   141.8737 8.5065e+01    11.6315     -0.064     -0.092    27.0476 0.0000e+00
     -0.066     -0.001     6.8901     86.277     42.605  44.330322     4.1118      6.446   141.9667 8.4951e+01    11.6884     -0.064     -0.094    27.0379 0.0000e+00
     -0.067     -0.001     6.8946     86.168     42.623  44.347630     4.1074      6.448   142.1000 8.5134e+01    11.6301     -0.066     -0.096    27.0296 0.0000e+00
     -0.067     -0.001     6.8920     86.143     42.606  44.330333     4.0857      6.450   142.2811 8.4927e+01    11.5068     -0.066     -0.095    27.0253 0.0000e+00
     -0.066      0.000     6.8836     86.180     42.588  44.311604     4.0568      6.451   142.4352 8.4961e+01    11.4963     -0.065     -0.095    27.0227 0.0000e+00
     -0.066      0.001     6.8707     86.221     42.593  44.311606     4.0573      6.452   142.5872 8.5267e+01    11.5716     -0.065     -0.094    27.0180 0.0000e+00
     -0.066      0.001     6.8601     86.245     42.621  44.330346     4.0674      6.454   142.7418 8.4749e+01    11.5964     -0.064     -0.093    27.0151 0.0000e+00
     -0.066      0.001     6.8590     86.242     42.648  44.347749     4.0628      6.456   142.7568 8.4205e+01    11.5579     -0.065     -0.094    27.0171 0.0000e+00
     -0.066      0.001     6.8641     86.201     42.636  44.331587     4.0753      6.458   142.7685 8.4105e+01    11.5502     -0.065     -0.094    27.0188 0.0000e+00
     -0.065      0.001     6.8683     86.120     42.630  44.325345     4.1192      6.462   142.8830 8.3862e+01    11.6734     -0.064     -0.092    27.0132 0.0000e+00
     -0.065      0.001     6.8718     85.991     42.643  44.335752     4.1531      6.465   142.9360 8.3840e+01    11.8183     -0.063     -0.091    26.9986 0.0000e+00
     -0.065      0.002     6.8747     85.862     42.643  44.330465     4.1601      6.467   142.9791 8.3998e+01    11.8663     -0.064     -0.092    26.9826 0.0000e+00
     -0.064      0.002     6.8706     85.770     42.638  44.324890     4.1455      6.469   143.1460 8.3828e+01    11.8446     -0.063     -0.091    26.9796 0.0000e+00
     -0.064      0.002     6.8657     85.717     42.640  44.331816     4.1101      6.469   143.3199 8.3521e+01    11.7957     -0.063     -0.091    26.9842 0.0000e+00
     -0.063      0.000     6.8530     85.724     42.653  44.350744     4.0815      6.469   143.3602 8.3308e+01    11.7870     -0.062     -0.090    26.9806 0.0000e+00
     -0.062     -0.003     6.8427     85.771     42.660  44.363334     4.0825      6.469   143.3749 8.2948e+01    11.8085     -0.061     -0.088    26.9700 0.0000e+00
     -0.061     -0.005     6.8374     85.842     42.645  44.357089     4.0724      6.468   143.4985 8.2428e+01    11.7820     -0.059     -0.085    26.9673 0.0000e+00
     -0.063     -0.006     6.8290     85.941     42.619  44.338733     4.0261      6.468   143.6506 8.2685e+01    11.6710     -0.060     -0.086    26.9775 0.0000e+00
     -0.069     -0.005     6.8310     86.075     42.611  44.331833     3.9889      6.467   143.8371 8.3614e+01    11.5249     -0.067     -0.096    26.9852 0.0000e+00
     -0.075     -0.004     6.8345     86.264     42.619  44.337132     3.9801      6.466   144.1188 8.3749e+01    11.4847     -0.076     -0.109    26.9878 0.0000e+00
     -0.075     -0.003     6.8379     86.461     42.623  44.339325     4.0287      6.463   144.4755 8.3519e+01    11.5609     -0.075     -0.109    26.9995 0.0000e+00
     -0.071     -0.001     6.8453     86.627     42.639  44.358348     4.1264      6.459   144.8801 8.3286e+01    11.6263     -0.070     -0.102    27.0150 0.0000e+00
     -0.067      0.001     6.8529     86.774     42.650  44.376713     4.1791      6.456   145.0525 8.2406e+01    11.6260     -0.065     -0.095    27.0147 0.0000e+00
     -0.066      0.002     6.8719     86.879     42.637  44.370954     4.1671      6.453   145.0120 8.2061e+01    11.5581     -0.063     -0.091    27.0078 0.0000e+00
     -0.068      0.002     6.8895     86.944     42.615  44.352204     4.0885      6.453   145.0787 8.2926e+01    11.4887     -0.067     -0.097    27.0056 0.0000e+00
     -0.070      0.002     6.9004     86.986     42.604  44.340444     3.9778      6.451   145.2557 8.3707e+01    11.5378     -0.070     -0.101    27.0065 0.0000e+00
     -0.071      0.004     6.9131     86.980     42.624  44.355712     3.9355      6.450   145.5173 8.3684e+01    11.6401     -0.071     -0.102    27.0174 0.0000e+00
     -0.071      0.007     6.9193     86.892     42.624  44.346382     3.9434      6.449   145.8333 8.2999e+01    11.6660     -0.071     -0.103    27.0293 0.0000e+00
     -0.067      0.011     6.9230     86.743     42.586  44.291097     3.9321      6.448   146.1512 8.1471e+01    11.6112     -0.066     -0.095    27.0341 0.0000e+00
     -0.062      0.014     6.9270     86.510     42.579  44.258512     3.8500      6.445   146.3500 7.9488e+01    11.5245     -0.060     -0.086    27.0332 0.0000e+00
     -0.057      0.017     6.9301     86.132     42.615  44.269742     3.7407      6.441   146.0860 7.8314e+01    11.5050     -0.055     -0.080    27.0259 0.0000e+00
     -0.053      0.021     6.9216     85.611     42.656  44.299880     3.7097      6.437   145.5403 7.8375e+01    11.5805     -0.050     -0.073    27.0162 0.0000e+00
     -0.050      0.026     6.9127     84.994     42.660  44.305515     3.7157      6.429   145.4304 7.8478e+01    11.6526     -0.050     -0.072    26.9999 0.0000e+00
     -0.045      0.030     6.9016     84.403     42.628  44.274405     3.7137      6.418   145.6173 7.7788e+01    11.6931     -0.047     -0.067    26.9675 0.0000e+00
     -0.036      0.032     6.8747     84.005     42.603  44.241111     3.7272      6.407   145.5626 7.7131e+01    11.7293     -0.035     -0.052    26.9291 0.0000e+00
     -0.023      0.035     6.8347     83.815     42.596  44.220323     3.7376      6.399   145.4572 7.5966e+01    11.7484     -0.022     -0.033    26.9131 0.0000e+00
     -0.011      0.038     6.7812     83.676     42.607  44.213467     3.7305      6.394   145.5477 7.2594e+01    11.7875     -0.008     -0.012    26.9226 0.0000e+00
     -0.002      0.038     6.7264     83.487     42.636  44.221653     3.6583      6.390   145.8828 6.8928e+01    11.7928     -0.001     -0.001    26.9286 0.0000e+00
      0.004      0.028     6.6947     83.218     42.686  44.255795     3.5056      6.388   146.5834 6.7305e+01    11.6757      0.002      0.003    26.9191 0.0000e+00
      0.014      0.008     6.6892     82.781     42.734  44.308873     3.3986      6.385   147.5654 6.6655e+01    11.5324      0.011      0.016    26.9022 0.0000e+00
      0.026     -0.022     6.6829     82.114     42.748  44.355617     3.3891      6.381   148.4642 6.7748e+01    11.4951      0.029      0.042    26.8811 0.0000e+00
      0.030     -0.056     6.6704     81.445     42.720  44.376701     3.4991      6.377   149.5348 7.3822e+01    11.5662      0.039      0.056    26.8532 0.0000e+00
      0.011     -0.088     6.6552     81.189     42.671  44.373455     3.7039      6.375   155.3483 8.7072e+01    11.6412      0.020      0.029    26.8229 0.0000e+00
     -0.032     -0.113     6.6259     81.540     42.643  44.379911     3.8180      6.375   160.5056 1.0780e+02    11.6160     -0.027     -0.040    26.8210 0.0000e+00
     -0.083     -0.127     6.5597     82.335     42.630  44.391346     3.8215      6.378   155.5354 1.4429e+02    11.5340     -0.087     -0.125    26.8667 0.0000e+00
     -0.126     -0.124     6.4829     83.310     42.607  44.384798     3.9292      6.382   149.8898 2.9395e+02    11.5037     -0.128     -0.185    26.9365 0.0000e+00
     -0.158     -0.107     6.4490     84.299     42.582  44.364238     4.1636      6.387   149.1166 4.5674e+02    11.5577     -0.157     -0.228    26.9953 0.0000e+00
     -0.180     -0.081     6.4799     85.209     42.559  44.333197     4.3082      6.393   149.0255 3.8699e+02    11.6404     -0.182     -0.264    27.0327 0.0000e+00
     -0.193     -0.056     6.5491     85.975     42.564  44.326852     4.3380      6.399   149.0472 2.3965e+02    11.6150     -0.190     -0.275    27.0629 0.0000e+00
     -0.200     -0.038     6.6264     86.511     42.597  44.350975     4.3320      6.404   148.9485 1.9680e+02    11.5245     -0.196     -0.285    27.0866 0.0000e+00
     -0.205     -0.029     6.7082     86.788     42.621  44.370953     4.2864      6.409   148.8643 2.0576e+02    11.5020     -0.203     -0.295    27.0921 0.0000e+00
     -0.206     -0.026     6.7818     86.845     42.626  44.377968     4.2272      6.412   148.9761 3.4856e+02    11.5488     -0.202     -0.292    27.0807 0.0000e+00
     -0.209     -0.028     6.8490     86.746     42.616  44.372314     4.2076      6.414   149.3531 8.2723e+02    11.6109     -0.202     -0.294    27.0639 0.0000e+00
     -0.218     -0.031     6.8941     86.595     42.604  44.366080     4.2153      6.414   149.7228 1.4529e+03    11.6384     -0.212     -0.307    27.0504 0.0000e+00
     -0.229     -0.031     6.9144     86.430     42.597  44.366079     4.1288      6.415   149.8330 1.8127e+03    11.6086     -0.225     -0.326    27.0438 0.0000e+00
     -0.242     -0.026     6.9187     86.235     42.601  44.372311     3.9611      6.417   149.8252 1.9352e+03    11.5575     -0.237     -0.344    27.0481 0.0000e+00
     -0.254     -0.016     6.9048     86.038     42.609  44.377964     3.8682      6.419   149.7997 1.9844e+03    11.5669     -0.251     -0.362    27.0539 0.0000e+00
     -0.260     -0.001     6.8917     85.866     42.608  44.370940     3.8627      6.420   149.7832 1.9905e+03    11.6204     -0.259     -0.374    27.0595 0.0000e+00
     -0.256      0.012     6.8786     85.711     42.599  44.350860     3.9615      6.423   149.7119 1.9852e+03    11.6912     -0.254     -0.368    27.0731 0.0000e+00
     -0.245      0.022     6.8608     85.577     42.589  44.325576     4.1300      6.428   149.5402 1.9746e+03    11.7744     -0.241     -0.349    27.0765 0.0000e+00
     -0.231      0.026     6.8453     85.475     42.599  44.319117     4.2034      6.433   149.5134 1.9450e+03    11.8068     -0.226     -0.327    27.0684 0.0000e+00
     -0.219      0.023     6.8329     85.365     42.626  44.336216     4.1908      6.439   149.5607 1.8055e+03    11.7758     -0.213     -0.309    27.0639 0.0000e+00
     -0.213      0.013     6.8220     85.220     42.636  44.341876     4.1769      6.444   149.5099 1.5457e+03    11.7071     -0.207     -0.301    27.0534 0.0000e+00
     -0.212      0.003     6.8125     85.070     42.619  44.324072     4.1694      6.449   149.5874 1.2752e+03    11.6247     -0.207     -0.300    27.0315 0.0000e+00
     -0.217     -0.004     6.8091     84.944     42.605  44.311367     4.1584      6.452   149.8091 1.1531e+03    11.5643     -0.211     -0.306    27.0100 0.0000e+00
     -0.224     -0.006     6.8033     84.822     42.610  44.315217     4.1437      6.453   149.9536 1.3962e+03    11.5242     -0.220     -0.319    26.9960 0.0000e+00
     -0.230     -0.003     6.7906     84.693     42.609  44.307145     4.1498      6.454   149.9586 1.7864e+03    11.5493     -0.228     -0.331    26.9927 0.0000e+00
     -0.230      0.002     6.7770     84.582     42.591  44.277230     4.1823      6.456   149.8696 1.8799e+03    11.6967     -0.227     -0.330    26.9943 0.0000e+00
     -0.225      0.006     6.7680     84.501     42.594  44.270883     4.2118      6.459   149.8229 1.4322e+03    11.8375     -0.221     -0.320    26.9961 0.0000e+00
     -0.219      0.007     6.7588     84.454     42.620  44.293861     4.2148      6.462   149.9099 6.7570e+02    11.8179     -0.214     -0.310    26.9982 0.0000e+00
     -0.214      0.004     6.7480     84.429     42.625  44.301144     4.2026      6.467   149.9755 2.5391e+02    11.6641     -0.209     -0.302    26.9892 0.0000e+00
     -0.212     -0.001     6.7412     84.363     42.610  44.295474     4.1977      6.471   150.1003 1.9467e+02    11.5149     -0.207     -0.300    26.9727 0.0000e+00
     -0.215     -0.004     6.7361     84.243     42.592  44.288808     4.2057      6.472   150.4716 1.8923e+02    11.5174     -0.210     -0.304    26.9603 0.0000e+00
     -0.221     -0.003     6.7330     84.159     42.581  44.284029     4.2153      6.472   150.8518 1.9451e+02    11.6254     -0.217     -0.314    26.9532 0.0000e+00
     -0.227      0.002     6.7330     84.145     42.600  44.301180     4.2063      6.471   150.9977 2.4358e+02    11.6594     -0.224     -0.325    26.9574 0.0000e+00
     -0.229      0.011     6.7281     84.186     42.612  44.305746     4.1887      6.471   151.0306 5.9037e+02    11.6551     -0.228     -0.330    26.9709 0.0000e+00
