Data/DataNotYetUploadedToEDI/Raw_CTD/RawDownloads/071524_fcr40_S7809004.cnv
* Sea-Bird SBE19plus  Data File:
* FileName = C:\R\Reservoirs\Data\DataNotYetUploadedToEDI\Raw_CTD\RawDownloads\071524_fcr50_S7809_0004.hex
* Software version 2.8.0.119
* Temperature SN = 7809
* Conductivity SN = 7809
* System UpLoad Time = Jul 15 2024 16:23:24
* <ApplicationData>
* <Seaterm232>
# nquan = 15
# nvalues = 1206                        
# units = specified
# name 0 = depFM: Depth [fresh water, m]
# name 1 = dz/dtM: Descent Rate [m/s]
# name 2 = sbeox0Mg/L: Oxygen, SBE 43 [mg/l]
# name 3 = sbeox0PS: Oxygen, SBE 43 [% saturation]
# name 4 = specc: Specific Conductance [uS/cm]
# name 5 = c0uS/cm: Conductivity [uS/cm]
# name 6 = flECO-AFL: Fluorescence, WET Labs ECO-AFL/FL [mg/m^3]
# name 7 = ph: pH
# name 8 = orp: Oxidation Reduction Potential [mV]
# name 9 = par/sat/log: PAR/Logarithmic, Satlantic
# name 10 = turbWETntu0: Turbidity, WET Labs ECO [NTU]
# name 11 = prdM: Pressure, Strain Gauge [db]
# name 12 = prdE: Pressure, Strain Gauge [psi]
# name 13 = tv290C: Temperature [ITS-90, deg C]
# name 14 = flag:  0.000e+00
# span 0 =     -0.644,      5.217       
# span 1 =     -0.424,      0.170       
# span 2 =     0.1139,     8.5066       
# span 3 =      1.259,     98.850       
# span 4 =      1.254,     73.733       
# span 5 =   1.236249,  60.953297       
# span 6 =    -0.7431,    21.3465       
# span 7 =      7.060,      7.449       
# span 8 =    56.0954,   222.8686       
# span 9 = 1.2353e-01, 2.1982e+03       
# span 10 =    -0.3089,   442.6286      
# span 11 =     -0.633,      5.117      
# span 12 =     -0.917,      7.421      
# span 13 =    11.9980,    28.4735      
# span 14 = 0.0000e+00, 0.0000e+00      
# interval = seconds: 0.25
# start_time = Jul 15 2024 11:35:30 [Instrument's time stamp, header]
# bad_flag = -9.990e-29
*END*
[from data line 675]
      1.882      0.022     0.1433      1.746     45.805  43.631473     2.3268      7.412   193.2771 2.6768e+01     8.1848      1.845      2.676    22.7680 0.0000e+00
      1.889      0.025     0.1455      1.745     45.871  43.614993     2.3078      7.412   193.6339 2.6666e+01     8.1898      1.851      2.686    22.7616 0.0000e+00
      1.897      0.027     0.1480      1.715     45.956  43.625991     2.2740      7.411   193.8731 2.6556e+01     8.1789      1.861      2.700    22.7496 0.0000e+00
      1.906      0.028     0.1491      1.680     46.008  43.637391     2.2097      7.410   193.9324 2.6432e+01     8.0864      1.870      2.712    22.7113 0.0000e+00
      1.913      0.026     0.1508      1.650     45.992  43.625822     2.1621      7.409   194.0065 2.6309e+01     7.9942      1.876      2.721    22.6258 0.0000e+00
      1.921      0.023     0.1530      1.620     45.955  43.613072     2.1398      7.409   194.2536 2.6204e+01     7.9525      1.884      2.732    22.5319 0.0000e+00
      1.927      0.018     0.1480      1.600     45.941  43.610220     2.1077      7.409   194.4248 2.6142e+01     7.9576      1.891      2.742    22.4479 0.0000e+00
      1.931      0.014     0.1455      1.593     45.922  43.591355     2.0652      7.409   194.5271 2.6141e+01     8.0223      1.894      2.746    22.3978 0.0000e+00
      1.932      0.010     0.1435      1.596     45.904  43.575397     2.0500      7.408   194.7164 2.6164e+01     8.0514      1.895      2.748    22.4147 0.0000e+00
      1.933      0.009     0.1398      1.585     45.935  43.607701     2.0409      7.408   194.9063 2.6184e+01     7.9681      1.896      2.749    22.4555 0.0000e+00
      1.934      0.010     0.1385      1.557     46.000  43.664566     2.0046      7.409   195.1886 2.6190e+01     7.9026      1.897      2.752    22.4645 0.0000e+00
      1.936      0.012     0.1372      1.539     46.054  43.691676     1.9693      7.410   195.4624 2.6163e+01     7.9434      1.899      2.754    22.4544 0.0000e+00
      1.939      0.015     0.1391      1.541     46.097  43.681559     1.9628      7.411   195.5501 2.6122e+01     8.0170      1.900      2.757    22.4572 0.0000e+00
      1.944      0.018     0.1382      1.546     46.149  43.669107     1.9766      7.411   195.6471 2.6061e+01     8.0401      1.906      2.764    22.4650 0.0000e+00
      1.950      0.020     0.1345      1.546     46.185  43.667979     1.9780      7.411   195.8600 2.5965e+01     7.9845      1.912      2.773    22.4622 0.0000e+00
      1.957      0.020     0.1323      1.534     46.189  43.667867     1.9291      7.411   196.0596 2.5895e+01     7.9255      1.919      2.783    22.4419 0.0000e+00
      1.962      0.019     0.1339      1.524     46.185  43.667753     1.8603      7.411   196.1675 2.5876e+01     7.9751      1.925      2.792    22.3833 0.0000e+00
      1.967      0.017     0.1345      1.529     46.192  43.666608     1.8458      7.410   196.3047 2.5873e+01     8.0729      1.930      2.799    22.2935 0.0000e+00
      1.971      0.016     0.1350      1.524     46.206  43.654021     1.8699      7.410   196.5137 2.5850e+01     8.0824      1.932      2.803    22.2530 0.0000e+00
      1.973      0.016     0.1336      1.504     46.233  43.642476     1.8681      7.410   196.7157 2.5790e+01     7.9534      1.935      2.807    22.2676 0.0000e+00
      1.976      0.017     0.1312      1.491     46.287  43.653908     1.8412      7.411   196.8539 2.5714e+01     7.7774      1.938      2.810    22.2729 0.0000e+00
      1.981      0.018     0.1338      1.501     46.340  43.665244     1.8275      7.411   196.8075 2.5624e+01     7.7300      1.942      2.816    22.2690 0.0000e+00
      1.987      0.018     0.1332      1.520     46.359  43.652543     1.8355      7.410   196.7573 2.5540e+01     7.7910      1.949      2.826    22.2387 0.0000e+00
      1.993      0.017     0.1307      1.515     46.343  43.627241     1.8475      7.409   196.8493 2.5477e+01     7.7294      1.955      2.836    22.1903 0.0000e+00
      1.998      0.014     0.1291      1.480     46.323  43.613196     1.8466      7.409   196.8876 2.5408e+01     7.5659      1.959      2.843    22.1502 0.0000e+00
      2.002      0.010     0.1303      1.445     46.320  43.609696     1.8420      7.410   196.9625 2.5358e+01     7.4870      1.964      2.849    22.1075 0.0000e+00
      2.004      0.009     0.1339      1.438     46.309  43.584919     1.8496      7.411   197.1515 2.5348e+01     7.4925      1.967      2.853    22.0654 0.0000e+00
      2.004      0.011     0.1333      1.443     46.245  43.504024     1.8890      7.412   197.1944 2.5360e+01     7.5641      1.965      2.850    22.0550 0.0000e+00
      2.003      0.015     0.1293      1.446     46.161  43.393248     1.9433      7.411   197.1376 2.5344e+01     7.5679      1.963      2.847    22.0750 0.0000e+00
      2.005      0.021     0.1247      1.451     46.145  43.324547     1.9564      7.410   197.1531 2.5238e+01     7.4699      1.963      2.847    22.0764 0.0000e+00
      2.012      0.026     0.1253      1.453     46.195  43.308027     1.9482      7.409   197.2091 2.5067e+01     7.4369      1.971      2.859    22.0539 0.0000e+00
      2.024      0.030     0.1267      1.459     46.263  43.320357     1.9847      7.408   197.3856 2.4892e+01     7.5457      1.986      2.881    22.0342 0.0000e+00
      2.036      0.032     0.1257      1.463     46.313  43.346609     2.0572      7.407   197.5662 2.4732e+01     7.7265      1.999      2.899    22.0079 0.0000e+00
      2.045      0.030     0.1277      1.448     46.324  43.371524     2.0917      7.406   197.5001 2.4598e+01     7.7784      2.007      2.910    21.9427 0.0000e+00
      2.051      0.026     0.1268      1.431     46.288  43.367720     2.0861      7.405   197.3606 2.4510e+01     7.7292      2.013      2.919    21.8630 0.0000e+00
      2.055      0.022     0.1278      1.421     46.196  43.300661     2.0816      7.405   197.4278 2.4450e+01     7.8143      2.017      2.925    21.8038 0.0000e+00
      2.059      0.020     0.1299      1.403     46.088  43.195482     2.0863      7.405   197.5379 2.4379e+01     8.0559      2.019      2.930    21.7756 0.0000e+00
      2.063      0.020     0.1268      1.388     46.034  43.111568     2.1020      7.405   197.4866 2.4298e+01     8.2599      2.023      2.935    21.8012 0.0000e+00
      2.068      0.021     0.1247      1.384     46.019  43.047697     2.0967      7.405   197.4971 2.4207e+01     8.2989      2.028      2.941    21.8481 0.0000e+00
      2.074      0.022     0.1254      1.393     46.010  42.994397     2.0716      7.405   197.6648 2.4093e+01     8.2540      2.034      2.950    21.8673 0.0000e+00
      2.081      0.024     0.1228      1.421     46.023  42.974846     2.0648      7.404   197.7069 2.3960e+01     8.3322      2.041      2.960    21.8708 0.0000e+00
      2.088      0.025     0.1210      1.445     46.001  42.938201     2.0731      7.403   197.5764 2.3810e+01     8.5612      2.048      2.970    21.8291 0.0000e+00
      2.094      0.025     0.1218      1.445     45.941  42.868669     2.0882      7.403   197.4631 2.3670e+01     8.7342      2.054      2.979    21.7607 0.0000e+00
      2.100      0.025     0.1212      1.441     45.933  42.832314     2.1058      7.403   197.4559 2.3553e+01     8.7497      2.059      2.986    21.7144 0.0000e+00
      2.106      0.024     0.1254      1.447     45.953  42.815949     2.2034      7.403   197.4893 2.3434e+01     8.8171      2.065      2.996    21.6747 0.0000e+00
      2.113      0.023     0.1283      1.450     45.960  42.797700     2.3862      7.403   197.4366 2.3288e+01     9.0373      2.072      3.006    21.6640 0.0000e+00
      2.120      0.022     0.1271      1.444     45.978  42.802047     2.4934      7.403   197.4203 2.3137e+01     9.1919      2.079      3.015    21.6614 0.0000e+00
      2.125      0.021     0.1261      1.447     46.002  42.805018     2.5260      7.403   197.5505 2.3011e+01     9.2519      2.085      3.023    21.6231 0.0000e+00
      2.129      0.021     0.1277      1.462     46.011  42.770129     2.6462      7.403   197.6347 2.2897e+01     9.2500      2.088      3.029    21.5754 0.0000e+00
      2.134      0.021     0.1284      1.485     45.998  42.697507     2.8479      7.403   197.5779 2.2780e+01     9.2372      2.093      3.035    21.5482 0.0000e+00
      2.139      0.021     0.1267      1.514     45.977  42.625053     2.9508      7.403   197.5517 2.2639e+01     9.2682      2.097      3.042    21.5419 0.0000e+00
      2.145      0.022     0.1273      1.548     45.978  42.592199     2.9586      7.402   197.5766 2.2461e+01     9.3508      2.103      3.050    21.5330 0.0000e+00
      2.151      0.023     0.1287      1.574     45.963  42.554117     2.9748      7.401   197.5348 2.2281e+01    10.7483      2.110      3.060    21.4811 0.0000e+00
      2.158      0.024     0.1313      1.594     45.913  42.481926     2.9799      7.401   197.4765 2.2126e+01    13.3566      2.116      3.069    21.4008 0.0000e+00
      2.164      0.025     0.1337      1.623     45.883  42.417487     2.9623      7.400   197.4740 2.1961e+01    14.7211      2.122      3.078    21.3415 0.0000e+00
      2.169      0.025     0.1375      1.652     45.916  42.409657     2.9536      7.400   197.5043 2.1781e+01    14.9484      2.127      3.085    21.3092 0.0000e+00
      2.176      0.024     0.1400      1.662     45.984  42.450662     2.9756      7.400   197.5841 2.1610e+01    16.7200      2.133      3.094    21.2875 0.0000e+00
      2.184      0.023     0.1407      1.661     45.989  42.468944     3.0194      7.401   197.8369 2.1444e+01    19.9844      2.142      3.106    21.2633 0.0000e+00
      2.190      0.022     0.1440      1.678     45.915  42.440316     3.0334      7.401   198.0655 2.1300e+01    21.7264      2.148      3.116    21.2211 0.0000e+00
      2.195      0.021     0.1476      1.693     45.859  42.421938     3.0123      7.401   198.1109 2.1177e+01    21.7966      2.153      3.123    21.1700 0.0000e+00
      2.199      0.020     0.1488      1.692     45.942  42.500671     3.0053      7.400   198.1283 2.1055e+01    21.8920      2.157      3.129    21.1382 0.0000e+00
      2.204      0.019     0.1461      1.693     46.182  42.694091     3.0161      7.398   198.1041 2.0932e+01    23.5631      2.162      3.135    21.1536 0.0000e+00
      2.209      0.019     0.1491      1.682     46.547  42.983328     3.0340      7.398   198.0764 2.0797e+01    26.6637      2.165      3.141    21.2161 0.0000e+00
      2.214      0.020     0.1515      1.653     46.986  43.331911     3.0389      7.398   198.0509 2.0641e+01    28.3298      2.171      3.148    21.2627 0.0000e+00
      2.219      0.020     0.1489      1.625     47.409  43.671583     3.0173      7.399   197.9674 2.0482e+01    28.3363      2.176      3.157    21.2601 0.0000e+00
      2.225      0.020     0.1512      1.608     47.919  44.106936     2.9396      7.400   197.9275 2.0320e+01    27.8699      2.182      3.165    21.2279 0.0000e+00
      2.230      0.021     0.1501      1.588     48.679  44.787132     2.8146      7.399   197.9130 2.0137e+01    27.2003      2.188      3.173    21.1690 0.0000e+00
      2.235      0.021     0.1468      1.546     49.455  45.484534     2.7464      7.398   197.9642 1.9950e+01    26.8660      2.193      3.180    21.1049 0.0000e+00
      2.240      0.021     0.1443      1.509     49.832  45.810389     2.7304      7.398   198.1163 1.9768e+01    26.7318      2.196      3.187    21.0481 0.0000e+00
      2.245      0.020     0.1428      1.504     49.838  45.806907     2.6715      7.397   198.1172 1.9551e+01    25.8510      2.201      3.193    21.0082 0.0000e+00
      2.251      0.020     0.1432      1.504     49.777  45.759828     2.5830      7.397   198.0610 1.9322e+01    24.3124      2.208      3.202    20.9994 0.0000e+00
      2.257      0.020     0.1375      1.490     49.827  45.812511     2.5515      7.397   198.1254 1.9162e+01    23.4999      2.215      3.212    20.9856 0.0000e+00
      2.261      0.021     0.1328      1.477     50.175  46.126495     2.5654      7.397   198.1209 1.9032e+01    23.4394      2.218      3.218    20.9551 0.0000e+00
      2.266      0.021     0.1343      1.479     50.823  46.699456     2.5344      7.397   198.0934 1.8859e+01    22.9321      2.220      3.222    20.9412 0.0000e+00
      2.271      0.022     0.1349      1.483     51.434  47.217056     2.4598      7.397   198.1367 1.8650e+01    21.9095      2.226      3.229    20.9605 0.0000e+00
      2.277      0.023     0.1330      1.481     51.793  47.496382     2.4202      7.397   198.1288 1.8415e+01    21.3240      2.233      3.239    20.9738 0.0000e+00
      2.284      0.023     0.1307      1.477     51.876  47.537260     2.4226      7.396   198.0839 1.8161e+01    21.2841      2.240      3.249    20.9627 0.0000e+00
      2.291      0.022     0.1322      1.470     51.670  47.330338     2.4211      7.396   198.0236 1.7916e+01    21.1871      2.246      3.258    20.9498 0.0000e+00
      2.297      0.020     0.1329      1.459     51.399  47.089518     2.4030      7.395   198.0021 1.7700e+01    20.8682      2.253      3.267    20.8991 0.0000e+00
      2.302      0.016     0.1323      1.452     51.311  47.038003     2.3869      7.394   198.0816 1.7525e+01    20.6052      2.258      3.274    20.8369 0.0000e+00
      2.306      0.012     0.1323      1.446     51.346  47.088434     2.3845      7.394   198.1252 1.7398e+01    20.5358      2.262      3.281    20.8120 0.0000e+00
      2.309      0.011     0.1320      1.429     51.382  47.127944     2.4076      7.394   198.1852 1.7347e+01    20.6103      2.265      3.284    20.7838 0.0000e+00
      2.309      0.011     0.1303      1.419     51.591  47.325254     2.4501      7.394   198.3765 1.7355e+01    20.7880      2.264      3.284    20.7908 0.0000e+00
      2.309      0.014     0.1294      1.427     51.938  47.632982     2.4650      7.395   198.4587 1.7328e+01    20.9080      2.263      3.282    20.8399 0.0000e+00
      2.310      0.020     0.1303      1.431     51.833  47.483859     2.4544      7.396   198.4049 1.7165e+01    20.9002      2.265      3.284    20.8548 0.0000e+00
      2.315      0.027     0.1271      1.425     51.457  47.045817     2.4470      7.395   198.4154 1.6844e+01    20.8302      2.270      3.292    20.8523 0.0000e+00
      2.325      0.034     0.1261      1.431     51.553  47.034491     2.4755      7.394   198.4124 1.6457e+01    20.7794      2.279      3.306    20.8638 0.0000e+00
      2.337      0.039     0.1278      1.442     51.914  47.283307     2.5409      7.394   198.3694 1.6061e+01    20.7632      2.292      3.324    20.8689 0.0000e+00
      2.350      0.039     0.1289      1.438     52.016  47.324247     2.5799      7.394   198.3259 1.5696e+01    20.7711      2.305      3.343    20.8166 0.0000e+00
      2.363      0.036     0.1267      1.424     51.915  47.212007     2.5810      7.393   198.3164 1.5442e+01    20.7385      2.318      3.362    20.7074 0.0000e+00
      2.373      0.030     0.1283      1.406     51.821  47.132423     2.5710      7.392   198.4260 1.5317e+01    20.4717      2.329      3.377    20.6059 0.0000e+00
      2.378      0.023     0.1309      1.397     51.790  47.123846     2.5590      7.390   198.6191 1.5254e+01    20.1076      2.333      3.384    20.5261 0.0000e+00
      2.382      0.017     0.1292      1.383     51.823  47.171823     2.5600      7.390   198.7582 1.5201e+01    19.9909      2.335      3.388    20.4733 0.0000e+00
      2.384      0.015     0.1293      1.366     51.990  47.331618     2.5752      7.391   198.9030 1.5180e+01    19.9832      2.338      3.393    20.4573 0.0000e+00
      2.386      0.018     0.1256      1.371     52.290  47.595742     2.5842      7.391   199.1658 1.5192e+01    19.6377      2.340      3.394    20.4657 0.0000e+00
      2.387      0.024     0.1261      1.381     52.527  47.762358     2.5859      7.390   199.3538 1.5168e+01    19.0247      2.340      3.393    20.4919 0.0000e+00
