Data/DataNotYetUploadedToEDI/Raw_CTD/RawDownloads/071524_fcr50_S7809005.cnv
* Sea-Bird SBE19plus  Data File:
* FileName = C:\R\Reservoirs\Data\DataNotYetUploadedToEDI\Raw_CTD\RawDownloads\071524_fcr50_S7809_0005.hex
* Software version 2.8.0.119
* Temperature SN = 7809
* Conductivity SN = 7809
* System UpLoad Time = Jul 15 2024 16:23:55
* <ApplicationData>
* <Seaterm232>
# nquan = 15
# nvalues = 1163                        
# units = specified
# name 0 = depFM: Depth [fresh water, m]
# name 1 = dz/dtM: Descent Rate [m/s]
# name 2 = sbeox0Mg/L: Oxygen, SBE 43 [mg/l]
# name 3 = sbeox0PS: Oxygen, SBE 43 [% saturation]
# name 4 = specc: Specific Conductance [uS/cm]
# name 5 = c0uS/cm: Conductivity [uS/cm]
# name 6 = flECO-AFL: Fluorescence, WET Labs ECO-AFL/FL [mg/m^3]
# name 7 = ph: pH
# name 8 = orp: Oxidation Reduction Potential [mV]
# name 9 = par/sat/log: PAR/Logarithmic, Satlantic
# name 10 = turbWETntu0: Turbidity, WET Labs ECO [NTU]
# name 11 = prdM: Pressure, Strain Gauge [db]
# name 12 = prdE: Pressure, Strain Gauge [psi]
# name 13 = tv290C: Temperature [ITS-90, deg C]
# name 14 = flag:  0.000e+00
# span 0 =     -0.638,      6.229       
# span 1 =     -0.306,      0.137       
# span 2 =     0.1183,     8.6258       
# span 3 =      1.201,     95.070       
# span 4 =      3.125,     66.115       
# span 5 =   2.942147,  56.525892       
# span 6 =    -0.3622,    20.6490       
# span 7 =      7.026,      7.473       
# span 8 =   131.8651,   227.2181       
# span 9 = 1.2354e-01, 2.2518e+03       
# span 10 =    -0.3323,   298.4168      
# span 11 =     -0.627,      6.110      
# span 12 =     -0.910,      8.862      
# span 13 =    11.9053,    27.9110      
# span 14 = 0.0000e+00, 0.0000e+00      
# interval = seconds: 0.25
# start_time = Jul 15 2024 11:43:08 [Instrument's time stamp, header]
# bad_flag = -9.990e-29
*END*
[from data line 97]
      0.097      0.009     5.7294     71.989     42.211  44.328994     2.3568      7.287   134.9853 6.0305e+02    13.8397      0.095      0.138    27.5098 0.0000e+00
      0.100      0.009     5.7090     71.985     42.231  44.347446     2.3603      7.288   135.1849 5.8272e+02    13.8765      0.098      0.141    27.5066 0.0000e+00
      0.103      0.009     5.6913     71.913     42.216  44.330243     2.3766      7.290   135.3763 5.4044e+02    13.9119      0.101      0.146    27.5035 0.0000e+00
      0.106      0.008     5.6815     71.807     42.198  44.311419     2.3881      7.291   135.5786 5.2433e+02    13.8238      0.104      0.151    27.5023 0.0000e+00
      0.108      0.007     5.6838     71.752     42.198  44.310265     2.3744      7.293   135.7385 5.4727e+02    13.6993      0.106      0.154    27.5023 0.0000e+00
      0.109      0.005     5.6872     71.781     42.205  44.316300     2.3599      7.294   135.5888 5.6194e+02    13.6356      0.107      0.155    27.4994 0.0000e+00
      0.109      0.004     5.6802     71.875     42.213  44.320902     2.3795      7.295   135.2318 5.3914e+02    13.7710      0.107      0.155    27.4961 0.0000e+00
      0.110      0.002     5.6684     71.994     42.199  44.302432     2.4281      7.296   135.0352 5.1797e+02    14.0727      0.108      0.156    27.4964 0.0000e+00
      0.111      0.001     5.6636     72.107     42.182  44.283389     2.4567      7.297   135.1044 5.3460e+02    14.1750      0.109      0.158    27.4973 0.0000e+00
      0.111      0.001     5.6666     72.205     42.181  44.281080     2.4508      7.298   135.2084 5.8715e+02    14.0850      0.110      0.159    27.4952 0.0000e+00
      0.111      0.000     5.6757     72.232     42.176  44.274521     2.4402      7.301   135.0870 6.3096e+02    14.0445      0.109      0.157    27.4897 0.0000e+00
      0.111 1.5085e-08     5.6872     72.109     42.171  44.267554     2.4374      7.302   134.9283 6.1727e+02    14.0946      0.108      0.156    27.4842 0.0000e+00
      0.111 1.6594e-07     5.6953     71.822     42.166  44.260310     2.4415      7.302   134.9239 6.0152e+02    14.1780      0.109      0.157    27.4831 0.0000e+00
      0.111 -2.439e-07     5.7047     71.390     42.160  44.250409     2.4479      7.303   135.1204 6.3134e+02    14.1648      0.109      0.157    27.4834 0.0000e+00
      0.111      0.000     5.7106     70.854     42.128  44.211313     2.4484      7.305   135.4969 6.2717e+02    14.0375      0.109      0.157    27.4812 0.0000e+00
      0.111      0.000     5.7005     70.269     42.034  44.104971     2.4392      7.306   135.7774 5.7534e+02    13.9366      0.109      0.157    27.4780 0.0000e+00
      0.111     -0.001     5.6779     69.669     41.928  43.980223     2.4357      7.307   135.8439 5.3673e+02    13.9360      0.109      0.158    27.4761 0.0000e+00
      0.110     -0.002     5.6430     69.064     41.877  43.908987     2.4485      7.309   135.7849 5.2069e+02    13.9617      0.108      0.157    27.4726 0.0000e+00
      0.110     -0.003     5.5992     68.475     41.863  43.878372     2.4606      7.310   135.7523 5.3599e+02    13.9401      0.108      0.156    27.4666 0.0000e+00
      0.109     -0.004     5.5526     67.907     41.863  43.863937     2.4740      7.311   135.7938 5.7377e+02    13.9491      0.108      0.156    27.4590 0.0000e+00
      0.108     -0.005     5.5075     67.378     41.872  43.861367     2.4935      7.313   135.8562 5.9079e+02    14.0354      0.105      0.153    27.4425 0.0000e+00
      0.106     -0.005     5.4606     66.930     41.869  43.847285     2.4967      7.315   135.9051 5.8651e+02    14.1289      0.103      0.150    27.4190 0.0000e+00
      0.104     -0.004     5.4160     66.536     41.852  43.820608     2.4966      7.316   135.8685 5.9026e+02    14.1921      0.102      0.148    27.3990 0.0000e+00
      0.103     -0.003     5.3732     66.166     41.834  43.792702     2.4753      7.317   135.7581 5.9711e+02    14.1156      0.101      0.147    27.3824 0.0000e+00
      0.103     -0.002     5.3293     65.797     41.814  43.763756     2.4218      7.319   135.6887 6.0151e+02    13.9216      0.101      0.146    27.3674 0.0000e+00
      0.102     -0.001     5.2977     65.395     41.785  43.724499     2.3918      7.321   135.6316 6.4647e+02    13.8282      0.100      0.145    27.3552 0.0000e+00
      0.102     -0.000     5.2680     64.955     41.770  43.698879     2.3786      7.322   135.5843 6.8659e+02    13.8745      0.100      0.146    27.3451 0.0000e+00
      0.103      0.001     5.2393     64.481     41.788  43.707869     2.4034      7.323   135.6325 6.3600e+02    14.0026      0.101      0.146    27.3352 0.0000e+00
      0.103      0.002     5.2135     63.988     41.794  43.706225     2.4665      7.324   135.6982 5.6923e+02    14.1136      0.101      0.147    27.3251 0.0000e+00
      0.103      0.003     5.1813     63.492     41.774  43.678995     2.5012      7.324   135.8625 5.4522e+02    14.1240      0.101      0.147    27.3142 0.0000e+00
      0.103      0.003     5.1485     62.994     41.735  43.632517     2.5070      7.325   136.1567 5.4279e+02    14.0940      0.101      0.147    27.3025 0.0000e+00
      0.104      0.003     5.1111     62.504     41.700  43.588557     2.4857      7.326   136.3297 5.5488e+02    14.0918      0.102      0.149    27.2915 0.0000e+00
      0.106      0.003     5.0720     62.015     41.711  43.591786     2.4597      7.327   136.3189 5.5599e+02    14.1313      0.105      0.152    27.2816 0.0000e+00
      0.108      0.003     5.0344     61.510     41.735  43.608076     2.4516      7.328   136.1984 5.3763e+02    14.1276      0.106      0.154    27.2738 0.0000e+00
      0.108      0.002     4.9942     61.003     41.730  43.595085     2.4461      7.329   136.0779 5.2959e+02    14.1153      0.106      0.154    27.2669 0.0000e+00
      0.108      0.001     4.9568     60.523     41.705  43.561651     2.4425      7.330   136.0658 5.6089e+02    14.0856      0.106      0.154    27.2583 0.0000e+00
      0.108      0.001     4.9197     60.081     41.674  43.521178     2.4412      7.332   136.0526 6.0206e+02    13.9741      0.106      0.153    27.2481 0.0000e+00
      0.109      0.001     4.8800     59.670     41.648  43.486558     2.4477      7.333   136.0045 6.0664e+02    13.9631      0.107      0.154    27.2381 0.0000e+00
      0.109      0.001     4.8393     59.285     41.630  43.460409     2.4542      7.334   135.9996 5.9439e+02    13.9860      0.107      0.155    27.2288 0.0000e+00
      0.109      0.002     4.8017     58.907     41.635  43.458893     2.4451      7.334   136.0793 6.0951e+02    13.9092      0.106      0.154    27.2195 0.0000e+00
      0.110      0.002     4.7682     58.546     41.650  43.468225     2.4459      7.334   136.2798 6.1719e+02    13.8885      0.107      0.156    27.2102 0.0000e+00
      0.111      0.002     4.7356     58.217     41.636  43.446288     2.4800      7.335   136.4461 5.7813e+02    13.9747      0.109      0.158    27.2014 0.0000e+00
      0.111      0.001     4.7075     57.913     41.643  43.447525     2.5086      7.336   136.5412 5.5619e+02    14.0642      0.109      0.158    27.1929 0.0000e+00
      0.112      0.001     4.6774     57.637     41.683  43.483177     2.5091      7.337   136.5690 5.6439e+02    14.0822      0.110      0.159    27.1843 0.0000e+00
      0.112      0.000     4.6482     57.379     41.702  43.496505     2.4932      7.338   136.4381 5.7068e+02    14.0557      0.110      0.159    27.1758 0.0000e+00
      0.111      0.000     4.6243     57.140     41.692  43.481714     2.4586      7.339   136.2496 6.1533e+02    14.0507      0.108      0.157    27.1673 0.0000e+00
      0.110      0.000     4.5997     56.933     41.649  43.431277     2.4316      7.340   136.1824 6.6778e+02    14.0892      0.107      0.156    27.1592 0.0000e+00
      0.110      0.001     4.5791     56.738     41.619  43.394452     2.4329      7.342   136.2277 6.6101e+02    14.1459      0.108      0.156    27.1517 0.0000e+00
      0.111      0.002     4.5594     56.524     41.646  43.417294     2.4494      7.344   136.1948 6.3407e+02    14.1909      0.109      0.158    27.1453 0.0000e+00
      0.112      0.005     4.5395     56.304     41.686  43.453568     2.4729      7.345   136.1286 6.2667e+02    14.2571      0.109      0.158    27.1397 0.0000e+00
      0.113      0.007     4.5247     56.114     41.690  43.452188     2.4841      7.346   136.2021 6.2917e+02    14.2976      0.110      0.160    27.1333 0.0000e+00
      0.114      0.009     4.5112     55.959     41.644  43.400599     2.4766      7.346   136.3090 6.2729e+02    14.3048      0.111      0.162    27.1267 0.0000e+00
      0.117      0.011     4.4938     55.805     41.587  43.337582     2.4662      7.346   136.3890 6.1676e+02    14.2414      0.113      0.165    27.1204 0.0000e+00
      0.121      0.011     4.4759     55.634     41.577  43.324982     2.4492      7.346   136.5665 5.9641e+02    14.0433      0.119      0.172    27.1135 0.0000e+00
      0.126      0.010     4.4605     55.452     41.629  43.375188     2.4382      7.346   136.8205 5.6231e+02    13.9244      0.125      0.180    27.1071 0.0000e+00
      0.129      0.008     4.4504     55.274     41.692  43.436830     2.4420      7.346   137.1369 5.2742e+02    13.9322      0.127      0.185    27.1024 0.0000e+00
      0.130      0.005     4.4391     55.152     41.693  43.435560     2.4441      7.346   137.3807 5.0409e+02    14.0004      0.127      0.184    27.0988 0.0000e+00
      0.129      0.002     4.4246     55.090     41.621  43.359820     2.4471      7.347   137.3590 5.0483e+02    14.1341      0.126      0.183    27.0955 0.0000e+00
      0.129      0.000     4.4118     55.058     41.549  43.282740     2.4452      7.350   137.2187 5.3448e+02    14.1822      0.126      0.182    27.0915 0.0000e+00
      0.129     -0.002     4.3944     55.019     41.534  43.265251     2.4458      7.352   137.1476 5.8047e+02    14.1384      0.127      0.183    27.0858 0.0000e+00
      0.129     -0.002     4.3858     54.940     41.548  43.275306     2.4540      7.353   137.1871 6.0877e+02    14.1168      0.127      0.184    27.0824 0.0000e+00
      0.128     -0.002     4.3820     54.830     41.554  43.277363     2.4786      7.354   137.2669 5.9007e+02    14.1936      0.125      0.182    27.0823 0.0000e+00
      0.127     -0.002     4.3798     54.692     41.572  43.290121     2.5346      7.353   137.4244 5.5048e+02    14.3843      0.124      0.180    27.0807 0.0000e+00
      0.125     -0.002     4.3797     54.542     41.589  43.302606     2.5727      7.353   137.7134 5.4098e+02    14.4752      0.123      0.178    27.0771 0.0000e+00
      0.125     -0.002     4.3714     54.420     41.593  43.301370     2.5733      7.353   137.9228 5.6665e+02    14.4390      0.123      0.178    27.0726 0.0000e+00
      0.125     -0.002     4.3643     54.327     41.571  43.275162     2.5754      7.354   137.9764 5.8190e+02    14.3561      0.122      0.178    27.0669 0.0000e+00
      0.125     -0.003     4.3533     54.244     41.541  43.239613     2.5900      7.356   138.0182 5.7066e+02    14.2248      0.122      0.177    27.0601 0.0000e+00
      0.125     -0.004     4.3400     54.140     41.557  43.252382     2.6092      7.358   137.9982 5.4041e+02    14.1834      0.123      0.179    27.0528 0.0000e+00
      0.125     -0.006     4.3313     54.018     41.608  43.302598     2.6237      7.358   137.8199 5.2632e+02    14.1631      0.124      0.179    27.0467 0.0000e+00
      0.123     -0.008     4.3245     53.941     41.645  43.338987     2.5997      7.359   137.6694 5.3989e+02    14.0473      0.121      0.175    27.0424 0.0000e+00
      0.119     -0.009     4.3193     53.936     41.620  43.311520     2.5342      7.360   137.7279 5.2765e+02    13.9111      0.117      0.169    27.0380 0.0000e+00
      0.115     -0.009     4.3123     53.965     41.535  43.224382     2.4895      7.362   137.9241 5.0433e+02    13.8480      0.112      0.162    27.0343 0.0000e+00
      0.112     -0.008     4.2994     53.958     41.485  43.174021     2.4923      7.363   138.0621 5.2110e+02    13.8651      0.109      0.159    27.0300 0.0000e+00
      0.112     -0.005     4.2931     53.886     41.518  43.210387     2.5019      7.363   138.1069 5.5673e+02    13.8781      0.109      0.159    27.0257 0.0000e+00
      0.112     -0.001     4.2941     53.796     41.588  43.283259     2.4970      7.363   138.2075 5.5638e+02    13.8692      0.110      0.160    27.0256 0.0000e+00
      0.111      0.003     4.2983     53.713     41.598  43.293436     2.4910      7.362   138.4178 5.4281e+02    13.8606      0.109      0.157    27.0272 0.0000e+00
      0.110      0.007     4.2998     53.650     41.513  43.206499     2.4879      7.361   138.5848 5.8267e+02    13.8762      0.106      0.154    27.0292 0.0000e+00
      0.112      0.009     4.2902     53.587     41.429  43.120715     2.5175      7.362   138.5928 6.5549e+02    14.0577      0.108      0.157    27.0320 0.0000e+00
      0.117      0.011     4.2838     53.472     41.451  43.144841     2.5741      7.362   138.6860 6.6913e+02    14.3132      0.115      0.167    27.0316 0.0000e+00
      0.123      0.011     4.2761     53.356     41.790  43.498196     2.6075      7.362   138.9370 6.1198e+02    14.3689      0.121      0.177    27.0312 0.0000e+00
      0.126      0.010     4.2711     53.757     42.400  44.155963     2.6126      7.364   139.0465 5.7665e+02    14.3214      0.124      0.180    27.0342 0.0000e+00
      0.128      0.006     4.2690     56.123     42.772  44.623533     2.6109      7.364   138.9774 5.7025e+02    14.2849      0.125      0.181    27.0353 0.0000e+00
      0.129      0.001     4.2588     61.763     42.797  44.771928     2.6209      7.365   138.9619 5.5918e+02    14.2358      0.126      0.183    27.0371 0.0000e+00
      0.129     -0.002     4.2428     69.864     42.730  44.807813     2.6249      7.366   139.0314 5.5396e+02    14.1716      0.127      0.184    27.0342 0.0000e+00
      0.128     -0.003     4.2309     78.235     42.666  44.803687     2.6170      7.367   139.0438 5.3953e+02    14.1231      0.125      0.182    27.0340 0.0000e+00
      0.125     -0.003     4.3483     85.313     42.620  44.785608     2.6085      7.369   138.9394 5.3315e+02    14.1283      0.122      0.177    27.1306 0.0000e+00
      0.121     -0.002     4.8139     90.459     42.604  44.779705     2.5979      7.369   138.8010 5.6938e+02    14.0973      0.118      0.172    27.3159 0.0000e+00
      0.120      0.000     5.5253     93.649     42.619  44.795808     2.6044      7.369   138.8339 6.2290e+02    14.0225      0.117      0.170    27.4482 0.0000e+00
      0.122      0.002     6.2158     95.070     42.619  44.789877     2.6208      7.369   138.9922 6.4277e+02    13.9753      0.119      0.173    27.5094 0.0000e+00
      0.125      0.003     6.7897     94.907     42.607  44.771456     2.6296      7.369   139.0802 6.5504e+02    13.9705      0.123      0.178    27.5414 0.0000e+00
      0.128      0.003     7.1904     93.562     42.603  44.763501     2.6521      7.370   139.1245 6.5476e+02    13.9990      0.126      0.182    27.5516 0.0000e+00
      0.128      0.002     7.4353     91.730     42.598  44.757172     2.6852      7.370   139.2685 5.9104e+02    14.0456      0.126      0.183    27.5482 0.0000e+00
      0.127      0.001     7.5465     90.032     42.599  44.758404     2.7138      7.370   139.5314 5.3304e+02    14.1241      0.125      0.181    27.5407 0.0000e+00
      0.126      0.000     7.5251     88.750     42.614  44.778389     2.7394      7.369   139.8084 5.1851e+02    14.1979      0.124      0.179    27.5335 0.0000e+00
      0.126      0.000     7.3966     87.891     42.639  44.808390     2.7371      7.369   139.9509 5.1318e+02    14.1863      0.124      0.179    27.5291 0.0000e+00
