Data/DataNotYetUploadedToEDI/Raw_CTD/RawDownloads/071524_bvr50_S8188001.cnv
* Sea-Bird SBE19plus  Data File:
* FileName = C:\R\Reservoirs\Data\DataNotYetUploadedToEDI\Raw_CTD\RawDownloads\071524_bvr50_S8188_0001.hex
* Software version 2.8.0.119
* Temperature SN = 8188
* Conductivity SN = 8188
* System UpLoad Time = Jul 15 2024 16:45:14
* <ApplicationData>
* <Seaterm232>
# nquan = 16
# nvalues = 2108                        
# units = specified
# name 0 = depFM: Depth [fresh water, m]
# name 1 = dz/dtM: Descent Rate [m/s]
# name 2 = sbeox0Mg/L: Oxygen, SBE 43 [mg/l]
# name 3 = sbeox0PS: Oxygen, SBE 43 [% saturation]
# name 4 = specc: Specific Conductance [uS/cm]
# name 5 = c0uS/cm: Conductivity [uS/cm]
# name 6 = wetCDOM: Fluorescence, WET Labs CDOM [mg/m^3]
# name 7 = flECO-AFL: Fluorescence, WET Labs ECO-AFL/FL [mg/m^3]
# name 8 = flECO-AFL1: Fluorescence, WET Labs ECO-AFL/FL, 2 [mg/m^3]
# name 9 = flECO-AFL2: Fluorescence, WET Labs ECO-AFL/FL, 3 [mg/m^3]
# name 10 = par/sat/log: PAR/Logarithmic, Satlantic
# name 11 = turbWETntu0: Turbidity, WET Labs ECO [NTU]
# name 12 = prdM: Pressure, Strain Gauge [db]
# name 13 = prdE: Pressure, Strain Gauge [psi]
# name 14 = tv290C: Temperature [ITS-90, deg C]
# name 15 = flag:  0.000e+00
# span 0 =     -0.713,      9.369       
# span 1 =     -0.289,      0.162       
# span 2 =     0.0126,    10.7198       
# span 3 =      0.129,    137.687       
# span 4 =     -0.027,    128.237       
# span 5 =  -0.028466,  90.210859       
# span 6 =    -4.5000,    52.2900       
# span 7 =    -0.2846,    84.1131       
# span 8 =    -2.1300,     2.1726       
# span 9 =    -2.0304,    16.0317       
# span 10 = 1.1575e-01, 2.7723e+03      
# span 11 =    -1.1555,    79.8150      
# span 12 =     -0.699,      9.188      
# span 13 =     -1.014,     13.326      
# span 14 =    10.1614,    28.2994      
# span 15 = 0.0000e+00, 0.0000e+00      
# interval = seconds: 0.25
# start_time = Jul 15 2024 09:35:12 [Instrument's time stamp, header]
# bad_flag = -9.990e-29
*END*
[from data line 1899]
      6.387     -0.102     0.0497      0.472     90.495  64.426789    42.0300     1.4931     0.0426     2.2842 1.1587e-01     2.4549      6.264      9.084    10.6164 0.0000e+00
      6.363     -0.104     0.0505      0.475     90.509  64.432372    42.0300     1.4702     0.0426     2.2842 1.1597e-01     2.5305      6.240      9.051    10.6088 0.0000e+00
      6.339     -0.109     0.0513      0.478     90.457  64.395127    42.0300     1.4778     0.0426     2.2842 1.1602e-01     2.5305      6.216      9.016    10.6030 0.0000e+00
      6.312     -0.116     0.0519      0.479     90.365  64.333049    42.1200     1.4817     0.0852     2.3688 1.1600e-01     2.4398      6.190      8.977    10.5983 0.0000e+00
      6.281     -0.125     0.0525      0.474     90.252  64.259511    42.1200     1.3100     0.0852     2.3688 1.1600e-01     2.0320      6.160      8.934    10.5943 0.0000e+00
      6.247     -0.133     0.0529      0.467     90.081  64.146923    42.1200     1.3024     0.0852     2.3688 1.1602e-01     2.0169      6.126      8.885    10.5918 0.0000e+00
      6.210     -0.141     0.0532      0.462     89.802  63.959276    42.1200     1.2947     0.0852     2.3688 1.2005e-01     2.1226      6.090      8.833    10.5918 0.0000e+00
      6.172     -0.148     0.0533      0.456     89.456  63.726330    42.1200     1.2871     0.0852     2.3688 1.1875e-01     2.1377      6.053      8.779    10.5939 0.0000e+00
      6.133     -0.154     0.0528      0.445     89.070  63.467758    41.9400     1.3710     0.0852     2.3688 1.1602e-01     2.2132      6.015      8.724    10.5978 0.0000e+00
      6.094     -0.159     0.0519      0.435     88.566  63.128572    41.9400     1.3253     0.0852     2.3688 1.2909e-01     2.1226      5.976      8.668    10.6028 0.0000e+00
      6.053     -0.164     0.0515      0.423     87.928  62.698119    41.9400     1.3710     0.0852     2.3688 1.3192e-01     2.0773      5.936      8.610    10.6089 0.0000e+00
      6.011     -0.168     0.0507      0.416     87.266  62.255112    41.9400     1.3710     0.0852     2.3688 1.6063e-01     2.0773      5.895      8.550    10.6165 0.0000e+00
      5.968     -0.172     0.0495      0.416     86.685  61.874908    41.7600     1.3596     0.0426     2.1996 1.5595e-01     2.0169      5.852      8.488    10.6260 0.0000e+00
      5.922     -0.174     0.0483      0.420     86.220  61.577802    41.7600     1.3520     0.0426     2.1996 1.9583e-01     2.1377      5.808      8.424    10.6375 0.0000e+00
      5.876     -0.174     0.0471      0.424     85.866  61.358369    41.7600     1.3596     0.0426     2.1996 2.3669e-01     2.1226      5.762      8.358    10.6513 0.0000e+00
      5.830     -0.171     0.0462      0.431     85.591  61.190009    41.7600     1.3596     0.0426     2.1996 2.6854e-01     2.0622      5.717      8.292    10.6681 0.0000e+00
      5.786     -0.166     0.0462      0.438     85.300  61.005887    41.7600     1.4206     0.0426     2.2419 2.6374e-01     1.7903      5.674      8.229    10.6875 0.0000e+00
      5.744     -0.158     0.0466      0.442     84.944  60.772860    41.7600     1.4283     0.0426     2.2419 3.0989e-01     1.8507      5.633      8.169    10.7080 0.0000e+00
      5.704     -0.149     0.0471      0.444     84.561  60.518549    41.7600     1.4244     0.0426     2.2419 3.1491e-01     1.9111      5.594      8.112    10.7271 0.0000e+00
      5.667     -0.139     0.0479      0.448     84.257  60.320741    41.7600     1.3939     0.0426     2.2419 3.2478e-01     1.8507      5.557      8.060    10.7434 0.0000e+00
      5.633     -0.131     0.0486      0.453     84.092  60.220434    41.7600     1.5923     0.0426     2.2419 3.2162e-01     1.8205      5.524      8.011    10.7575 0.0000e+00
      5.602     -0.123     0.0490      0.458     83.979  60.152983    42.3900     1.6152     0.0852     2.2842 3.3019e-01     1.7298      5.494      7.968    10.7700 0.0000e+00
      5.574     -0.118     0.0493      0.463     83.852  60.070484    42.3900     1.6114     0.0852     2.2842 3.4553e-01     1.8205      5.466      7.927    10.7818 0.0000e+00
      5.546     -0.115     0.0497      0.466     83.740  59.996812    42.3900     1.6037     0.0852     2.2842 3.4306e-01     1.7903      5.439      7.888    10.7935 0.0000e+00
      5.517     -0.112     0.0501      0.467     83.662  59.946229    42.3900     1.4702     0.0852     2.2842 3.3372e-01     1.5335      5.411      7.847    10.8040 0.0000e+00
      5.488     -0.109     0.0507      0.467     83.523  59.849399    42.9300     1.4817     0.0426     2.3688 4.3295e-01     1.5183      5.382      7.805    10.8117 0.0000e+00
      5.458     -0.105     0.0513      0.465     83.285  59.680498    42.9300     1.4855     0.0426     2.3688 4.4256e-01     1.5939      5.353      7.763    10.8169 0.0000e+00
      5.431     -0.099     0.0515      0.463     83.078  59.534103    42.9300     1.4778     0.0426     2.3688 4.7951e-01     1.6543      5.326      7.724    10.8208 0.0000e+00
      5.406     -0.094     0.0517      0.461     82.955  59.448963    42.9300     1.5313     0.0426     2.3688 4.6021e-01     1.7449      5.302      7.689    10.8238 0.0000e+00
      5.385     -0.089     0.0517      0.457     82.891  59.406362    43.4700     1.5541     0.0852     2.3688 4.5366e-01     1.8960      5.281      7.659    10.8254 0.0000e+00
      5.365     -0.087     0.0515      0.455     82.898  59.414886    43.4700     1.5427     0.0852     2.3688 4.2669e-01     1.8960      5.261      7.631    10.8263 0.0000e+00
      5.345     -0.088     0.0513      0.454     82.975  59.472817    43.4700     1.5541     0.0852     2.3688 4.5307e-01     1.8809      5.242      7.603    10.8276 0.0000e+00
      5.324     -0.093     0.0510      0.454     83.061  59.535771    43.4700     1.4130     0.0852     2.3688 4.7982e-01     2.0773      5.221      7.572    10.8295 0.0000e+00
      5.301     -0.101     0.0506      0.454     83.077  59.548733    44.9100     1.4283     0.1278     2.2842 4.6312e-01     2.1377      5.198      7.539    10.8316 0.0000e+00
      5.274     -0.110     0.0503      0.454     82.971  59.475270    44.9100     1.4168     0.1278     2.2842 4.8003e-01     2.0924      5.172      7.501    10.8335 0.0000e+00
      5.245     -0.120     0.0502      0.454     82.669  59.265873    44.9100     1.4130     0.1278     2.2842 5.4914e-01     2.0169      5.143      7.460    10.8350 0.0000e+00
      5.212     -0.130     0.0502      0.456     82.125  58.890631    44.9100     1.4778     0.1278     2.2842 5.5081e-01     1.8205      5.112      7.413    10.8361 0.0000e+00
      5.177     -0.139     0.0502      0.455     81.334  58.347211    44.9100     1.4817     0.1278     2.2842 6.1243e-01     1.8960      5.077      7.364    10.8370 0.0000e+00
      5.140     -0.148     0.0502      0.452     80.216  57.580454    44.5500     1.4664     0.0852     2.4111 6.2561e-01     1.8960      5.041      7.311    10.8390 0.0000e+00
      5.101     -0.155     0.0502      0.450     78.944  56.714946    44.5500     1.4893     0.0852     2.4111 6.9454e-01     1.7903      5.003      7.256    10.8438 0.0000e+00
      5.060     -0.161     0.0504      0.446     77.810  55.954639    44.5500     1.5656     0.0852     2.4111 7.7544e-01     1.8960      4.962      7.197    10.8530 0.0000e+00
      5.018     -0.167     0.0503      0.440     76.587  55.130702    44.5500     1.5541     0.0852     2.4111 8.7654e-01     1.7903      4.921      7.137    10.8684 0.0000e+00
      4.974     -0.172     0.0500      0.432     75.231  54.210851    43.9200     1.5351     0.1278     2.2842 9.4869e-01     1.8205      4.878      7.075    10.8912 0.0000e+00
      4.930     -0.177     0.0497      0.422     74.175  53.510109    43.9200     1.5351     0.1278     2.2842 9.4786e-01     1.9111      4.835      7.012    10.9217 0.0000e+00
      4.885     -0.180     0.0492      0.411     73.449  53.041017    43.9200     1.6648     0.1278     2.2842 1.0023e+00     1.6241      4.790      6.948    10.9571 0.0000e+00
      4.838     -0.181     0.0485      0.402     72.743  52.576801    43.9200     1.6686     0.1278     2.2842 1.1137e+00     1.5637      4.744      6.881    10.9933 0.0000e+00
      4.789     -0.180     0.0476      0.395     71.888  51.997660    45.5400     1.6419     0.0852     2.2842 1.2477e+00     1.5637      4.697      6.812    11.0310 0.0000e+00
      4.741     -0.177     0.0465      0.392     70.834  51.274766    45.5400     1.6800     0.0852     2.2842 1.4657e+00     1.6090      4.649      6.743    11.0710 0.0000e+00
      4.696     -0.173     0.0452      0.394     69.646  50.458585    45.5400     2.0157     0.0852     2.2842 1.4785e+00     2.2283      4.605      6.678    11.1083 0.0000e+00
      4.653     -0.169     0.0442      0.400     68.411  49.614572    45.5400     2.0234     0.0852     2.2842 1.4715e+00     2.1377      4.563      6.618    11.1394 0.0000e+00
      4.613     -0.168     0.0434      0.407     67.244  48.824663    48.8700     2.0691     0.0852     2.1573 1.4931e+00     2.2888      4.524      6.562    11.1668 0.0000e+00
      4.574     -0.169     0.0430      0.413     66.306  48.205144    48.8700     2.0577     0.0852     2.1573 1.4686e+00     2.2586      4.485      6.505    11.1949 0.0000e+00
      4.532     -0.173     0.0432      0.419     65.552  47.716397    48.8700     2.1302     0.0852     2.1573 1.5325e+00     1.7449      4.445      6.446    11.2268 0.0000e+00
      4.488     -0.179     0.0438      0.423     64.707  47.156332    48.8700     2.1073     0.0852     2.1573 1.6518e+00     1.8356      4.401      6.383    11.2639 0.0000e+00
      4.440     -0.184     0.0445      0.425     63.783  46.537047    48.8700     2.1149     0.0852     2.1573 1.8717e+00     1.8658      4.354      6.315    11.3064 0.0000e+00
      4.390     -0.186     0.0451      0.424     63.043  46.052185    49.3200     2.0997     0.1278     2.2842 2.0680e+00     1.7903      4.305      6.244    11.3523 0.0000e+00
      4.339     -0.183     0.0457      0.422     62.415  45.644216    49.3200     2.4468     0.1278     2.2842 2.3008e+00     2.2888      4.255      6.172    11.3975 0.0000e+00
      4.290     -0.174     0.0462      0.424     61.799  45.240222    49.3200     2.4659     0.1278     2.2842 2.7204e+00     2.2435      4.207      6.101    11.4397 0.0000e+00
      4.244     -0.162     0.0464      0.427     61.319  44.933776    49.3200     2.4659     0.1278     2.2842 2.9265e+00     2.2132      4.162      6.036    11.4817 0.0000e+00
      4.204     -0.147     0.0462      0.429     60.970  44.718900    47.9700     2.4582     0.1278     2.7918 2.9031e+00     2.1679      4.123      5.980    11.5249 0.0000e+00
      4.170     -0.133     0.0460      0.430     60.705  44.558226    47.9700     2.5002     0.1278     2.7918 2.9488e+00     2.4701      4.090      5.931    11.5653 0.0000e+00
      4.141     -0.121     0.0461      0.434     60.601  44.510549    47.9700     2.5307     0.1278     2.7918 2.9882e+00     2.6664      4.061      5.889    11.6026 0.0000e+00
      4.114     -0.113     0.0464      0.440     60.738  44.630919    47.9700     2.5231     0.1278     2.7918 3.0064e+00     2.5909      4.034      5.851    11.6388 0.0000e+00
      4.089     -0.111     0.0466      0.445     60.971  44.807937    42.7500     2.5307     0.0852     3.6801 2.9610e+00     2.5305      4.010      5.815    11.6715 0.0000e+00
      4.063     -0.113     0.0467      0.448     61.095  44.893491    42.7500     2.3247     0.0852     3.6801 2.8949e+00     2.0320      3.985      5.780    11.6992 0.0000e+00
      4.036     -0.119     0.0470      0.453     61.161  44.934314    42.7500     2.3438     0.0852     3.6801 2.9688e+00     2.0773      3.958      5.741    11.7223 0.0000e+00
      4.005     -0.125     0.0476      0.462     61.283  45.017028    42.7500     2.3591     0.0852     3.6801 3.2539e+00     2.0320      3.928      5.696    11.7382 0.0000e+00
      3.970     -0.130     0.0482      0.473     61.454  45.133793    42.7500     2.3514     0.0852     3.6801 3.8340e+00     2.0773      3.893      5.647    11.7429 0.0000e+00
      3.933     -0.133     0.0485      0.484     61.635  45.255955    42.1200     2.4125     0.1278     3.2994 4.2964e+00     2.2737      3.857      5.594    11.7383 0.0000e+00
      3.896     -0.133     0.0491      0.494     61.782  45.352311    42.1200     2.3858     0.1278     3.2994 4.7801e+00     2.3190      3.821      5.542    11.7316 0.0000e+00
      3.861     -0.129     0.0501      0.501     61.875  45.410687    42.1200     2.3819     0.1278     3.2994 4.8640e+00     2.3039      3.787      5.492    11.7258 0.0000e+00
      3.830     -0.125     0.0513      0.504     61.885  45.412766    42.1200     2.4163     0.1278     3.2994 4.9096e+00     2.3643      3.756      5.447    11.7190 0.0000e+00
      3.800     -0.122     0.0525      0.502     61.743  45.309273    43.2900     2.6032     0.0852     3.3840 5.0088e+00     2.4096      3.727      5.405    11.7102 0.0000e+00
      3.771     -0.120     0.0536      0.495     61.451  45.104500    43.2900     2.6070     0.0852     3.3840 5.1188e+00     2.5607      3.698      5.364    11.7009 0.0000e+00
      3.742     -0.121     0.0544      0.480     61.125  44.883359    43.2900     2.5803     0.0852     3.3840 5.2609e+00     2.5154      3.670      5.323    11.6932 0.0000e+00
      3.712     -0.124     0.0547      0.462     60.846  44.704470    43.2900     2.6108     0.0852     3.3840 5.4446e+00     2.5003      3.640      5.280    11.6889 0.0000e+00
      3.680     -0.128     0.0545      0.446     60.517  44.490236    41.5800     2.5689     0.1278     3.3417 5.6778e+00     2.4852      3.609      5.234    11.6899 0.0000e+00
      3.646     -0.133     0.0537      0.428     59.926  44.085867    41.5800     2.5803     0.1278     3.3417 5.9159e+00     2.4852      3.576      5.186    11.6978 0.0000e+00
      3.612     -0.140     0.0521      0.412     59.012  43.457273    41.5800     2.5918     0.1278     3.3417 6.3571e+00     2.4247      3.542      5.137    11.7134 0.0000e+00
      3.576     -0.147     0.0501      0.402     57.969  42.755705    41.5800     2.6146     0.1278     3.3417 6.5392e+00     2.6060      3.507      5.087    11.7350 0.0000e+00
      3.539     -0.154     0.0483      0.395     56.986  42.114938    46.4400     2.5574     0.0852     3.4686 7.0483e+00     2.5456      3.470      5.033    11.7586 0.0000e+00
      3.498     -0.160     0.0464      0.387     56.053  41.515562    46.4400     2.5422     0.0852     3.4686 9.1919e+00     2.4701      3.431      4.976    11.7854 0.0000e+00
      3.455     -0.165     0.0446      0.380     55.221  40.989044    46.4400     2.5155     0.0852     3.4686 1.1211e+01     2.4701      3.389      4.914    11.8243 0.0000e+00
      3.410     -0.166     0.0435      0.377     54.610  40.620153    46.4400     2.5155     0.0852     3.4686 1.2949e+01     2.5909      3.345      4.851    11.8828 0.0000e+00
      3.366     -0.165     0.0427      0.382     54.132  40.338423    46.4400     2.5803     0.0852     3.4686 1.4842e+01     2.4398      3.301      4.787    11.9571 0.0000e+00
      3.322     -0.160     0.0417      0.389     53.635  40.032861    41.0400     2.5879     0.1278     3.5955 1.6449e+01     2.4247      3.258      4.726    12.0375 0.0000e+00
      3.282     -0.154     0.0408      0.394     53.067  39.671799    41.0400     2.5727     0.1278     3.5955 1.6694e+01     2.5607      3.219      4.668    12.1183 0.0000e+00
      3.244     -0.146     0.0405      0.402     52.420  39.252608    41.0400     2.5918     0.1278     3.5955 1.7105e+01     2.4701      3.182      4.614    12.1949 0.0000e+00
      3.209     -0.139     0.0409      0.412     51.747  38.818919    41.0400     2.5956     0.1278     3.5955 1.7997e+01     2.4096      3.147      4.564    12.2624 0.0000e+00
